 Col    Min     Max   Num      %     Mean    Mean   Resolution    Column
 num                Missing complete         abs.   Low    High   label 
   4   88.3  1844.7     0  100.00   637.2   637.2  54.62  15.08    FC
   4   29.6   949.0     0  100.00   298.1   298.1  15.08  10.87    FC
   4    3.8  1535.8     0  100.00   242.4   242.4  10.87   8.93    FC
   4    1.7   362.6     0  100.00   152.5   152.5   8.93   7.76    FC
   4   20.3   366.5     0  100.00   144.8   144.8   7.76   6.96    FC
   4    6.8   287.6     0  100.00   104.6   104.6   6.96   6.36    FC
   4    6.9   264.4     0  100.00    98.2    98.2   6.36   5.89    FC
   4    0.6   225.2     0  100.00    81.1    81.1   5.89   5.52    FC
   4    1.6   219.5     0  100.00    75.7    75.7   5.52   5.20    FC
   4    4.7   173.0     0  100.00    73.5    73.5   5.20   4.94    FC
   4   12.4   222.8     0  100.00    66.3    66.3   4.94   4.71    FC
   4    9.4   155.8     0  100.00    61.6    61.6   4.71   4.51    FC
   4    4.8   111.4     0  100.00    47.3    47.3   4.51   4.34    FC
   4    4.5   164.1     0  100.00    52.4    52.4   4.34   4.18    FC
   4    0.6   137.0     0  100.00    44.2    44.2   4.18   4.04    FC
   4    3.3   135.5     0  100.00    43.8    43.8   4.04   3.91    FC
   4    2.1   112.8     0  100.00    37.4    37.4   3.91   3.80    FC
   4    3.0   110.8     0  100.00    37.2    37.2   3.80   3.69    FC
   4    4.1    82.3     0  100.00    33.6    33.6   3.69   3.59    FC
   4    2.5    92.6     0  100.00    33.8    33.8   3.59   3.50    FC
