 Col    Min     Max   Num      %     Mean    Mean   Resolution    Column
 num                Missing complete         abs.   Low    High   label 
   4   46.6  1856.5     0  100.00   458.5   458.5  54.62  10.97    FC
   4    4.6  1560.2     0  100.00   200.3   200.3  10.97   7.84    FC
   4   16.2   348.4     0  100.00   128.4   128.4   7.84   6.42    FC
   4    2.5   261.7     0  100.00    92.2    92.2   6.42   5.57    FC
   4    2.5   222.6     0  100.00    74.9    74.9   5.57   4.99    FC
   4    1.2   218.6     0  100.00    65.7    65.7   4.99   4.56    FC
   4    3.0   136.0     0  100.00    52.0    52.0   4.56   4.22    FC
   4    1.4   164.5     0  100.00    44.5    44.5   4.22   3.95    FC
   4    0.5   141.5     0  100.00    38.5    38.5   3.95   3.72    FC
   4    0.4    96.4     0  100.00    32.7    32.7   3.72   3.53    FC
   4    1.7    95.9     0  100.00    32.8    32.8   3.53   3.37    FC
   4    2.8    75.1     0  100.00    29.7    29.7   3.37   3.23    FC
   4    0.9   167.0     0  100.00    26.1    26.1   3.23   3.10    FC
   4    1.7    76.5     0  100.00    26.0    26.0   3.10   2.99    FC
   4    0.2    85.4     0  100.00    24.3    24.3   2.99   2.89    FC
   4    0.5    62.9     0  100.00    22.4    22.4   2.89   2.80    FC
   4    0.6    89.4     0  100.00    19.7    19.7   2.80   2.71    FC
   4    0.5    79.4     0  100.00    19.3    19.3   2.71   2.64    FC
   4    0.9    80.3     0  100.00    19.7    19.7   2.64   2.57    FC
   4    0.4    48.3     0  100.00    18.0    18.0   2.57   2.50    FC
