0 3.68198
1 3.69296
2 3.70401
3 3.71521
4 3.72651
5 3.7379
6 3.74943
7 3.76104
8 3.77277
9 3.78462
10 3.7966
11 3.8087
12 3.82089
13 3.83324
14 3.8457
15 3.85828
16 3.87099
17 3.8838
18 3.89678
19 3.90987
20 3.92311
21 3.93647
22 3.94999
23 3.96363
24 3.97741
25 3.99135
26 4.00544
27 4.01964
28 4.03402
29 4.04856
30 4.06321
31 4.07806
32 4.09305
33 4.10821
34 4.12352
35 4.13903
36 4.15466
37 4.17051
38 4.18652
39 4.20267
40 4.21905
41 4.23559
42 4.25232
43 4.26921
44 4.2863
45 4.30359
46 4.32108
47 4.33878
48 4.35666
49 4.37474
50 4.39304
51 4.41156
52 4.4303
53 4.44922
54 4.4684
55 4.48777
56 4.5074
57 4.52723
58 4.54733
59 4.56762
60 4.58818
61 4.609
62 4.63006
63 4.65138
64 4.67298
65 4.69479
66 4.71688
67 4.73926
68 4.76193
69 4.78486
70 4.80805
71 4.83157
72 4.85536
73 4.87944
74 4.90385
75 4.92855
76 4.95357
77 4.97892
78 5.00456
79 5.03058
80 5.05689
81 5.08358
82 5.11058
83 5.13795
84 5.16569
85 5.19378
86 5.22223
87 5.25107
88 5.28031
89 5.30989
90 5.33993
91 5.37035
92 5.40117
93 5.4324
94 5.46407
95 5.49619
96 5.5287
97 5.56171
98 5.59513
99 5.62906
100 5.66348
101 5.6983
102 5.73363
103 5.76953
104 5.80585
105 5.84277
106 5.88017
107 5.91808
108 5.95655
109 5.99564
110 6.03524
111 6.07541
112 6.1162
113 6.15749
114 6.19947
115 6.24206
116 6.28528
117 6.32915
118 6.37368
119 6.41881
120 6.46475
121 6.51124
122 6.55851
123 6.60648
124 6.65521
125 6.70462
126 6.75483
127 6.80584
128 6.8576
129 6.91021
130 6.96357
131 7.01785
132 7.07292
133 7.12883
134 7.18573
135 7.24351
136 7.30211
137 7.36174
138 7.42225
139 7.48382
140 7.54633
141 7.60989
142 7.67448
143 7.74006
144 7.80675
145 7.87461
146 7.94351
147 8.0135
148 8.08473
149 8.15718
150 8.2308
151 8.30557
152 8.38169
153 8.45906
154 8.53777
155 8.61779
156 8.69914
157 8.78192
158 8.86608
159 8.95179
160 9.03881
161 9.12745
162 9.2176
163 9.30931
164 9.40259
165 9.49753
166 9.5941
167 9.69235
168 9.79236
169 9.89413
170 9.99768
171 10.1031
172 10.2104
173 10.3196
174 10.4306
175 10.5436
176 10.6589
177 10.776
178 10.8952
179 11.0167
180 11.1404
181 11.2661
182 11.3942
183 11.5246
184 11.6574
185 11.7927
186 11.9302
187 12.0704
188 12.2131
189 12.3583
190 12.5064
191 12.6569
192 12.8103
193 12.9666
194 13.1255
195 13.2875
196 13.4522
197 13.6201
198 13.791
199 13.965
200 14.1422
201 14.3226
202 14.5063
203 14.6932
204 14.8835
205 15.0773
206 15.2747
207 15.4756
208 15.6799
209 15.888
210 16.0998
211 16.3154
212 16.5348
213 16.7582
214 16.9853
215 17.2165
216 17.4516
217 17.691
218 17.9343
219 18.1818
220 18.4335
221 18.6896
222 18.95
223 19.2146
224 19.4837
225 19.7571
226 20.0351
227 20.3175
228 20.6044
229 20.8958
230 21.1918
231 21.4923
232 21.7973
233 22.1072
234 22.4215
235 22.7404
236 23.0636
237 23.3917
238 23.7242
239 24.0613
240 24.4026
241 24.7488
242 25.0993
243 25.454
244 25.8127
245 26.1762
246 26.5435
247 26.9149
248 27.2904
249 27.6695
250 28.0523
251 28.439
252 28.8288
253 29.2221
254 29.6188
255 30.018
256 30.4202
257 30.8252
258 31.2322
259 31.6419
260 32.0531
261 32.4658
262 32.8802
263 33.296
264 33.712
265 34.1289
266 34.5463
267 34.9633
268 35.38
269 35.7961
270 36.2106
271 36.6239
272 37.035
273 37.4442
274 37.8504
275 38.2535
276 38.6531
277 39.0488
278 39.4399
279 39.8259
280 40.2066
281 40.5816
282 40.9503
283 41.3121
284 41.6666
285 42.0135
286 42.3522
287 42.6823
288 43.0031
289 43.3141
290 43.6155
291 43.906
292 44.1855
293 44.4541
294 44.7104
295 44.9548
296 45.1863
297 45.4051
298 45.6105
299 45.8021
300 45.9799
301 46.1434
302 46.2923
303 46.4263
304 46.5455
305 46.6494
306 46.7381
307 46.811
308 46.8685
309 46.9101
310 46.936
311 46.946
312 46.9403
313 46.9189
314 46.8817
315 46.8288
316 46.7605
317 46.6768
318 46.578
319 46.4641
320 46.3354
321 46.192
322 46.0345
323 45.8631
324 45.6778
325 45.4791
326 45.2678
327 45.0436
328 44.8073
329 44.559
330 44.2993
331 44.0289
332 43.7475
333 43.4563
334 43.1554
335 42.8455
336 42.5265
337 42.1992
338 41.8644
339 41.5221
340 41.1731
341 40.8174
342 40.457
343 40.09
344 39.718
345 39.3415
346 38.9609
347 38.5764
348 38.1887
349 37.7981
350 37.405
351 37.0099
352 36.6132
353 36.2152
354 35.816
355 35.4163
356 35.0164
357 34.6166
358 34.217
359 33.8182
360 33.4202
361 33.0236
362 32.6284
363 32.235
364 31.8435
365 31.4539
366 31.067
367 30.6826
368 30.3008
369 29.9221
370 29.5463
371 29.1743
372 28.8051
373 28.4407
374 28.0787
375 27.7208
376 27.3662
377 27.0158
378 26.6695
379 26.3272
380 25.9889
381 25.6548
382 25.3255
383 24.9997
384 24.6786
385 24.3621
386 24.0494
387 23.7414
388 23.4379
389 23.1387
390 22.8438
391 22.5536
392 22.2676
393 21.986
394 21.7087
395 21.4357
396 21.1673
397 20.9028
398 20.6429
399 20.3873
400 20.1358
401 19.8884
402 19.6453
403 19.406
404 19.1709
405 18.9406
406 18.7134
407 18.4904
408 18.271
409 18.0554
410 17.8437
411 17.6359
412 17.4314
413 17.2309
414 17.0337
415 16.8403
416 16.6502
417 16.4635
418 16.2803
419 16.1003
420 15.9237
421 15.7501
422 15.5799
423 15.4127
424 15.2486
425 15.0874
426 14.9294
427 14.7742
428 14.6218
429 14.4724
430 14.3256
431 14.1816
432 14.0403
433 13.9015
434 13.7654
435 13.6319
436 13.5008
437 13.3726
438 13.2463
439 13.1225
440 13.0009
441 12.8816
442 12.7647
443 12.6497
444 12.5371
445 12.4266
446 12.3181
447 12.2116
448 12.1072
449 12.0048
450 11.9042
451 11.8056
452 11.7088
453 11.6138
454 11.5207
455 11.4294
456 11.3397
457 11.2517
458 11.1654
459 11.0807
460 10.9977
461 10.9162
462 10.8362
463 10.7579
464 10.681
465 10.6055
466 10.5315
467 10.459
468 10.3877
469 10.3181
470 10.2496
471 10.1824
472 10.1165
473 10.0519
474 9.98847
475 9.92633
476 9.86537
477 9.80565
478 9.74706
479 9.68956
480 9.63322
481 9.57796
482 9.52384
483 9.47076
484 9.41872
485 9.36773
486 9.31775
487 9.26877
488 9.22073
489 9.17369
490 9.12757
491 9.08241
492 9.03816
493 8.99482
494 8.95239
495 8.91075
496 8.87001
497 8.83014
498 8.79112
499 8.75288
500 8.71545
501 8.67884
502 8.64308
503 8.60801
504 8.57369
505 8.54011
506 8.50731
507 8.47519
508 8.44379
509 8.41311
510 8.38312
511 8.35384
512 8.32515
513 8.2972
514 8.26987
515 8.2432
516 8.2172
517 8.19176
518 8.16698
519 8.14283
520 8.11925
521 8.09626
522 8.07391
523 8.05212
524 8.03086
525 8.01022
526 7.99007
527 7.97056
528 7.95149
529 7.93303
530 7.91509
531 7.89768
532 7.88077
533 7.86437
534 7.8485
535 7.8331
536 7.81822
537 7.8038
538 7.78988
539 7.77644
540 7.76344
541 7.75095
542 7.73888
543 7.72728
544 7.71614
545 7.70542
546 7.69517
547 7.68533
548 7.67596
549 7.66696
550 7.65845
551 7.65032
552 7.64261
553 7.6353
554 7.62842
555 7.62189
556 7.6158
557 7.61012
558 7.60479
559 7.59985
560 7.59532
561 7.59114
562 7.58737
563 7.58396
564 7.58088
565 7.57819
566 7.57585
567 7.57391
568 7.57229
569 7.57101
570 7.57007
571 7.56948
572 7.56924
573 7.56935
574 7.56978
575 7.57056
576 7.57163
577 7.57306
578 7.57479
579 7.57683
580 7.57919
581 7.5819
582 7.5849
583 7.5882
584 7.59182
585 7.59571
586 7.59989
587 7.60439
588 7.60917
589 7.61423
590 7.61959
591 7.62525
592 7.63114
593 7.63733
594 7.64378
595 7.65051
596 7.65752
597 7.66476
598 7.6723
599 7.68007
600 7.68808
601 7.69635
602 7.70487
603 7.71359
604 7.72261
605 7.73187
606 7.74133
607 7.75103
608 7.76096
609 7.7711
610 7.78148
611 7.79207
612 7.80283
613 7.81384
614 7.82507
615 7.83645
616 7.84807
617 7.85983
618 7.87183
619 7.88399
620 7.89633
621 7.90884
622 7.92153
623 7.93439
624 7.94741
625 7.96058
626 7.97391
627 7.9874
628 8.00101
629 8.01473
630 8.02867
631 8.04267
632 8.05679
633 8.07109
634 8.08544
635 8.09992
636 8.11451
637 8.12919
638 8.1439
639 8.15877
640 8.17373
641 8.18875
642 8.20382
643 8.21899
644 8.23415
645 8.24943
646 8.26474
647 8.28008
648 8.29547
649 8.31088
650 8.3263
651 8.34176
652 8.35722
653 8.37265
654 8.38811
655 8.40354
656 8.41893
657 8.43432
658 8.4497
659 8.46502
660 8.48027
661 8.49549
662 8.51064
663 8.52572
664 8.54077
665 8.5557
666 8.57051
667 8.58527
668 8.59992
669 8.61443
670 8.62887
671 8.64314
672 8.6573
673 8.67131
674 8.68508
675 8.69878
676 8.71233
677 8.72568
678 8.73886
679 8.75188
680 8.76469
681 8.77731
682 8.78972
683 8.80194
684 8.81389
685 8.82563
686 8.83716
687 8.84841
688 8.85945
689 8.87018
690 8.88069
691 8.89092
692 8.90086
693 8.91051
694 8.9199
695 8.92894
696 8.93772
697 8.94619
698 8.95435
699 8.96216
700 8.96967
701 8.97685
702 8.98368
703 8.99016
704 8.99629
705 9.00208
706 9.00752
707 9.01258
708 9.01731
709 9.02163
710 9.0256
711 9.02913
712 9.03229
713 9.03513
714 9.0375
715 9.03953
716 9.04117
717 9.04236
718 9.04319
719 9.04363
720 9.04363
721 9.04321
722 9.04244
723 9.04118
724 9.03955
725 9.03751
726 9.03505
727 9.03216
728 9.02883
729 9.0251
730 9.02101
731 9.01641
732 9.01147
733 9.00606
734 9.00027
735 8.99407
736 8.98744
737 8.98039
738 8.97295
739 8.96507
740 8.9568
741 8.94814
742 8.93908
743 8.92962
744 8.91976
745 8.90949
746 8.89881
747 8.8878
748 8.87639
749 8.86462
750 8.85243
751 8.83991
752 8.82698
753 8.81374
754 8.80013
755 8.78614
756 8.7718
757 8.75713
758 8.74214
759 8.72683
760 8.71112
761 8.69515
762 8.67885
763 8.66225
764 8.64532
765 8.62812
766 8.6106
767 8.59281
768 8.57474
769 8.55639
770 8.53776
771 8.5189
772 8.49975
773 8.48039
774 8.46076
775 8.44088
776 8.42075
777 8.40044
778 8.37992
779 8.35917
780 8.33822
781 8.31706
782 8.29573
783 8.27418
784 8.25247
785 8.23062
786 8.20855
787 8.1864
788 8.16407
789 8.14155
790 8.1189
791 8.09615
792 8.07325
793 8.05024
794 8.02709
795 8.00381
796 7.98048
797 7.95705
798 7.93348
799 7.90989
800 7.88617
801 7.86244
802 7.83856
803 7.81467
804 7.79072
805 7.76672
806 7.74265
807 7.71853
808 7.69441
809 7.67025
810 7.64605
811 7.62185
812 7.59763
813 7.57343
814 7.54917
815 7.52491
816 7.5007
817 7.47646
818 7.45223
819 7.42804
820 7.40387
821 7.37973
822 7.35558
823 7.33148
824 7.30742
825 7.28341
826 7.2595
827 7.23557
828 7.21169
829 7.18788
830 7.16411
831 7.14038
832 7.11674
833 7.09316
834 7.06964
835 7.04621
836 7.02283
837 6.99955
838 6.97633
839 6.9532
840 6.93016
841 6.90723
842 6.88436
843 6.86156
844 6.83889
845 6.81628
846 6.7938
847 6.7714
848 6.74912
849 6.72692
850 6.70483
851 6.68285
852 6.66097
853 6.6392
854 6.61754
855 6.596
856 6.57456
857 6.55326
858 6.53205
859 6.51096
860 6.48998
861 6.46912
862 6.44838
863 6.42776
864 6.40725
865 6.38688
866 6.36667
867 6.34656
868 6.32652
869 6.30663
870 6.28687
871 6.26721
872 6.24769
873 6.22831
874 6.20903
875 6.18991
876 6.17088
877 6.15198
878 6.1332
879 6.11457
880 6.09604
881 6.07763
882 6.05939
883 6.04126
884 6.02325
885 6.00537
886 5.98759
887 5.96996
888 5.95243
889 5.93506
890 5.91782
891 5.90068
892 5.88368
893 5.86679
894 5.85001
895 5.8334
896 5.81686
897 5.80049
898 5.7842
899 5.76806
900 5.75203
901 5.73615
902 5.72037
903 5.70468
904 5.68917
905 5.67373
906 5.65844
907 5.64324
908 5.62822
909 5.61328
910 5.59845
911 5.58373
912 5.56912
913 5.55465
914 5.54026
915 5.52601
916 5.51186
917 5.49783
918 5.4839
919 5.47012
920 5.45641
921 5.44284
922 5.42937
923 5.41598
924 5.40272
925 5.38958
926 5.37652
927 5.36357
928 5.35075
929 5.33801
930 5.32539
931 5.31286
932 5.30045
933 5.28813
934 5.27592
935 5.2638
936 5.25179
937 5.23985
938 5.22805
939 5.21632
940 5.2047
941 5.19316
942 5.18174
943 5.17041
944 5.15914
945 5.148
946 5.13694
947 5.12598
948 5.11508
949 5.10434
950 5.09366
951 5.08305
952 5.07253
953 5.06208
954 5.05176
955 5.04149
956 5.03132
957 5.02124
958 5.01125
959 5.00134
960 4.9915
961 4.98174
962 4.97208
963 4.96247
964 4.95297
965 4.94353
966 4.93421
967 4.92492
968 4.91574
969 4.90659
970 4.89756
971 4.8886
972 4.87971
973 4.8709
974 4.86215
975 4.8535
976 4.84488
977 4.83637
978 4.8279
979 4.81953
980 4.81121
981 4.80296
982 4.79479
983 4.78668
984 4.77864
985 4.77066
986 4.76277
987 4.75492
988 4.74714
989 4.73944
990 4.73178
991 4.72419
992 4.71668
993 4.70923
994 4.70182
995 4.6945
996 4.6872
997 4.67998
998 4.67284
999 4.66574
1000 4.65872
1001 4.65173
1002 4.64481
1003 4.63794
1004 4.63113
1005 4.62437
1006 4.6177
1007 4.61103
1008 4.60447
1009 4.5979
1010 4.59141
1011 4.58497
1012 4.5786
1013 4.57226
1014 4.56601
1015 4.55977
1016 4.5536
1017 4.54745
1018 4.54138
1019 4.53539
1020 4.5294
1021 4.52348
1022 4.51758
1023 4.51174
1024 4.50595
1025 4.5002
1026 4.49454
1027 4.48885
1028 4.48326
1029 4.47767
1030 4.47217
1031 4.46673
1032 4.46127
1033 4.45587
1034 4.45053
1035 4.44523
1036 4.43995
1037 4.43474
1038 4.4296
1039 4.42445
1040 4.41934
1041 4.41426
1042 4.40926
1043 4.40426
1044 4.39932
1045 4.39443
1046 4.38956
1047 4.38471
1048 4.37993
1049 4.37518
1050 4.37046
1051 4.36574
1052 4.36112
1053 4.35651
1054 4.35191
1055 4.34738
1056 4.34287
1057 4.33841
1058 4.33395
1059 4.32954
1060 4.32518
1061 4.32084
1062 4.31651
1063 4.31224
1064 4.308
1065 4.30378
1066 4.29961
1067 4.29542
1068 4.29132
1069 4.28723
1070 4.28315
1071 4.27912
1072 4.27512
1073 4.27113
1074 4.26721
1075 4.26327
1076 4.25938
1077 4.25552
1078 4.2517
1079 4.24789
1080 4.24409
1081 4.24035
1082 4.23662
1083 4.2329
1084 4.22922
1085 4.22558
1086 4.22196
1087 4.21836
1088 4.21479
1089 4.21124
1090 4.2077
1091 4.2042
1092 4.20074
1093 4.19727
1094 4.19385
1095 4.19045
1096 4.18704
1097 4.1837
1098 4.18037
1099 4.17704
1100 4.17376
1101 4.17044
1102 4.16723
1103 4.16398
1104 4.16075
1105 4.15759
1106 4.15443
1107 4.15128
1108 4.14816
1109 4.14504
1110 4.14195
1111 4.13889
1112 4.13585
1113 4.13282
1114 4.12979
1115 4.12679
1116 4.12384
1117 4.1209
1118 4.11795
1119 4.11502
1120 4.11214
1121 4.10926
1122 4.10639
1123 4.10354
1124 4.10071
1125 4.0979
1126 4.0951
1127 4.09232
1128 4.08956
1129 4.08683
1130 4.08406
1131 4.08137
1132 4.07867
1133 4.076
1134 4.07333
1135 4.07066
1136 4.06801
1137 4.0654
1138 4.06277
1139 4.06019
1140 4.05761
1141 4.05504
1142 4.05249
1143 4.04995
1144 4.04743
1145 4.04495
1146 4.04242
1147 4.03993
1148 4.03747
1149 4.03501
1150 4.03256
1151 4.03013
1152 4.02773
1153 4.02533
1154 4.02292
1155 4.02055
1156 4.01816
1157 4.01581
1158 4.01348
1159 4.01111
1160 4.00882
1161 4.0065
1162 4.0042
1163 4.0019
1164 3.99963
1165 3.99735
1166 3.99511
1167 3.99286
1168 3.99064
1169 3.9884
1170 3.98617
1171 3.98399
1172 3.98178
1173 3.9796
1174 3.97742
1175 3.97525
1176 3.9731
1177 3.97095
1178 3.96882
1179 3.96667
1180 3.96458
1181 3.96246
1182 3.96036
1183 3.95825
1184 3.95617
1185 3.95409
1186 3.95202
1187 3.94997
1188 3.94792
1189 3.94586
1190 3.94384
1191 3.9418
1192 3.93979
1193 3.93776
1194 3.93577
1195 3.93378
1196 3.93178
1197 3.92979
1198 3.92782
1199 3.92586
1200 3.92389
1201 3.92193
1202 3.91998
1203 3.91802
1204 3.91613
1205 3.91419
1206 3.91227
1207 3.91036
1208 3.90844
1209 3.90654
1210 3.90463
1211 3.90276
1212 3.90088
1213 3.89898
1214 3.89713
1215 3.89525
1216 3.8934
1217 3.89153
1218 3.88968
1219 3.88783
1220 3.88601
1221 3.88417
1222 3.88234
1223 3.88051
1224 3.8787
1225 3.87688
1226 3.87506
1227 3.87325
1228 3.87146
1229 3.86967
1230 3.86786
1231 3.86609
1232 3.86429
1233 3.86254
1234 3.86074
1235 3.85897
1236 3.85721
1237 3.85545
1238 3.85368
1239 3.85193
1240 3.85019
1241 3.84843
1242 3.84669
1243 3.84495
1244 3.84322
1245 3.84147
1246 3.83976
1247 3.83802
1248 3.83632
1249 3.83459
1250 3.83288
1251 3.83115
1252 3.82945
1253 3.82776
1254 3.82605
1255 3.82434
1256 3.82264
1257 3.82095
1258 3.81927
1259 3.81758
1260 3.81588
1261 3.81422
1262 3.81252
1263 3.81085
1264 3.80917
1265 3.80749
1266 3.80583
1267 3.80415
1268 3.80249
1269 3.80082
1270 3.79915
1271 3.79751
1272 3.79583
1273 3.79419
1274 3.79254
1275 3.79086
1276 3.78923
1277 3.78757
1278 3.78594
1279 3.78429
1280 3.78264
1281 3.78099
1282 3.77935
1283 3.77771
1284 3.77606
1285 3.77445
1286 3.77281
1287 3.77116
1288 3.76955
1289 3.76789
1290 3.76626
1291 3.76463
1292 3.76301
1293 3.76137
1294 3.75974
1295 3.75811
1296 3.7565
1297 3.75486
1298 3.75323
1299 3.75163
1300 3.75
1301 3.74838
1302 3.74676
1303 3.74516
1304 3.74353
1305 3.7419
1306 3.7403
1307 3.73867
1308 3.73707
1309 3.73542
1310 3.73382
1311 3.73221
1312 3.73059
1313 3.72898
1314 3.72738
1315 3.72576
1316 3.72413
1317 3.72252
1318 3.72093
1319 3.71931
1320 3.71769
1321 3.71607
1322 3.71447
1323 3.71287
1324 3.71124
1325 3.70962
1326 3.70803
1327 3.7064
1328 3.7048
1329 3.70318
1330 3.70156
1331 3.69995
1332 3.69834
1333 3.69672
1334 3.69512
1335 3.69351
1336 3.69187
1337 3.69025
1338 3.68865
1339 3.68702
1340 3.68542
1341 3.68379
1342 3.68219
1343 3.68057
1344 3.67893
1345 3.67732
1346 3.6757
1347 3.67408
1348 3.67246
1349 3.67085
1350 3.66921
1351 3.66758
1352 3.66596
1353 3.66434
1354 3.66271
1355 3.66109
1356 3.65945
1357 3.65782
1358 3.65619
1359 3.65456
1360 3.65295
1361 3.6513
1362 3.64966
1363 3.64806
1364 3.64641
1365 3.64475
1366 3.64314
1367 3.64148
1368 3.63986
1369 3.63822
1370 3.63657
1371 3.63494
1372 3.63329
1373 3.63165
1374 3.63
1375 3.62836
1376 3.62672
1377 3.62506
1378 3.6234
1379 3.62175
1380 3.6201
1381 3.61844
1382 3.6168
1383 3.61514
1384 3.61349
1385 3.61182
1386 3.61016
1387 3.60849
1388 3.60683
1389 3.60517
1390 3.6035
1391 3.60184
1392 3.60018
1393 3.59851
1394 3.59683
1395 3.59515
1396 3.59348
1397 3.59179
1398 3.59014
1399 3.58845
1400 3.58678
1401 3.58509
1402 3.58339
1403 3.58171
1404 3.58003
1405 3.57834
1406 3.57665
1407 3.57495
1408 3.57326
1409 3.57155
1410 3.56985
1411 3.56817
1412 3.56646
1413 3.56476
1414 3.56304
1415 3.56135
1416 3.55964
1417 3.55794
1418 3.55622
1419 3.55451
1420 3.5528
1421 3.55109
1422 3.54936
1423 3.54764
1424 3.54593
1425 3.54421
1426 3.54248
1427 3.54076
1428 3.53903
1429 3.53729
1430 3.53555
1431 3.53382
1432 3.53209
1433 3.53036
1434 3.52863
1435 3.52687
1436 3.52513
1437 3.52338
1438 3.52163
1439 3.51989
1440 3.51814
1441 3.51638
1442 3.51463
1443 3.51288
1444 3.51112
1445 3.50934
1446 3.50759
1447 3.50582
1448 3.50407
1449 3.5023
1450 3.50052
1451 3.49878
1452 3.49699
1453 3.49521
1454 3.49343
1455 3.49164
1456 3.48986
1457 3.48808
1458 3.4863
1459 3.48451
1460 3.48272
1461 3.48093
1462 3.47914
1463 3.47735
1464 3.47553
1465 3.47374
1466 3.47196
1467 3.47015
1468 3.46834
1469 3.46654
1470 3.46473
1471 3.46289
1472 3.46109
1473 3.45928
1474 3.45745
1475 3.45562
1476 3.4538
1477 3.45197
1478 3.45017
1479 3.44835
1480 3.44651
1481 3.44465
1482 3.44284
1483 3.441
1484 3.43916
1485 3.43731
1486 3.43548
1487 3.43363
1488 3.4318
1489 3.42995
1490 3.42811
1491 3.42624
1492 3.4244
1493 3.42253
1494 3.42068
1495 3.4188
1496 3.41697
1497 3.4151
1498 3.41322
1499 3.41135
1500 3.40948
1501 3.40762
1502 3.40575
1503 3.40386
1504 3.40199
1505 3.40009
1506 3.39823
1507 3.39633
1508 3.39444
1509 3.39258
1510 3.39067
1511 3.38878
1512 3.38688
1513 3.38499
1514 3.3831
1515 3.38119
1516 3.37927
1517 3.37737
1518 3.37545
1519 3.37357
1520 3.37164
1521 3.36972
1522 3.36782
1523 3.36591
1524 3.36398
1525 3.36206
1526 3.36015
1527 3.35821
1528 3.35629
1529 3.35436
1530 3.35242
1531 3.35049
1532 3.34855
1533 3.34662
1534 3.34468
1535 3.34273
1536 3.34079
1537 3.33886
1538 3.3369
1539 3.33494
1540 3.333
1541 3.33103
1542 3.32909
1543 3.32712
1544 3.32517
1545 3.3232
1546 3.32125
1547 3.31929
1548 3.31732
1549 3.31536
1550 3.31338
1551 3.31142
1552 3.30943
1553 3.30745
1554 3.30548
1555 3.30349
1556 3.30152
1557 3.29953
1558 3.29755
1559 3.29556
1560 3.29356
1561 3.29159
1562 3.28959
1563 3.28757
1564 3.28559
1565 3.2836
1566 3.28158
1567 3.27958
1568 3.27758
1569 3.27559
1570 3.27357
1571 3.27155
1572 3.26955
1573 3.26753
1574 3.26551
1575 3.26349
1576 3.26149
1577 3.25946
1578 3.25743
1579 3.2554
1580 3.25339
1581 3.25137
1582 3.24934
1583 3.24729
1584 3.24526
1585 3.24322
1586 3.24117
1587 3.23916
1588 3.23709
1589 3.23505
1590 3.23299
1591 3.23096
1592 3.22892
1593 3.22688
1594 3.22482
1595 3.22278
1596 3.22072
1597 3.21867
1598 3.2166
1599 3.21453
1600 3.21248
1601 3.21041
1602 3.20836
1603 3.20627
1604 3.20422
1605 3.20213
1606 3.20006
1607 3.19798
1608 3.19591
1609 3.19383
1610 3.19175
1611 3.18967
1612 3.1876
1613 3.18551
1614 3.18343
1615 3.18135
1616 3.17927
1617 3.17717
1618 3.17506
1619 3.17298
1620 3.17088
1621 3.16879
1622 3.1667
1623 3.1646
1624 3.16249
1625 3.1604
1626 3.15829
1627 3.15619
1628 3.15409
1629 3.15198
1630 3.14985
1631 3.14777
1632 3.14564
1633 3.14353
1634 3.14142
1635 3.1393
1636 3.13717
1637 3.13507
1638 3.13293
1639 3.13082
1640 3.12868
1641 3.12657
1642 3.12443
1643 3.12229
1644 3.12017
1645 3.11804
1646 3.11591
1647 3.11378
1648 3.11163
1649 3.1095
1650 3.10738
1651 3.10523
1652 3.1031
1653 3.10094
1654 3.0988
1655 3.09665
1656 3.0945
1657 3.09237
1658 3.09022
1659 3.08806
1660 3.08591
1661 3.08377
1662 3.08161
1663 3.07946
1664 3.07728
1665 3.07513
1666 3.07299
1667 3.07083
1668 3.06866
1669 3.06648
1670 3.06434
1671 3.06217
1672 3.05999
1673 3.05783
1674 3.05567
1675 3.0535
1676 3.05133
1677 3.04914
1678 3.04696
1679 3.04477
1680 3.04261
1681 3.04043
1682 3.03825
1683 3.03607
1684 3.03389
1685 3.03171
1686 3.02954
1687 3.02734
1688 3.02516
1689 3.02297
1690 3.0208
1691 3.01861
1692 3.01641
1693 3.01422
1694 3.01202
1695 3.00983
1696 3.00765
1697 3.00545
1698 3.00326
1699 3.00105
1700 2.99885
1701 2.99668
1702 2.99444
1703 2.99226
1704 2.99005
1705 2.98785
1706 2.98565
1707 2.98344
1708 2.98124
1709 2.97903
1710 2.97682
1711 2.97462
1712 2.97239
1713 2.97019
1714 2.96799
1715 2.96577
1716 2.96356
1717 2.96134
1718 2.95913
1719 2.95692
1720 2.95469
1721 2.95249
1722 2.95028
1723 2.94804
1724 2.94583
1725 2.94361
1726 2.94139
1727 2.93916
1728 2.93693
1729 2.93471
1730 2.93249
1731 2.93027
1732 2.92804
1733 2.92582
1734 2.92358
1735 2.92137
1736 2.91915
1737 2.91689
1738 2.91466
1739 2.91243
1740 2.91019
1741 2.90796
1742 2.90573
1743 2.90352
1744 2.90126
1745 2.89902
1746 2.8968
1747 2.89454
1748 2.89232
1749 2.89008
1750 2.88784
1751 2.8856
1752 2.88337
1753 2.88112
1754 2.87888
1755 2.87664
1756 2.8744
1757 2.87217
1758 2.86991
1759 2.86766
1760 2.86542
1761 2.86317
1762 2.86093
1763 2.8587
1764 2.85644
1765 2.85419
1766 2.85193
1767 2.8497
1768 2.84743
1769 2.84519
1770 2.84295
1771 2.84071
1772 2.83843
1773 2.83618
1774 2.83392
1775 2.83169
1776 2.82944
1777 2.82718
1778 2.82492
1779 2.82267
1780 2.82042
1781 2.81815
1782 2.81592
1783 2.81366
1784 2.8114
1785 2.80915
1786 2.80687
1787 2.80461
1788 2.80237
1789 2.80011
1790 2.79787
1791 2.79561
1792 2.79332
1793 2.79106
1794 2.78881
1795 2.78655
1796 2.78429
1797 2.78203
1798 2.77976
1799 2.77752
1800 2.77525
1801 2.77298
1802 2.77073
1803 2.76847
1804 2.76622
1805 2.76394
1806 2.76168
1807 2.75941
1808 2.75715
1809 2.75488
1810 2.75265
1811 2.75038
1812 2.74809
1813 2.74584
1814 2.74357
1815 2.74132
1816 2.73903
1817 2.73678
1818 2.73451
1819 2.73225
1820 2.72999
1821 2.72772
1822 2.72546
1823 2.7232
1824 2.72092
1825 2.71865
1826 2.71638
1827 2.71412
1828 2.71185
1829 2.70959
1830 2.70733
1831 2.70506
1832 2.70278
1833 2.70052
1834 2.69826
1835 2.69598
1836 2.69372
1837 2.69144
1838 2.68918
1839 2.68691
1840 2.68465
1841 2.68238
1842 2.68012
1843 2.67785
1844 2.67559
1845 2.67332
1846 2.67104
1847 2.66878
1848 2.66654
1849 2.66425
1850 2.662
1851 2.65973
1852 2.65745
1853 2.6552
1854 2.65292
1855 2.65066
1856 2.64839
1857 2.64613
1858 2.64386
1859 2.6416
1860 2.63933
1861 2.63706
1862 2.63479
1863 2.63254
1864 2.63027
1865 2.628
1866 2.62574
1867 2.62347
1868 2.62122
1869 2.61896
1870 2.61669
1871 2.61443
1872 2.61218
1873 2.6099
1874 2.60764
1875 2.60538
1876 2.6031
1877 2.60085
1878 2.59859
1879 2.59632
1880 2.59406
1881 2.59181
1882 2.58954
1883 2.58727
1884 2.58503
1885 2.58276
1886 2.58051
1887 2.57825
1888 2.57598
1889 2.57373
1890 2.57147
1891 2.56921
1892 2.56695
1893 2.56469
1894 2.56242
1895 2.56019
1896 2.55792
1897 2.55565
1898 2.55339
1899 2.55116
1900 2.54889
1901 2.54663
1902 2.54439
1903 2.54213
1904 2.53989
1905 2.53762
1906 2.53537
1907 2.53311
1908 2.53088
1909 2.52861
1910 2.52637
1911 2.52412
1912 2.52188
1913 2.51961
1914 2.51738
1915 2.51511
1916 2.51288
1917 2.51062
1918 2.50837
1919 2.50614
1920 2.50389
1921 2.50164
1922 2.49939
1923 2.49715
1924 2.49489
1925 2.49265
1926 2.49042
1927 2.48818
1928 2.48593
1929 2.48368
1930 2.48145
1931 2.4792
1932 2.47697
1933 2.47472
1934 2.47249
1935 2.47025
1936 2.468
1937 2.46577
1938 2.46353
1939 2.4613
1940 2.45906
1941 2.45683
1942 2.4546
1943 2.45234
1944 2.45013
1945 2.4479
1946 2.44567
1947 2.44344
1948 2.44119
1949 2.43896
1950 2.43674
1951 2.43451
1952 2.43228
1953 2.43006
1954 2.42782
1955 2.42561
1956 2.42339
1957 2.42115
1958 2.41894
1959 2.4167
1960 2.41449
1961 2.41226
1962 2.41004
1963 2.40782
1964 2.4056
1965 2.40338
1966 2.40117
1967 2.39895
1968 2.39673
1969 2.3945
1970 2.39231
1971 2.39008
1972 2.38787
1973 2.38565
1974 2.38344
1975 2.38122
1976 2.37902
1977 2.37682
1978 2.3746
1979 2.37239
1980 2.37019
1981 2.36797
1982 2.36578
1983 2.36357
1984 2.36136
1985 2.35915
1986 2.35697
1987 2.35474
1988 2.35254
1989 2.35034
1990 2.34815
1991 2.34595
1992 2.34375
1993 2.34155
1994 2.33936
1995 2.33717
1996 2.33498
1997 2.33278
1998 2.33058
1999 2.32838
2000 2.3262
2001 2.32401
2002 2.3218
2003 2.31964
2004 2.31742
2005 2.31525
2006 2.31307
2007 2.31089
2008 2.30869
2009 2.30652
2010 2.30433
2011 2.30216
2012 2.29997
2013 2.29779
2014 2.29561
2015 2.29345
2016 2.29126
2017 2.28907
2018 2.28692
2019 2.28472
2020 2.28256
2021 2.28039
2022 2.27821
2023 2.27604
2024 2.27387
2025 2.27171
2026 2.26955
2027 2.26737
2028 2.26523
2029 2.26305
2030 2.26087
2031 2.25874
2032 2.25656
2033 2.2544
2034 2.25224
2035 2.25009
2036 2.24793
2037 2.24578
2038 2.24362
2039 2.24145
2040 2.2393
2041 2.23716
2042 2.23501
2043 2.23286
2044 2.2307
2045 2.22857
2046 2.22641
2047 2.22426
2048 2.22212
2049 2.21997
2050 2.21784
2051 2.21569
2052 2.21356
2053 2.21142
2054 2.20929
2055 2.20715
2056 2.20501
2057 2.20286
2058 2.20073
2059 2.19861
2060 2.19646
2061 2.19434
2062 2.1922
2063 2.19009
2064 2.18795
2065 2.18583
2066 2.1837
2067 2.18158
2068 2.17946
2069 2.17734
2070 2.17522
2071 2.1731
2072 2.17098
2073 2.16887
2074 2.16675
2075 2.16462
2076 2.16252
2077 2.16039
2078 2.15829
2079 2.15619
2080 2.15407
2081 2.15197
2082 2.14985
2083 2.14775
2084 2.14564
2085 2.14356
2086 2.14145
2087 2.13935
2088 2.13724
2089 2.13515
2090 2.13305
2091 2.13095
2092 2.12887
2093 2.12676
2094 2.12467
2095 2.12258
2096 2.1205
2097 2.1184
2098 2.11632
2099 2.11424
2100 2.11214
2101 2.11007
2102 2.10798
2103 2.10589
2104 2.10382
2105 2.10173
2106 2.09966
2107 2.09759
2108 2.09551
2109 2.09343
2110 2.09136
2111 2.08928
2112 2.08721
2113 2.08515
2114 2.08309
2115 2.08102
2116 2.07894
2117 2.07689
2118 2.07481
2119 2.07278
2120 2.0707
2121 2.06864
2122 2.06659
2123 2.06455
2124 2.06246
2125 2.06041
2126 2.05838
2127 2.05632
2128 2.05426
2129 2.05222
2130 2.05019
2131 2.04812
2132 2.04609
2133 2.04403
2134 2.042
2135 2.03996
2136 2.0379
2137 2.03588
2138 2.03384
2139 2.0318
2140 2.02977
2141 2.02773
2142 2.02572
2143 2.02369
2144 2.02163
2145 2.01963
2146 2.01759
2147 2.01558
2148 2.01355
2149 2.01153
2150 2.00951
2151 2.00749
2152 2.00547
2153 2.00346
2154 2.00144
2155 1.99942
2156 1.99741
2157 1.99541
2158 1.99339
2159 1.99137
2160 1.98936
2161 1.98737
2162 1.98538
2163 1.98335
2164 1.98135
2165 1.97936
2166 1.97736
2167 1.97536
2168 1.97336
2169 1.97136
2170 1.96938
2171 1.96738
2172 1.96539
2173 1.9634
2174 1.96141
2175 1.95943
2176 1.95746
2177 1.95545
2178 1.95347
2179 1.9515
2180 1.94952
2181 1.94754
2182 1.94556
2183 1.94359
2184 1.9416
2185 1.93965
2186 1.93766
2187 1.93571
2188 1.93373
2189 1.93176
2190 1.92981
2191 1.92784
2192 1.92588
2193 1.9239
2194 1.92196
2195 1.92
2196 1.91804
2197 1.91608
2198 1.91412
2199 1.91218
2200 1.91022
2201 1.90828
2202 1.90632
2203 1.90438
2204 1.90244
2205 1.90049
2206 1.89854
2207 1.8966
2208 1.89467
2209 1.89273
2210 1.89078
2211 1.88886
2212 1.88693
2213 1.885
2214 1.88305
2215 1.88113
2216 1.87921
2217 1.87727
2218 1.87535
2219 1.87342
2220 1.8715
2221 1.86958
2222 1.86765
2223 1.86576
2224 1.86383
2225 1.8619
2226 1.86001
2227 1.85809
2228 1.85618
2229 1.85426
2230 1.85237
2231 1.85046
2232 1.84855
2233 1.84664
2234 1.84476
2235 1.84285
2236 1.84094
2237 1.83906
2238 1.83716
2239 1.83526
2240 1.83337
2241 1.83148
2242 1.82958
2243 1.8277
2244 1.82581
2245 1.82393
2246 1.82204
2247 1.82016
2248 1.81828
2249 1.8164
2250 1.81451
2251 1.81266
2252 1.81078
2253 1.8089
2254 1.80702
2255 1.80515
2256 1.80329
2257 1.80142
2258 1.79955
2259 1.79768
2260 1.79582
2261 1.79396
2262 1.79211
2263 1.79023
2264 1.7884
2265 1.78653
2266 1.78469
2267 1.78282
2268 1.78098
2269 1.77913
2270 1.77729
2271 1.77544
2272 1.7736
2273 1.77175
2274 1.76991
2275 1.76806
2276 1.76623
2277 1.76438
2278 1.76255
2279 1.76071
2280 1.7589
2281 1.75705
2282 1.75522
2283 1.7534
2284 1.75157
2285 1.74974
2286 1.74792
2287 1.74611
2288 1.74428
2289 1.74246
2290 1.74065
2291 1.73883
2292 1.73702
2293 1.73521
2294 1.73338
2295 1.73158
2296 1.72977
2297 1.72797
2298 1.72616
2299 1.72436
2300 1.72256
2301 1.72075
2302 1.71896
2303 1.71716
2304 1.71535
2305 1.71357
2306 1.71178
2307 1.70999
2308 1.7082
2309 1.7064
2310 1.70463
2311 1.70284
2312 1.70105
2313 1.69928
2314 1.69748
2315 1.69571
2316 1.69394
2317 1.69217
2318 1.69038
2319 1.68861
2320 1.68684
2321 1.68506
2322 1.68329
2323 1.68153
2324 1.67976
2325 1.678
2326 1.67625
2327 1.67449
2328 1.67272
2329 1.67097
2330 1.66921
2331 1.66746
2332 1.6657
2333 1.66396
2334 1.66221
2335 1.66047
2336 1.65871
2337 1.65696
2338 1.65523
2339 1.65349
2340 1.65173
2341 1.65001
2342 1.64825
2343 1.64653
2344 1.6448
2345 1.64306
2346 1.64133
2347 1.6396
2348 1.63787
2349 1.63615
2350 1.63441
2351 1.63269
2352 1.63098
2353 1.62925
2354 1.62754
2355 1.62583
2356 1.6241
2357 1.6224
2358 1.62067
2359 1.61897
2360 1.61726
2361 1.61556
2362 1.61385
2363 1.61213
2364 1.61045
2365 1.60873
2366 1.60704
2367 1.60534
2368 1.60364
2369 1.60195
2370 1.60025
2371 1.59856
2372 1.59687
2373 1.59518
2374 1.59349
2375 1.5918
2376 1.59012
2377 1.58844
2378 1.58675
2379 1.58507
2380 1.5834
2381 1.58171
2382 1.58005
2383 1.57838
2384 1.5767
2385 1.57503
2386 1.57336
2387 1.5717
2388 1.57004
2389 1.56836
2390 1.5667
2391 1.56504
2392 1.56338
2393 1.56172
2394 1.56006
2395 1.55841
2396 1.55677
2397 1.55511
2398 1.55346
2399 1.55181
2400 1.55016
2401 1.54851
2402 1.54688
2403 1.54523
2404 1.54358
2405 1.54196
2406 1.54031
2407 1.53868
2408 1.53704
2409 1.5354
2410 1.53378
2411 1.53215
2412 1.53051
2413 1.52889
2414 1.52727
2415 1.52564
2416 1.52402
2417 1.52239
2418 1.52078
2419 1.51916
2420 1.51754
2421 1.51593
2422 1.51432
2423 1.51271
2424 1.51109
2425 1.50949
2426 1.50788
2427 1.50628
2428 1.50467
2429 1.50307
2430 1.50146
2431 1.49987
2432 1.49827
2433 1.49667
2434 1.49508
2435 1.49349
2436 1.49189
2437 1.4903
2438 1.48872
2439 1.48713
2440 1.48555
2441 1.48397
2442 1.48238
2443 1.48079
2444 1.47922
2445 1.47763
2446 1.47607
2447 1.47449
2448 1.47292
2449 1.47134
2450 1.46979
2451 1.46821
2452 1.46663
2453 1.46508
2454 1.4635
2455 1.46195
2456 1.4604
2457 1.45883
2458 1.45727
2459 1.45572
2460 1.45416
2461 1.45261
2462 1.45106
2463 1.44951
2464 1.44796
2465 1.44642
2466 1.44488
2467 1.44332
2468 1.44178
2469 1.44024
2470 1.4387
2471 1.43716
2472 1.43562
2473 1.4341
2474 1.43256
2475 1.43103
2476 1.42951
2477 1.42797
2478 1.42645
2479 1.42491
2480 1.4234
2481 1.42187
2482 1.42035
2483 1.41883
2484 1.41731
2485 1.4158
2486 1.41428
2487 1.41278
2488 1.41125
2489 1.40975
2490 1.40824
2491 1.40674
2492 1.40523
2493 1.40373
2494 1.40223
2495 1.40073
2496 1.39922
2497 1.39772
2498 1.39622
2499 1.39473
2500 1.39323
2501 1.39174
2502 1.39025
2503 1.38877
2504 1.38727
2505 1.38578
2506 1.38431
2507 1.38282
2508 1.38134
2509 1.37986
2510 1.37839
2511 1.3769
2512 1.37543
2513 1.37396
2514 1.37249
2515 1.37102
2516 1.36954
2517 1.36808
2518 1.36661
2519 1.36514
2520 1.36368
2521 1.36221
2522 1.36076
2523 1.35933
2524 1.35789
2525 1.35645
2526 1.35502
2527 1.35358
2528 1.35214
2529 1.35071
2530 1.34927
2531 1.34784
2532 1.3464
2533 1.34496
2534 1.34353
2535 1.34209
2536 1.34066
2537 1.33922
2538 1.33778
2539 1.33635
2540 1.33491
2541 1.33348
2542 1.33204
2543 1.33061
2544 1.32917
2545 1.32774
2546 1.3263
2547 1.32486
2548 1.32343
2549 1.32199
2550 1.32056
2551 1.31912
2552 1.31769
2553 1.31625
2554 1.31482
2555 1.31339
2556 1.31195
2557 1.31052
2558 1.30908
2559 1.30765
2560 1.30621
2561 1.30478
2562 1.30334
2563 1.30191
2564 1.30048
2565 1.29904
2566 1.29761
2567 1.29617
2568 1.29474
2569 1.29331
2570 1.29187
2571 1.29044
2572 1.289
2573 1.28757
2574 1.28614
2575 1.2847
2576 1.28327
2577 1.28184
2578 1.2804
2579 1.27897
2580 1.27754
2581 1.2761
2582 1.27467
2583 1.27324
2584 1.27181
2585 1.27037
2586 1.26894
2587 1.26751
2588 1.26608
2589 1.26464
2590 1.26321
2591 1.26178
2592 1.26035
2593 1.25891
2594 1.25748
2595 1.25605
2596 1.25462
2597 1.25318
2598 1.25175
2599 1.25032
2600 1.24889
2601 1.24746
2602 1.24602
2603 1.24459
2604 1.24316
2605 1.24173
2606 1.2403
2607 1.23887
2608 1.23744
2609 1.236
2610 1.23457
2611 1.23314
2612 1.23171
2613 1.23028
2614 1.22885
2615 1.22742
2616 1.22599
2617 1.22456
2618 1.22313
2619 1.22169
2620 1.22026
2621 1.21883
2622 1.2174
2623 1.21597
2624 1.21454
2625 1.21311
2626 1.21168
2627 1.21025
2628 1.20882
2629 1.20739
2630 1.20596
2631 1.20453
2632 1.2031
2633 1.20167
2634 1.20024
2635 1.19881
2636 1.19738
2637 1.19595
2638 1.19452
2639 1.19309
2640 1.19166
2641 1.19023
2642 1.18881
2643 1.18738
2644 1.18595
2645 1.18452
2646 1.18309
2647 1.18166
2648 1.18023
2649 1.1788
2650 1.17737
2651 1.17594
2652 1.17452
2653 1.17309
2654 1.17166
2655 1.17023
2656 1.1688
2657 1.16737
2658 1.16595
2659 1.16452
2660 1.16309
2661 1.16166
2662 1.16023
2663 1.15881
2664 1.15738
2665 1.15595
2666 1.15452
2667 1.15309
2668 1.15167
2669 1.15024
2670 1.14881
2671 1.14738
2672 1.14596
2673 1.14453
2674 1.1431
2675 1.14167
2676 1.14025
2677 1.13882
2678 1.13739
2679 1.13597
2680 1.13454
2681 1.13311
2682 1.13169
2683 1.13026
2684 1.12883
2685 1.12741
2686 1.12598
2687 1.12455
2688 1.12313
2689 1.1217
2690 1.12027
2691 1.11885
2692 1.11742
2693 1.116
2694 1.11457
2695 1.11314
2696 1.11172
2697 1.11029
2698 1.10887
2699 1.10744
2700 1.10601
2701 1.10459
2702 1.10316
2703 1.10174
2704 1.10031
2705 1.09889
2706 1.09746
2707 1.09604
2708 1.09461
2709 1.09319
2710 1.09176
2711 1.09034
2712 1.08891
2713 1.08749
2714 1.08606
2715 1.08464
2716 1.08321
2717 1.08179
2718 1.08036
2719 1.07894
2720 1.07751
2721 1.07609
2722 1.07467
2723 1.07324
2724 1.07182
2725 1.07039
2726 1.06897
2727 1.06755
2728 1.06612
2729 1.0647
2730 1.06327
2731 1.06185
2732 1.06043
2733 1.059
2734 1.05758
2735 1.05616
2736 1.05473
2737 1.05331
2738 1.05189
2739 1.05046
2740 1.04904
2741 1.04762
2742 1.04619
2743 1.04477
2744 1.04335
2745 1.04192
2746 1.0405
2747 1.03908
2748 1.03766
2749 1.03623
2750 1.03481
2751 1.03339
2752 1.03197
2753 1.03054
2754 1.02912
2755 1.0277
2756 1.02628
2757 1.02486
2758 1.02343
2759 1.02201
2760 1.02059
2761 1.01917
2762 1.01775
2763 1.01632
2764 1.0149
2765 1.01348
2766 1.01206
2767 1.01064
2768 1.00922
2769 1.00779
2770 1.00637
2771 1.00495
2772 1.00353
2773 1.00211
2774 1.00069
2775 0.999268
2776 0.997847
2777 0.996426
2778 0.995005
2779 0.993585
2780 0.992164
2781 0.990743
2782 0.989323
2783 0.987902
2784 0.986482
2785 0.985061
2786 0.983641
2787 0.982221
2788 0.980801
2789 0.979381
2790 0.977961
2791 0.976541
2792 0.975121
2793 0.973701
2794 0.972281
2795 0.970861
2796 0.969442
2797 0.968022
2798 0.966602
2799 0.965183
2800 0.963763
2801 0.962344
2802 0.960925
2803 0.959506
2804 0.958086
2805 0.956667
2806 0.955248
2807 0.953829
2808 0.95241
2809 0.950991
2810 0.949573
2811 0.948154
2812 0.946735
2813 0.945317
2814 0.943898
2815 0.94248
2816 0.941061
2817 0.939643
2818 0.938224
2819 0.936806
2820 0.935388
2821 0.93397
2822 0.932552
2823 0.931134
2824 0.929716
2825 0.928298
2826 0.92688
2827 0.925462
2828 0.924045
2829 0.922627
2830 0.92121
2831 0.919792
2832 0.918375
2833 0.916957
2834 0.91554
2835 0.914123
2836 0.912705
2837 0.911288
2838 0.909871
2839 0.908454
2840 0.907037
2841 0.90562
2842 0.904204
2843 0.902787
2844 0.90137
2845 0.899954
2846 0.898537
2847 0.89712
2848 0.895704
2849 0.894288
2850 0.892871
2851 0.891455
2852 0.890039
2853 0.888623
2854 0.887207
2855 0.885791
2856 0.884375
2857 0.882959
2858 0.881543
2859 0.880127
2860 0.878712
2861 0.877296
2862 0.87588
2863 0.874465
2864 0.873049
2865 0.871634
2866 0.870219
2867 0.868803
2868 0.867388
2869 0.865973
2870 0.864558
2871 0.863143
2872 0.861728
2873 0.860313
2874 0.858898
2875 0.857484
2876 0.856069
2877 0.854654
2878 0.85324
2879 0.851825
2880 0.850411
2881 0.848996
2882 0.847582
2883 0.846168
2884 0.844753
2885 0.843339
2886 0.841925
2887 0.840511
2888 0.839097
2889 0.837683
2890 0.83627
2891 0.834856
2892 0.833442
2893 0.832028
2894 0.830615
2895 0.829201
2896 0.827788
2897 0.826374
2898 0.824961
2899 0.823548
2900 0.822135
2901 0.820721
2902 0.819308
2903 0.817895
2904 0.816482
2905 0.81507
2906 0.813657
2907 0.812244
2908 0.810831
2909 0.809419
2910 0.808006
2911 0.806593
2912 0.805181
2913 0.803769
2914 0.802356
2915 0.800944
2916 0.799532
2917 0.79812
2918 0.796707
2919 0.795295
2920 0.793883
2921 0.792472
2922 0.79106
2923 0.789648
2924 0.788236
2925 0.786825
2926 0.785413
2927 0.784001
2928 0.78259
2929 0.781179
2930 0.779767
2931 0.778356
2932 0.776945
2933 0.775533
2934 0.774122
2935 0.772711
2936 0.7713
2937 0.769889
2938 0.768479
2939 0.767068
2940 0.765657
2941 0.764246
2942 0.762836
2943 0.761425
2944 0.760015
2945 0.758604
2946 0.757194
2947 0.755784
2948 0.754374
2949 0.752963
2950 0.751553
2951 0.750143
2952 0.748733
2953 0.747323
2954 0.745913
2955 0.744504
2956 0.743094
2957 0.741684
2958 0.740275
2959 0.738865
2960 0.737456
2961 0.736046
2962 0.734637
2963 0.733227
2964 0.731818
2965 0.730409
2966 0.729
2967 0.727591
2968 0.726182
2969 0.724773
2970 0.723364
2971 0.721955
2972 0.720547
2973 0.719138
2974 0.717729
2975 0.716321
2976 0.714912
2977 0.713504
2978 0.712095
2979 0.710687
2980 0.709279
2981 0.707871
2982 0.706463
2983 0.705055
2984 0.703647
2985 0.702239
2986 0.700831
2987 0.699423
2988 0.698015
2989 0.696607
2990 0.6952
2991 0.693792
2992 0.692385
2993 0.690977
2994 0.68957
2995 0.688163
2996 0.686755
2997 0.685348
2998 0.683941
2999 0.682534
3000 0.681127
3001 0.67972
3002 0.678313
3003 0.676906
3004 0.6755
3005 0.674093
3006 0.672686
3007 0.67128
3008 0.669873
3009 0.668467
3010 0.66706
3011 0.665654
3012 0.664248
3013 0.662842
3014 0.661435
3015 0.660029
3016 0.658623
3017 0.657217
3018 0.655812
3019 0.654406
3020 0.653
3021 0.651594
3022 0.650189
3023 0.648783
3024 0.647378
3025 0.645972
3026 0.644567
3027 0.643161
3028 0.641756
3029 0.640351
3030 0.638946
3031 0.637541
3032 0.636136
3033 0.634731
3034 0.633326
3035 0.631921
3036 0.630516
3037 0.629111
3038 0.627707
3039 0.626302
3040 0.624898
3041 0.623493
3042 0.622089
3043 0.620685
3044 0.61928
3045 0.617876
3046 0.616472
3047 0.615068
3048 0.613664
3049 0.61226
3050 0.610856
3051 0.609452
3052 0.608048
3053 0.606645
3054 0.605241
3055 0.603837
3056 0.602434
3057 0.60103
3058 0.599627
3059 0.598224
3060 0.59682
3061 0.595417
3062 0.594014
3063 0.592611
3064 0.591208
3065 0.589805
3066 0.588402
3067 0.586999
3068 0.585596
3069 0.584193
3070 0.582791
3071 0.581388
3072 0.579986
3073 0.578583
3074 0.577181
3075 0.575778
3076 0.574376
3077 0.572974
3078 0.571572
3079 0.57017
3080 0.568768
3081 0.567366
3082 0.565964
3083 0.564562
3084 0.56316
3085 0.561758
3086 0.560357
3087 0.558955
3088 0.557553
3089 0.556152
3090 0.554751
3091 0.553349
3092 0.551948
3093 0.550547
3094 0.549145
3095 0.547744
3096 0.546343
3097 0.544942
3098 0.543541
3099 0.542141
3100 0.54074
3101 0.539339
3102 0.537938
3103 0.536538
3104 0.535137
3105 0.533737
3106 0.532336
3107 0.530936
3108 0.529535
3109 0.528135
3110 0.526735
3111 0.525335
3112 0.523935
3113 0.522535
3114 0.521135
3115 0.519735
3116 0.518335
3117 0.516935
3118 0.515536
3119 0.514136
3120 0.512737
3121 0.511337
3122 0.509938
3123 0.508538
3124 0.507139
3125 0.50574
3126 0.50434
3127 0.502941
3128 0.501542
3129 0.500143
3130 0.498744
3131 0.497345
3132 0.495947
3133 0.494548
3134 0.493149
3135 0.491751
3136 0.490352
3137 0.488953
3138 0.487555
3139 0.486157
3140 0.484758
3141 0.48336
3142 0.481962
3143 0.480564
3144 0.479166
3145 0.477768
3146 0.47637
3147 0.474972
3148 0.473574
3149 0.472176
3150 0.470778
3151 0.469381
3152 0.467983
3153 0.466586
3154 0.465188
3155 0.463791
3156 0.462393
3157 0.460996
3158 0.459599
3159 0.458202
3160 0.456805
3161 0.455408
3162 0.454011
3163 0.452614
3164 0.451217
3165 0.44982
3166 0.448423
3167 0.447027
3168 0.44563
3169 0.444234
3170 0.442837
3171 0.441441
3172 0.440044
3173 0.438648
3174 0.437252
3175 0.435856
3176 0.43446
3177 0.433064
3178 0.431668
3179 0.430272
3180 0.428876
3181 0.42748
3182 0.426084
3183 0.424689
3184 0.423293
3185 0.421897
3186 0.420502
3187 0.419107
3188 0.417711
3189 0.416316
3190 0.414921
3191 0.413526
3192 0.41213
3193 0.410735
3194 0.40934
3195 0.407945
3196 0.406551
3197 0.405156
3198 0.403761
3199 0.402366
3200 0.400972
3201 0.399577
3202 0.398183
3203 0.396788
3204 0.395394
3205 0.394
3206 0.392605
3207 0.391211
3208 0.389817
3209 0.388423
3210 0.387029
3211 0.385635
3212 0.384241
3213 0.382847
3214 0.381454
3215 0.38006
3216 0.378666
3217 0.377273
3218 0.375879
3219 0.374486
3220 0.373092
3221 0.371699
3222 0.370306
3223 0.368913
3224 0.367519
3225 0.366126
3226 0.364733
3227 0.36334
3228 0.361948
3229 0.360555
3230 0.359162
3231 0.357769
3232 0.356377
3233 0.354984
3234 0.353592
3235 0.352199
3236 0.350807
3237 0.349414
3238 0.348022
3239 0.34663
3240 0.345238
3241 0.343846
3242 0.342454
3243 0.341062
3244 0.33967
3245 0.338278
3246 0.336886
3247 0.335495
3248 0.334103
3249 0.332711
3250 0.33132
3251 0.329928
3252 0.328537
3253 0.327146
3254 0.325754
3255 0.324363
3256 0.322972
3257 0.321581
3258 0.32019
3259 0.318799
3260 0.317408
3261 0.316017
3262 0.314626
3263 0.313236
3264 0.311845
3265 0.310454
3266 0.309064
3267 0.307673
3268 0.306283
3269 0.304892
3270 0.303502
3271 0.302112
3272 0.300722
3273 0.299332
3274 0.297942
3275 0.296552
3276 0.295162
3277 0.293772
3278 0.292382
3279 0.290992
3280 0.289603
3281 0.288213
3282 0.286824
3283 0.285434
3284 0.284045
3285 0.282655
3286 0.281266
3287 0.279877
3288 0.278488
3289 0.277098
3290 0.275709
3291 0.27432
3292 0.272931
3293 0.271543
3294 0.270154
3295 0.268765
3296 0.267376
3297 0.265988
3298 0.264599
3299 0.263211
3300 0.261822
3301 0.260434
3302 0.259046
3303 0.257657
3304 0.256269
3305 0.254881
3306 0.253493
3307 0.252105
3308 0.250717
3309 0.249329
3310 0.247941
3311 0.246554
3312 0.245166
3313 0.243778
3314 0.242391
3315 0.241003
3316 0.239616
3317 0.238228
3318 0.236841
3319 0.235454
3320 0.234066
3321 0.232679
3322 0.231292
3323 0.229905
3324 0.228518
3325 0.227131
3326 0.225745
3327 0.224358
3328 0.222971
3329 0.221584
3330 0.220198
3331 0.218811
3332 0.217425
3333 0.216038
3334 0.214652
3335 0.213266
3336 0.21188
3337 0.210493
3338 0.209107
3339 0.207721
3340 0.206335
3341 0.204949
3342 0.203564
3343 0.202178
3344 0.200792
3345 0.199406
3346 0.198021
3347 0.196635
3348 0.19525
3349 0.193864
3350 0.192479
3351 0.191094
3352 0.189709
3353 0.188323
3354 0.186938
3355 0.185553
3356 0.184168
3357 0.182783
3358 0.181399
3359 0.180014
3360 0.178629
3361 0.177244
3362 0.17586
3363 0.174475
3364 0.173091
3365 0.171706
3366 0.170322
3367 0.168938
3368 0.167553
3369 0.166169
3370 0.164785
3371 0.163401
3372 0.162017
3373 0.160633
3374 0.159249
3375 0.157865
3376 0.156482
3377 0.155098
3378 0.153714
3379 0.152331
3380 0.150947
3381 0.149564
3382 0.14818
3383 0.146797
3384 0.145414
3385 0.144031
3386 0.142648
3387 0.141265
3388 0.139882
3389 0.138499
3390 0.137116
3391 0.135733
3392 0.13435
3393 0.132967
3394 0.131585
3395 0.130202
3396 0.12882
3397 0.127437
3398 0.126055
3399 0.124673
3400 0.12329
3401 0.121908
3402 0.120526
3403 0.119144
3404 0.117762
3405 0.11638
3406 0.114998
3407 0.113616
3408 0.112234
3409 0.110853
3410 0.109471
3411 0.108089
3412 0.106708
3413 0.105326
3414 0.103945
3415 0.102564
3416 0.101182
3417 0.0998012
3418 0.09842
3419 0.0970389
3420 0.0956579
3421 0.0942769
3422 0.092896
3423 0.0915152
3424 0.0901344
3425 0.0887537
3426 0.087373
3427 0.0859924
3428 0.0846119
3429 0.0832314
3430 0.081851
3431 0.0804706
3432 0.0790903
3433 0.0777101
3434 0.0763299
3435 0.0749498
3436 0.0735698
3437 0.0721898
3438 0.0708098
3439 0.06943
3440 0.0680502
3441 0.0666704
3442 0.0652908
3443 0.0639112
3444 0.0625316
3445 0.0611521
3446 0.0597727
3447 0.0583933
3448 0.057014
3449 0.0556348
3450 0.0542556
3451 0.0528765
3452 0.0514974
3453 0.0501184
3454 0.0487395
3455 0.0473606
3456 0.0459818
3457 0.044603
3458 0.0432243
3459 0.0418457
3460 0.0404671
3461 0.0390886
3462 0.0377102
3463 0.0363318
3464 0.0349535
3465 0.0335752
3466 0.032197
3467 0.0308189
3468 0.0294408
3469 0.0280628
3470 0.0266848
3471 0.0253069
3472 0.0239291
3473 0.0225513
3474 0.0211736
3475 0.019796
3476 0.0184184
3477 0.0170409
3478 0.0156634
3479 0.014286
3480 0.0129087
3481 0.0115314
3482 0.0101542
3483 0.00877706
3484 0.00739998
3485 0.00602295
3486 0.00464598
3487 0.00326908
3488 0.00189223
3489 0.000515451
3490 0
3491 0
3492 0
3493 0
3494 0
3495 0
3496 0
3497 0
3498 0
3499 0
3500 0
3501 0
3502 0
3503 0
3504 0
3505 0
3506 0
3507 0
3508 0
3509 0
3510 0
3511 0
3512 0
3513 0
3514 0
3515 0
3516 0
3517 0
3518 0
3519 0
3520 0
3521 0
3522 0
3523 0
3524 0
3525 0
3526 0
3527 0
3528 0
3529 0
3530 0
3531 0
3532 0
3533 0
3534 0
3535 0
3536 0
3537 0
3538 0
3539 0
3540 0
3541 0
3542 0
3543 0
3544 0
3545 0
3546 0
3547 0
3548 0
3549 0
3550 0
3551 0
3552 0
3553 0
3554 0
3555 0
3556 0
3557 0
3558 0
3559 0
3560 0
3561 0
3562 0
3563 0
3564 0
3565 0
3566 0
3567 0
3568 0
3569 0
3570 0
3571 0
3572 0
3573 0
3574 0
3575 0
3576 0
3577 0
3578 0
3579 0
3580 0
3581 0
3582 0
3583 0
3584 0
3585 0
3586 0
3587 0
3588 0
3589 0
3590 0
3591 0
3592 0
3593 0
3594 0
3595 0
3596 0
3597 0
3598 0
3599 0
3600 0
3601 0
3602 0
3603 0
3604 0
3605 0
3606 0
3607 0
3608 0
3609 0
3610 0
3611 0
3612 0
3613 0
3614 0
3615 0
3616 0
3617 0
3618 0
3619 0
3620 0
3621 0
3622 0
3623 0
3624 0
3625 0
3626 0
3627 0
3628 0
3629 0
3630 0
3631 0
3632 0
3633 0
3634 0
3635 0
3636 0
3637 0
3638 0
3639 0
3640 0
3641 0
3642 0
3643 0
3644 0
3645 0
3646 0
3647 0
3648 0
3649 0
3650 0
3651 0
3652 0
3653 0
3654 0
3655 0
3656 0
3657 0
3658 0
3659 0
3660 0
3661 0
3662 0
3663 0
3664 0
3665 0
3666 0
3667 0
3668 0
3669 0
3670 0
3671 0
3672 0
3673 0
3674 0
3675 0
3676 0
3677 0
3678 0
3679 0
3680 0
3681 0
3682 0
3683 0
3684 0
3685 0
3686 0
3687 0
3688 0
3689 0
3690 0
3691 0
3692 0
3693 0
3694 0
3695 0
3696 0
3697 0
3698 0
3699 0
3700 0
3701 0
3702 0
3703 0
3704 0
3705 0
3706 0
3707 0
3708 0
3709 0
3710 0
3711 0
3712 0
3713 0
3714 0
3715 0
3716 0
3717 0
3718 0
3719 0
3720 0
3721 0
3722 0
3723 0
3724 0
3725 0
3726 0
3727 0
3728 0
3729 0
3730 0
3731 0
3732 0
3733 0
3734 0
3735 0
3736 0
3737 0
3738 0
3739 0
3740 0
3741 0
3742 0
3743 0
3744 0
3745 0
3746 0
3747 0
3748 0
3749 0
3750 0
3751 0
3752 0
3753 0
3754 0
3755 0
3756 0
3757 0
3758 0
3759 0
3760 0
3761 0
3762 0
3763 0
3764 0
3765 0
3766 0
3767 0
3768 0
3769 0
3770 0
3771 0
3772 0
3773 0
3774 0
3775 0
3776 0
3777 0
3778 0
3779 0
3780 0
3781 0
3782 0
3783 0
3784 0
3785 0
3786 0
3787 0
3788 0
3789 0
3790 0
3791 0
3792 0
3793 0
3794 0
3795 0
3796 0
3797 0
3798 0
3799 0
3800 0
3801 0
3802 0
3803 0
3804 0
3805 0
3806 0
3807 0
3808 0
3809 0
3810 0
3811 0
3812 0
3813 0
3814 0
3815 0
3816 0
3817 0
3818 0
3819 0
3820 0
3821 0
3822 0
3823 0
3824 0
3825 0
3826 0
3827 0
3828 0
3829 0
3830 0
3831 0
3832 0
3833 0
3834 0
3835 0
3836 0
3837 0
3838 0
3839 0
3840 0
3841 0
3842 0
3843 0
3844 0
3845 0
3846 0
3847 0
3848 0
3849 0
3850 0
3851 0
3852 0
3853 0
3854 0
3855 0
3856 0
3857 0
3858 0
3859 0
3860 0
3861 0
3862 0
3863 0
3864 0
3865 0
3866 0
3867 0
3868 0
3869 0
3870 0
3871 0
3872 0
3873 0
3874 0
3875 0
3876 0
3877 0
3878 0
3879 0
3880 0
3881 0
3882 0
3883 0
3884 0
3885 0
3886 0
3887 0
3888 0
3889 0
3890 0
3891 0
3892 0
3893 0
3894 0
3895 0
3896 0
3897 0
3898 0
3899 0
3900 0
3901 0
3902 0
3903 0
3904 0
3905 0
3906 0
3907 0
3908 0
3909 0
3910 0
3911 0
3912 0
3913 0
3914 0
3915 0
3916 0
3917 0
3918 0
3919 0
3920 0
3921 0
3922 0
3923 0
3924 0
3925 0
3926 0
3927 0
3928 0
3929 0
3930 0
3931 0
3932 0
3933 0
3934 0
3935 0
3936 0
3937 0
3938 0
3939 0
3940 0
3941 0
3942 0
3943 0
3944 0
3945 0
3946 0
3947 0
3948 0
3949 0
3950 0
3951 0
3952 0
3953 0
3954 0
3955 0
3956 0
3957 0
3958 0
3959 0
3960 0
3961 0
3962 0
3963 0
3964 0
3965 0
3966 0
3967 0
3968 0
3969 0
3970 0
3971 0
3972 0
3973 0
3974 0
3975 0
3976 0
3977 0
3978 0
3979 0
3980 0
3981 0
3982 0
3983 0
3984 0
3985 0
3986 0
3987 0
3988 0
3989 0
3990 0
3991 0
3992 0
3993 0
3994 0
3995 0
3996 0
3997 0
3998 0
3999 0
4000 0
4001 0
4002 0
4003 0
4004 0
4005 0
4006 0
4007 0
4008 0
4009 0
4010 0
4011 0
4012 0
4013 0
4014 0
4015 0
4016 0
4017 0
4018 0
4019 0
4020 0
4021 0
4022 0
4023 0
4024 0
4025 0
4026 0
4027 0
4028 0
4029 0
4030 0
4031 0
4032 0
4033 0
4034 0
4035 0
4036 0
4037 0
4038 0
4039 0
4040 0
4041 0
4042 0
4043 0
4044 0
4045 0
4046 0
4047 0
4048 0
4049 0
4050 0
4051 0
4052 0
4053 0
4054 0
4055 0
4056 0
4057 0
4058 0
4059 0
4060 0
4061 0
4062 0
4063 0
4064 0
4065 0
4066 0
4067 0
4068 0
4069 0
4070 0
4071 0
4072 0
4073 0
4074 0
4075 0
4076 0
4077 0
4078 0
4079 0
4080 0
4081 0
4082 0
4083 0
4084 0
4085 0
4086 0
4087 0
4088 0
4089 0
4090 0
4091 0
4092 0
4093 0
4094 0
4095 0
4096 0
4097 0
4098 0
4099 0
4100 0
4101 0
4102 0
4103 0
4104 0
4105 0
4106 0
4107 0
4108 0
4109 0
4110 0
4111 0
4112 0
4113 0
4114 0
4115 0
4116 0
4117 0
4118 0
4119 0
4120 0
4121 0
4122 0
4123 0
4124 0
4125 0
4126 0
4127 0
4128 0
4129 0
4130 0
4131 0
4132 0
4133 0
4134 0
4135 0
4136 0
4137 0
4138 0
4139 0
4140 0
4141 0
4142 0
4143 0
4144 0
4145 0
4146 0
4147 0
4148 0
4149 0
4150 0
4151 0
4152 0
4153 0
4154 0
4155 0
4156 0
4157 0
4158 0
4159 0
4160 0
4161 0
4162 0
4163 0
4164 0
4165 0
4166 0
4167 0
4168 0
4169 0
4170 0
4171 0
4172 0
4173 0
4174 0
4175 0
4176 0
4177 0
4178 0
4179 0
4180 0
4181 0
4182 0
4183 0
4184 0
4185 0
4186 0
4187 0
4188 0
4189 0
4190 0
4191 0
4192 0
4193 0
4194 0
4195 0
4196 0
4197 0
4198 0
4199 0
4200 0
4201 0
4202 0
4203 0
4204 0
4205 0
4206 0
4207 0
4208 0
4209 0
4210 0
4211 0
4212 0
4213 0
4214 0
4215 0
4216 0
4217 0
4218 0
4219 0
4220 0
4221 0
4222 0
4223 0
4224 0
4225 0
4226 0
4227 0
4228 0
4229 0
4230 0
4231 0
4232 0
4233 0
4234 0
4235 0
4236 0
4237 0
4238 0
4239 0
4240 0
4241 0
4242 0
4243 0
4244 0
4245 0
4246 0
4247 0
4248 0
4249 0
4250 0
4251 0
4252 0
4253 0
4254 0
4255 0
4256 0
4257 0
4258 0
4259 0
4260 0
4261 0
4262 0
4263 0
4264 0
4265 0
4266 0
4267 0
4268 0
4269 0
4270 0
4271 0
4272 0
4273 0
4274 0
4275 0
4276 0
4277 0
4278 0
4279 0
4280 0
4281 0
4282 0
4283 0
4284 0
4285 0
4286 0
4287 0
4288 0
4289 0
4290 0
4291 0
4292 0
4293 0
4294 0
4295 0
4296 0
4297 0
4298 0
4299 0
4300 0
4301 0
4302 0
4303 0
4304 0
4305 0
4306 0
4307 0
4308 0
4309 0
4310 0
4311 0
4312 0
4313 0
4314 0
4315 0
4316 0
4317 0
4318 0
4319 0
4320 0
4321 0
4322 0
4323 0
4324 0
4325 0
4326 0
4327 0
4328 0
4329 0
4330 0
4331 0
4332 0
4333 0
4334 0
4335 0
4336 0
4337 0
4338 0
4339 0
4340 0
4341 0
4342 0
4343 0
4344 0
4345 0
4346 0
4347 0
4348 0
4349 0
4350 0
4351 0
4352 0
4353 0
4354 0
4355 0
4356 0
4357 0
4358 0
4359 0
4360 0
4361 0
4362 0
4363 0
4364 0
4365 0
4366 0
4367 0
4368 0
4369 0
4370 0
4371 0
4372 0
4373 0
4374 0
4375 0
4376 0
4377 0
4378 0
4379 0
4380 0
4381 0
4382 0
4383 0
4384 0
4385 0
4386 0
4387 0
4388 0
4389 0
4390 0
4391 0
4392 0
4393 0
4394 0
4395 0
4396 0
4397 0
4398 0
4399 0
4400 0
4401 0
4402 0
4403 0
4404 0
4405 0
4406 0
4407 0
4408 0
4409 0
4410 0
4411 0
4412 0
4413 0
4414 0
4415 0
4416 0
4417 0
4418 0
4419 0
4420 0
4421 0
4422 0
4423 0
4424 0
4425 0
4426 0
4427 0
4428 0
4429 0
4430 0
4431 0
4432 0
4433 0
4434 0
4435 0
4436 0
4437 0
4438 0
4439 0
4440 0
4441 0
4442 0
4443 0
4444 0
4445 0
4446 0
4447 0
4448 0
4449 0
4450 0
4451 0
4452 0
4453 0
4454 0
4455 0
4456 0
4457 0
4458 0
4459 0
4460 0
4461 0
4462 0
4463 0
4464 0
4465 0
4466 0
4467 0
4468 0
4469 0
4470 0
4471 0
4472 0
4473 0
4474 0
4475 0
4476 0
4477 0
4478 0
4479 0
4480 0
4481 0
4482 0
4483 0
4484 0
4485 0
4486 0
4487 0
4488 0
4489 0
4490 0
4491 0
4492 0
4493 0
4494 0
4495 0
4496 0
4497 0
4498 0
4499 0
4500 0
4501 0
4502 0
4503 0
4504 0
4505 0
4506 0
4507 0
4508 0
4509 0
4510 0
4511 0
4512 0
4513 0
4514 0
4515 0
4516 0
4517 0
4518 0
4519 0
4520 0
4521 0
4522 0
4523 0
4524 0
4525 0
4526 0
4527 0
4528 0
4529 0
4530 0
4531 0
4532 0
4533 0
4534 0
4535 0
4536 0
4537 0
4538 0
4539 0
4540 0
4541 0
4542 0
4543 0
4544 0
4545 0
4546 0
4547 0
4548 0
4549 0
4550 0
4551 0
4552 0
4553 0
4554 0
4555 0
4556 0
4557 0
4558 0
4559 0
4560 0
4561 0
4562 0
4563 0
4564 0
4565 0
4566 0
4567 0
4568 0
4569 0
4570 0
4571 0
4572 0
4573 0
4574 0
4575 0
4576 0
4577 0
4578 0
4579 0
4580 0
4581 0
4582 0
4583 0
4584 0
4585 0
4586 0
4587 0
4588 0
4589 0
4590 0
4591 0
4592 0
4593 0
4594 0
4595 0
4596 0
4597 0
4598 0
4599 0
4600 0
4601 0
4602 0
4603 0
4604 0
4605 0
4606 0
4607 0
4608 0
4609 0
4610 0
4611 0
4612 0
4613 0
4614 0
4615 0
4616 0
4617 0
4618 0
4619 0
4620 0
4621 0
4622 0
4623 0
4624 0
4625 0
4626 0
4627 0
4628 0
4629 0
4630 0
4631 0
4632 0
4633 0
4634 0
4635 0
4636 0
4637 0
4638 0
4639 0
4640 0
4641 0
4642 0
4643 0
4644 0
4645 0
4646 0
4647 0
4648 0
4649 0
4650 0
4651 0
4652 0
4653 0
4654 0
4655 0
4656 0
4657 0
4658 0
4659 0
4660 0
4661 0
4662 0
4663 0
4664 0
4665 0
4666 0
4667 0
4668 0
4669 0
4670 0
4671 0
4672 0
4673 0
4674 0
4675 0
4676 0
4677 0
4678 0
4679 0
4680 0
4681 0
4682 0
4683 0
4684 0
4685 0
4686 0
4687 0
4688 0
4689 0
4690 0
4691 0
4692 0
4693 0
4694 0
4695 0
4696 0
4697 0
4698 0
4699 0
4700 0
4701 0
4702 0
4703 0
4704 0
4705 0
4706 0
4707 0
4708 0
4709 0
4710 0
4711 0
4712 0
4713 0
4714 0
4715 0
4716 0
4717 0
4718 0
4719 0
4720 0
4721 0
4722 0
4723 0
4724 0
4725 0
4726 0
4727 0
4728 0
4729 0
4730 0
4731 0
4732 0
4733 0
4734 0
4735 0
4736 0
4737 0
4738 0
4739 0
4740 0
4741 0
4742 0
4743 0
4744 0
4745 0
4746 0
4747 0
4748 0
4749 0
4750 0
4751 0
4752 0
4753 0
4754 0
4755 0
4756 0
4757 0
4758 0
4759 0
4760 0
4761 0
4762 0
4763 0
4764 0
4765 0
4766 0
4767 0
4768 0
4769 0
4770 0
4771 0
4772 0
4773 0
4774 0
4775 0
4776 0
4777 0
4778 0
4779 0
4780 0
4781 0
4782 0
4783 0
4784 0
4785 0
4786 0
4787 0
4788 0
4789 0
4790 0
4791 0
4792 0
4793 0
4794 0
4795 0
4796 0
4797 0
4798 0
4799 0
4800 0
4801 0
4802 0
4803 0
4804 0
4805 0
4806 0
4807 0
4808 0
4809 0
4810 0
4811 0
4812 0
4813 0
4814 0
4815 0
4816 0
4817 0
4818 0
4819 0
4820 0
4821 0
4822 0
4823 0
4824 0
4825 0
4826 0
4827 0
4828 0
4829 0
4830 0
4831 0
4832 0
4833 0
4834 0
4835 0
4836 0
4837 0
4838 0
4839 0
4840 0
4841 0
4842 0
4843 0
4844 0
4845 0
4846 0
4847 0
4848 0
4849 0
4850 0
4851 0
4852 0
4853 0
4854 0
4855 0
4856 0
4857 0
4858 0
4859 0
4860 0
4861 0
4862 0
4863 0
4864 0
4865 0
4866 0
4867 0
4868 0
4869 0
4870 0
4871 0
4872 0
4873 0
4874 0
4875 0
4876 0
4877 0
4878 0
4879 0
4880 0
4881 0
4882 0
4883 0
4884 0
4885 0
4886 0
4887 0
4888 0
4889 0
4890 0
4891 0
4892 0
4893 0
4894 0
4895 0
4896 0
4897 0
4898 0
4899 0
4900 0
4901 0
4902 0
4903 0
4904 0
4905 0
4906 0
4907 0
4908 0
4909 0
4910 0
4911 0
4912 0
4913 0
4914 0
4915 0
4916 0
4917 0
4918 0
4919 0
4920 0
4921 0
4922 0
4923 0
4924 0
4925 0
4926 0
4927 0
4928 0
4929 0
4930 0
4931 0
4932 0
4933 0
4934 0
4935 0
4936 0
4937 0
4938 0
4939 0
4940 0
4941 0
4942 0
4943 0
4944 0
4945 0
4946 0
4947 0
4948 0
4949 0
4950 0
4951 0
4952 0
4953 0
4954 0
4955 0
4956 0
4957 0
4958 0
4959 0
4960 0
4961 0
4962 0
4963 0
4964 0
4965 0
4966 0
4967 0
4968 0
4969 0
4970 0
4971 0
4972 0
4973 0
4974 0
4975 0
4976 0
4977 0
4978 0
4979 0
4980 0
4981 0
4982 0
4983 0
4984 0
4985 0
4986 0
4987 0
4988 0
4989 0
4990 0
4991 0
4992 0
4993 0
4994 0
4995 0
4996 0
4997 0
4998 0
4999 0
5000 0
5001 0
5002 0
5003 0
5004 0
5005 0
5006 0
5007 0
5008 0
5009 0
5010 0
5011 0
5012 0
5013 0
5014 0
5015 0
5016 0
5017 0
5018 0
5019 0
5020 0
5021 0
5022 0
5023 0
5024 0
5025 0
5026 0
5027 0
5028 0
5029 0
5030 0
5031 0
5032 0
5033 0
5034 0
5035 0
5036 0
5037 0
5038 0
5039 0
5040 0
5041 0
5042 0
5043 0
5044 0
5045 0
5046 0
5047 0
5048 0
5049 0
5050 0
5051 0
5052 0
5053 0
5054 0
5055 0
5056 0
5057 0
5058 0
5059 0
5060 0
5061 0
5062 0
5063 0
5064 0
5065 0
5066 0
5067 0
5068 0
5069 0
5070 0
5071 0
5072 0
5073 0
5074 0
5075 0
5076 0
5077 0
5078 0
5079 0
5080 0
5081 0
5082 0
5083 0
5084 0
5085 0
5086 0
5087 0
5088 0
5089 0
5090 0
5091 0
5092 0
5093 0
5094 0
5095 0
5096 0
5097 0
5098 0
5099 0
5100 0
5101 0
5102 0
5103 0
5104 0
5105 0
5106 0
5107 0
5108 0
5109 0
5110 0
5111 0
5112 0
5113 0
5114 0
5115 0
5116 0
5117 0
5118 0
5119 0
5120 0
5121 0
5122 0
5123 0
5124 0
5125 0
5126 0
5127 0
5128 0
5129 0
5130 0
5131 0
5132 0
5133 0
5134 0
5135 0
5136 0
5137 0
5138 0
5139 0
5140 0
5141 0
5142 0
5143 0
5144 0
5145 0
5146 0
5147 0
5148 0
5149 0
5150 0
5151 0
5152 0
5153 0
5154 0
5155 0
5156 0
5157 0
5158 0
5159 0
5160 0
5161 0
5162 0
5163 0
5164 0
5165 0
5166 0
5167 0
5168 0
5169 0
5170 0
5171 0
5172 0
5173 0
5174 0
5175 0
5176 0
5177 0
5178 0
5179 0
5180 0
5181 0
5182 0
5183 0
5184 0
5185 0
5186 0
5187 0
5188 0
5189 0
5190 0
5191 0
5192 0
5193 0
5194 0
5195 0
5196 0
5197 0
5198 0
5199 0
5200 0
5201 0
5202 0
5203 0
5204 0
5205 0
5206 0
5207 0
5208 0
5209 0
5210 0
5211 0
5212 0
5213 0
5214 0
5215 0
5216 0
5217 0
5218 0
5219 0
5220 0
5221 0
5222 0
5223 0
5224 0
5225 0
5226 0
5227 0
5228 0
5229 0
5230 0
5231 0
5232 0
5233 0
5234 0
5235 0
5236 0
5237 0
5238 0
5239 0
5240 0
5241 0
5242 0
5243 0
5244 0
5245 0
5246 0
5247 0
5248 0
5249 0
5250 0
5251 0
5252 0
5253 0
5254 0
5255 0
5256 0
5257 0
5258 0
5259 0
5260 0
5261 0
5262 0
5263 0
5264 0
5265 0
5266 0
5267 0
5268 0
5269 0
5270 0
5271 0
5272 0
5273 0
5274 0
5275 0
5276 0
5277 0
5278 0
5279 0
5280 0
5281 0
5282 0
5283 0
5284 0
5285 0
5286 0
5287 0
5288 0
5289 0
5290 0
5291 0
5292 0
5293 0
5294 0
5295 0
5296 0
5297 0
5298 0
5299 0
5300 0
5301 0
5302 0
5303 0
5304 0
5305 0
5306 0
5307 0
5308 0
5309 0
5310 0
5311 0
5312 0
5313 0
5314 0
5315 0
5316 0
5317 0
5318 0
5319 0
5320 0
5321 0
5322 0
5323 0
5324 0
5325 0
5326 0
5327 0
5328 0
5329 0
5330 0
5331 0
5332 0
5333 0
5334 0
5335 0
5336 0
5337 0
5338 0
5339 0
5340 0
5341 0
5342 0
5343 0
5344 0
5345 0
5346 0
5347 0
5348 0
5349 0
5350 0
5351 0
5352 0
5353 0
5354 0
5355 0
5356 0
5357 0
5358 0
5359 0
5360 0
5361 0
5362 0
5363 0
5364 0
5365 0
5366 0
5367 0
5368 0
5369 0
5370 0
5371 0
5372 0
5373 0
5374 0
5375 0
5376 0
5377 0
5378 0
5379 0
5380 0
5381 0
5382 0
5383 0
5384 0
5385 0
5386 0
5387 0
5388 0
5389 0
5390 0
5391 0
5392 0
5393 0
5394 0
5395 0
5396 0
5397 0
5398 0
5399 0
5400 0
5401 0
5402 0
5403 0
5404 0
5405 0
5406 0
5407 0
5408 0
5409 0
5410 0
5411 0
5412 0
5413 0
5414 0
5415 0
5416 0
5417 0
5418 0
5419 0
5420 0
5421 0
5422 0
5423 0
5424 0
5425 0
5426 0
5427 0
5428 0
5429 0
5430 0
5431 0
5432 0
5433 0
5434 0
5435 0
5436 0
5437 0
5438 0
5439 0
5440 0
5441 0
5442 0
5443 0
5444 0
5445 0
5446 0
5447 0
5448 0
5449 0
5450 0
5451 0
5452 0
5453 0
5454 0
5455 0
5456 0
5457 0
5458 0
5459 0
5460 0
5461 0
5462 0
5463 0
5464 0
5465 0
5466 0
5467 0
5468 0
5469 0
5470 0
5471 0
5472 0
5473 0
5474 0
5475 0
5476 0
5477 0
5478 0
5479 0
5480 0
5481 0
5482 0
5483 0
5484 0
5485 0
5486 0
5487 0
5488 0
5489 0
5490 0
5491 0
5492 0
5493 0
5494 0
5495 0
5496 0
5497 0
5498 0
5499 0
5500 0
5501 0
5502 0
5503 0
5504 0
5505 0
5506 0
5507 0
5508 0
5509 0
5510 0
5511 0
5512 0
5513 0
5514 0
5515 0
5516 0
5517 0
5518 0
5519 0
5520 0
5521 0
5522 0
5523 0
5524 0
5525 0
5526 0
5527 0
5528 0
5529 0
5530 0
5531 0
5532 0
5533 0
5534 0
5535 0
5536 0
5537 0
5538 0
5539 0
5540 0
5541 0
5542 0
5543 0
5544 0
5545 0
5546 0
5547 0
5548 0
5549 0
5550 0
5551 0
5552 0
5553 0
5554 0
5555 0
5556 0
5557 0
5558 0
5559 0
5560 0
5561 0
5562 0
5563 0
5564 0
5565 0
5566 0
5567 0
5568 0
5569 0
5570 0
5571 0
5572 0
5573 0
5574 0
5575 0
5576 0
5577 0
5578 0
5579 0
5580 0
5581 0
5582 0
5583 0
5584 0
5585 0
5586 0
5587 0
5588 0
5589 0
5590 0
5591 0
5592 0
5593 0
5594 0
5595 0
5596 0
5597 0
5598 0
5599 0
5600 0
5601 0
5602 0
5603 0
5604 0
5605 0
5606 0
5607 0
5608 0
5609 0
5610 0
5611 0
5612 0
5613 0
5614 0
5615 0
5616 0
5617 0
5618 0
5619 0
5620 0
5621 0
5622 0
5623 0
5624 0
5625 0
5626 0
5627 0
5628 0
5629 0
5630 0
5631 0
5632 0
5633 0
5634 0
5635 0
5636 0
5637 0
5638 0
5639 0
5640 0
5641 0
5642 0
5643 0
5644 0
5645 0
5646 0
5647 0
5648 0
5649 0
5650 0
5651 0
5652 0
5653 0
5654 0
5655 0
5656 0
5657 0
5658 0
5659 0
5660 0
5661 0
5662 0
5663 0
5664 0
5665 0
5666 0
5667 0
5668 0
5669 0
5670 0
5671 0
5672 0
5673 0
5674 0
5675 0
5676 0
5677 0
5678 0
5679 0
5680 0
5681 0
5682 0
5683 0
5684 0
5685 0
5686 0
5687 0
5688 0
5689 0
5690 0
5691 0
5692 0
5693 0
5694 0
5695 0
5696 0
5697 0
5698 0
5699 0
5700 0
5701 0
5702 0
5703 0
5704 0
5705 0
5706 0
5707 0
5708 0
5709 0
5710 0
5711 0
5712 0
5713 0
5714 0
5715 0
5716 0
5717 0
5718 0
5719 0
5720 0
5721 0
5722 0
5723 0
5724 0
5725 0
5726 0
5727 0
5728 0
5729 0
5730 0
5731 0
5732 0
5733 0
5734 0
5735 0
5736 0
5737 0
5738 0
5739 0
5740 0
5741 0
5742 0
5743 0
5744 0
5745 0
5746 0
5747 0
5748 0
5749 0
5750 0
5751 0
5752 0
5753 0
5754 0
5755 0
5756 0
5757 0
5758 0
5759 0
5760 0
5761 0
5762 0
5763 0
5764 0
5765 0
5766 0
5767 0
5768 0
5769 0
5770 0
5771 0
5772 0
5773 0
5774 0
5775 0
5776 0
5777 0
5778 0
5779 0
5780 0
5781 0
5782 0
5783 0
5784 0
5785 0
5786 0
5787 0
5788 0
5789 0
5790 0
5791 0
5792 0
5793 0
5794 0
5795 0
5796 0
5797 0
5798 0
5799 0
5800 0
5801 0
5802 0
5803 0
5804 0
5805 0
5806 0
5807 0
5808 0
5809 0
5810 0
5811 0
5812 0
5813 0
5814 0
5815 0
5816 0
5817 0
5818 0
5819 0
5820 0
5821 0
5822 0
5823 0
5824 0
5825 0
5826 0
5827 0
5828 0
5829 0
5830 0
5831 0
5832 0
5833 0
5834 0
5835 0
5836 0
5837 0
5838 0
5839 0
5840 0
5841 0
5842 0
5843 0
5844 0
5845 0
5846 0
5847 0
5848 0
5849 0
5850 0
5851 0
5852 0
5853 0
5854 0
5855 0
5856 0
5857 0
5858 0
5859 0
5860 0
5861 0
5862 0
5863 0
5864 0
5865 0
5866 0
5867 0
5868 0
5869 0
5870 0
5871 0
5872 0
5873 0
5874 0
5875 0
5876 0
5877 0
5878 0
5879 0
5880 0
5881 0
5882 0
5883 0
5884 0
5885 0
5886 0
5887 0
5888 0
5889 0
5890 0
5891 0
5892 0
5893 0
5894 0
5895 0
5896 0
5897 0
5898 0
5899 0
5900 0
5901 0
5902 0
5903 0
5904 0
5905 0
5906 0
5907 0
5908 0
5909 0
5910 0
5911 0
5912 0
5913 0
5914 0
5915 0
5916 0
5917 0
5918 0
5919 0
5920 0
5921 0
5922 0
5923 0
5924 0
5925 0
5926 0
5927 0
5928 0
5929 0
5930 0
5931 0
5932 0
5933 0
5934 0
5935 0
5936 0
5937 0
5938 0
5939 0
5940 0
5941 0
5942 0
5943 0
5944 0
5945 0
5946 0
5947 0
5948 0
5949 0
5950 0
5951 0
5952 0
5953 0
5954 0
5955 0
5956 0
5957 0
5958 0
5959 0
5960 0
5961 0
5962 0
5963 0
5964 0
5965 0
5966 0
5967 0
5968 0
5969 0
5970 0
5971 0
5972 0
5973 0
5974 0
5975 0
5976 0
5977 0
5978 0
5979 0
5980 0
5981 0
5982 0
5983 0
5984 0
5985 0
5986 0
5987 0
5988 0
5989 0
5990 0
5991 0
5992 0
5993 0
5994 0
5995 0
5996 0
5997 0
5998 0
5999 0
6000 0
6001 0
6002 0
6003 0
6004 0
6005 0
6006 0
6007 0
6008 0
6009 0
6010 0
6011 0
6012 0
6013 0
6014 0
6015 0
6016 0
6017 0
6018 0
6019 0
6020 0
6021 0
6022 0
6023 0
6024 0
6025 0
6026 0
6027 0
6028 0
6029 0
6030 0
6031 0
6032 0
6033 0
6034 0
6035 0
6036 0
6037 0
6038 0
6039 0
6040 0
6041 0
6042 0
6043 0
6044 0
6045 0
6046 0
6047 0
6048 0
6049 0
6050 0
6051 0
6052 0
6053 0
6054 0
6055 0
6056 0
6057 0
6058 0
6059 0
6060 0
6061 0
6062 0
6063 0
6064 0
6065 0
6066 0
6067 0
6068 0
6069 0
6070 0
6071 0
6072 0
6073 0
6074 0
6075 0
6076 0
6077 0
6078 0
6079 0
6080 0
6081 0
6082 0
6083 0
6084 0
6085 0
6086 0
6087 0
6088 0
6089 0
6090 0
6091 0
6092 0
6093 0
6094 0
6095 0
6096 0
6097 0
6098 0
6099 0
6100 0
6101 0
6102 0
6103 0
6104 0
6105 0
6106 0
6107 0
6108 0
6109 0
6110 0
6111 0
6112 0
6113 0
6114 0
6115 0
6116 0
6117 0
6118 0
6119 0
6120 0
6121 0
6122 0
6123 0
6124 0
6125 0
6126 0
6127 0
6128 0
6129 0
6130 0
6131 0
6132 0
6133 0
6134 0
6135 0
6136 0
6137 0
6138 0
6139 0
6140 0
6141 0
6142 0
6143 0
6144 0
6145 0
6146 0
6147 0
6148 0
6149 0
6150 0
6151 0
6152 0
6153 0
6154 0
6155 0
6156 0
6157 0
6158 0
6159 0
6160 0
6161 0
6162 0
6163 0
6164 0
6165 0
6166 0
6167 0
6168 0
6169 0
6170 0
6171 0
6172 0
6173 0
6174 0
6175 0
6176 0
6177 0
6178 0
6179 0
6180 0
6181 0
6182 0
6183 0
6184 0
6185 0
6186 0
6187 0
6188 0
6189 0
6190 0
6191 0
6192 0
6193 0
6194 0
6195 0
6196 0
6197 0
6198 0
6199 0
6200 0
6201 0
6202 0
6203 0
6204 0
6205 0
6206 0
6207 0
6208 0
6209 0
6210 0
6211 0
6212 0
6213 0
6214 0
6215 0
6216 0
6217 0
6218 0
6219 0
6220 0
6221 0
6222 0
6223 0
6224 0
6225 0
6226 0
6227 0
6228 0
6229 0
6230 0
6231 0
6232 0
6233 0
6234 0
6235 0
6236 0
6237 0
6238 0
6239 0
6240 0
6241 0
6242 0
6243 0
6244 0
6245 0
6246 0
6247 0
6248 0
6249 0
6250 0
6251 0
6252 0
6253 0
6254 0
6255 0
6256 0
6257 0
6258 0
6259 0
6260 0
6261 0
6262 0
6263 0
6264 0
6265 0
6266 0
6267 0
6268 0
6269 0
6270 0
6271 0
6272 0
6273 0
6274 0
6275 0
6276 0
6277 0
6278 0
6279 0
6280 0
6281 0
6282 0
6283 0
6284 0
6285 0
6286 0
6287 0
6288 0
6289 0
6290 0
6291 0
6292 0
6293 0
6294 0
6295 0
6296 0
6297 0
6298 0
6299 0
6300 0
6301 0
6302 0
6303 0
6304 0
6305 0
6306 0
6307 0
6308 0
6309 0
6310 0
6311 0
6312 0
6313 0
6314 0
6315 0
6316 0
6317 0
6318 0
6319 0
6320 0
6321 0
6322 0
6323 0
6324 0
6325 0
6326 0
6327 0
6328 0
6329 0
6330 0
6331 0
6332 0
6333 0
6334 0
6335 0
6336 0
6337 0
6338 0
6339 0
6340 0
6341 0
6342 0
6343 0
6344 0
6345 0
6346 0
6347 0
6348 0
6349 0
6350 0
6351 0
6352 0
6353 0
6354 0
6355 0
6356 0
6357 0
6358 0
6359 0
6360 0
6361 0
6362 0
6363 0
6364 0
6365 0
6366 0
6367 0
6368 0
6369 0
6370 0
6371 0
6372 0
6373 0
6374 0
6375 0
6376 0
6377 0
6378 0
6379 0
6380 0
6381 0
6382 0
6383 0
6384 0
6385 0
6386 0
6387 0
6388 0
6389 0
6390 0
6391 0
6392 0
6393 0
6394 0
6395 0
6396 0
6397 0
6398 0
6399 0
6400 0
6401 0
6402 0
6403 0
6404 0
6405 0
6406 0
6407 0
6408 0
6409 0
6410 0
6411 0
6412 0
6413 0
6414 0
6415 0
6416 0
6417 0
6418 0
6419 0
6420 0
6421 0
6422 0
6423 0
6424 0
6425 0
6426 0
6427 0
6428 0
6429 0
6430 0
6431 0
6432 0
6433 0
6434 0
6435 0
6436 0
6437 0
6438 0
6439 0
6440 0
6441 0
6442 0
6443 0
6444 0
6445 0
6446 0
6447 0
6448 0
6449 0
6450 0
6451 0
6452 0
6453 0
6454 0
6455 0
6456 0
6457 0
6458 0
6459 0
6460 0
6461 0
6462 0
6463 0
6464 0
6465 0
6466 0
6467 0
6468 0
6469 0
6470 0
6471 0
6472 0
6473 0
6474 0
6475 0
6476 0
6477 0
6478 0
6479 0
6480 0
6481 0
6482 0
6483 0
6484 0
6485 0
6486 0
6487 0
6488 0
6489 0
6490 0
6491 0
6492 0
6493 0
6494 0
6495 0
6496 0
6497 0
6498 0
6499 0
6500 0
6501 0
6502 0
6503 0
6504 0
6505 0
6506 0
6507 0
6508 0
6509 0
6510 0
6511 0
6512 0
6513 0
6514 0
6515 0
6516 0
6517 0
6518 0
6519 0
6520 0
6521 0
6522 0
6523 0
6524 0
6525 0
6526 0
6527 0
6528 0
6529 0
6530 0
6531 0
6532 0
6533 0
6534 0
6535 0
6536 0
6537 0
6538 0
6539 0
6540 0
6541 0
6542 0
6543 0
6544 0
6545 0
6546 0
6547 0
6548 0
6549 0
6550 0
6551 0
6552 0
6553 0
6554 0
6555 0
6556 0
6557 0
6558 0
6559 0
6560 0
6561 0
6562 0
6563 0
6564 0
6565 0
6566 0
6567 0
6568 0
6569 0
6570 0
6571 0
6572 0
6573 0
6574 0
6575 0
6576 0
6577 0
6578 0
6579 0
6580 0
6581 0
6582 0
6583 0
6584 0
6585 0
6586 0
6587 0
6588 0
6589 0
6590 0
6591 0
6592 0
6593 0
6594 0
6595 0
6596 0
6597 0
6598 0
6599 0
6600 0
6601 0
6602 0
6603 0
6604 0
6605 0
6606 0
6607 0
6608 0
6609 0
6610 0
6611 0
6612 0
6613 0
6614 0
6615 0
6616 0
6617 0
6618 0
6619 0
6620 0
6621 0
6622 0
6623 0
6624 0
6625 0
6626 0
6627 0
6628 0
6629 0
6630 0
6631 0
6632 0
6633 0
6634 0
6635 0
6636 0
6637 0
6638 0
6639 0
6640 0
6641 0
6642 0
6643 0
6644 0
6645 0
6646 0
6647 0
6648 0
6649 0
6650 0
6651 0
6652 0
6653 0
6654 0
6655 0
6656 0
6657 0
6658 0
6659 0
6660 0
6661 0
6662 0
6663 0
6664 0
6665 0
6666 0
6667 0
6668 0
6669 0
6670 0
6671 0
6672 0
6673 0
6674 0
6675 0
6676 0
6677 0
6678 0
6679 0
6680 0
6681 0
6682 0
6683 0
6684 0
6685 0
6686 0
6687 0
6688 0
6689 0
6690 0
6691 0
6692 0
6693 0
6694 0
6695 0
6696 0
6697 0
6698 0
6699 0
6700 0
6701 0
6702 0
6703 0
6704 0
6705 0
6706 0
6707 0
6708 0
6709 0
6710 0
6711 0
6712 0
6713 0
6714 0
6715 0
6716 0
6717 0
6718 0
6719 0
6720 0
6721 0
6722 0
6723 0
6724 0
6725 0
6726 0
6727 0
6728 0
6729 0
6730 0
6731 0
6732 0
6733 0
6734 0
6735 0
6736 0
6737 0
6738 0
6739 0
6740 0
6741 0
6742 0
6743 0
6744 0
6745 0
6746 0
6747 0
6748 0
6749 0
6750 0
6751 0
6752 0
6753 0
6754 0
6755 0
6756 0
6757 0
6758 0
6759 0
6760 0
6761 0
6762 0
6763 0
6764 0
6765 0
6766 0
6767 0
6768 0
6769 0
6770 0
6771 0
6772 0
6773 0
6774 0
6775 0
6776 0
6777 0
6778 0
6779 0
6780 0
6781 0
6782 0
6783 0
6784 0
6785 0
6786 0
6787 0
6788 0
6789 0
6790 0
6791 0
6792 0
6793 0
6794 0
6795 0
6796 0
6797 0
6798 0
6799 0
6800 0
6801 0
6802 0
6803 0
6804 0
6805 0
6806 0
6807 0
6808 0
6809 0
6810 0
6811 0
6812 0
6813 0
6814 0
6815 0
6816 0
6817 0
6818 0
6819 0
6820 0
6821 0
6822 0
6823 0
6824 0
6825 0
6826 0
6827 0
6828 0
6829 0
6830 0
6831 0
6832 0
6833 0
6834 0
6835 0
6836 0
6837 0
6838 0
6839 0
6840 0
6841 0
6842 0
6843 0
6844 0
6845 0
6846 0
6847 0
6848 0
6849 0
6850 0
6851 0
6852 0
6853 0
6854 0
6855 0
6856 0
6857 0
6858 0
6859 0
6860 0
6861 0
6862 0
6863 0
6864 0
6865 0
6866 0
6867 0
6868 0
6869 0
6870 0
6871 0
6872 0
6873 0
6874 0
6875 0
6876 0
6877 0
6878 0
6879 0
6880 0
6881 0
6882 0
6883 0
6884 0
6885 0
6886 0
6887 0
6888 0
6889 0
6890 0
6891 0
6892 0
6893 0
6894 0
6895 0
6896 0
6897 0
6898 0
6899 0
6900 0
6901 0
6902 0
6903 0
6904 0
6905 0
6906 0
6907 0
6908 0
6909 0
6910 0
6911 0
6912 0
6913 0
6914 0
6915 0
6916 0
6917 0
6918 0
6919 0
6920 0
6921 0
6922 0
6923 0
6924 0
6925 0
6926 0
6927 0
6928 0
6929 0
6930 0
6931 0
6932 0
6933 0
6934 0
6935 0
6936 0
6937 0
6938 0
6939 0
6940 0
6941 0
6942 0
6943 0
6944 0
6945 0
6946 0
6947 0
6948 0
6949 0
6950 0
6951 0
6952 0
6953 0
6954 0
6955 0
6956 0
6957 0
6958 0
6959 0
6960 0
6961 0
6962 0
6963 0
6964 0
6965 0
6966 0
6967 0
6968 0
6969 0
6970 0
6971 0
6972 0
6973 0
6974 0
6975 0
6976 0
6977 0
6978 0
6979 0
6980 0
6981 0
6982 0
6983 0
6984 0
6985 0
6986 0
6987 0
6988 0
6989 0
6990 0
6991 0
6992 0
6993 0
6994 0
6995 0
6996 0
6997 0
6998 0
6999 0
7000 0
7001 0
7002 0
7003 0
7004 0
7005 0
7006 0
7007 0
7008 0
7009 0
7010 0
7011 0
7012 0
7013 0
7014 0
7015 0
7016 0
7017 0
7018 0
7019 0
7020 0
7021 0
7022 0
7023 0
7024 0
7025 0
7026 0
7027 0
7028 0
7029 0
7030 0
7031 0
7032 0
7033 0
7034 0
7035 0
7036 0
7037 0
7038 0
7039 0
7040 0
7041 0
7042 0
7043 0
7044 0
7045 0
7046 0
7047 0
7048 0
7049 0
7050 0
7051 0
7052 0
7053 0
7054 0
7055 0
7056 0
