0 3.20224
1 3.20245
2 3.20267
3 3.20287
4 3.20307
5 3.20329
6 3.20348
7 3.20367
8 3.20389
9 3.20408
10 3.20427
11 3.20447
12 3.20466
13 3.20485
14 3.20503
15 3.20521
16 3.20538
17 3.20557
18 3.20574
19 3.20591
20 3.20609
21 3.20625
22 3.20643
23 3.20659
24 3.20675
25 3.20691
26 3.20708
27 3.20723
28 3.20739
29 3.20754
30 3.2077
31 3.20785
32 3.20799
33 3.20815
34 3.2083
35 3.20845
36 3.20858
37 3.20873
38 3.20887
39 3.20901
40 3.20914
41 3.2093
42 3.20942
43 3.20956
44 3.2097
45 3.20984
46 3.20997
47 3.21011
48 3.21024
49 3.21038
50 3.21053
51 3.21065
52 3.21078
53 3.2109
54 3.21104
55 3.21118
56 3.21132
57 3.21144
58 3.21157
59 3.21171
60 3.21185
61 3.21199
62 3.21212
63 3.21226
64 3.21241
65 3.21255
66 3.21271
67 3.21285
68 3.21299
69 3.21315
70 3.21332
71 3.21347
72 3.21363
73 3.21381
74 3.21397
75 3.21416
76 3.21433
77 3.21454
78 3.21471
79 3.21491
80 3.21513
81 3.21533
82 3.21555
83 3.21577
84 3.21599
85 3.21626
86 3.21649
87 3.21675
88 3.21702
89 3.21731
90 3.2176
91 3.21791
92 3.21821
93 3.21854
94 3.21889
95 3.21926
96 3.21962
97 3.22002
98 3.22042
99 3.22083
100 3.22128
101 3.22174
102 3.22223
103 3.22273
104 3.22325
105 3.2238
106 3.22438
107 3.22498
108 3.22561
109 3.22626
110 3.22694
111 3.22766
112 3.2284
113 3.22918
114 3.22999
115 3.23084
116 3.23173
117 3.23263
118 3.23362
119 3.23462
120 3.23567
121 3.23678
122 3.23791
123 3.23909
124 3.24034
125 3.24164
126 3.24301
127 3.24439
128 3.24586
129 3.24738
130 3.24899
131 3.25063
132 3.25237
133 3.25415
134 3.25601
135 3.25795
136 3.25996
137 3.26205
138 3.26422
139 3.26648
140 3.26882
141 3.27127
142 3.2738
143 3.27642
144 3.27913
145 3.28194
146 3.28488
147 3.2879
148 3.29106
149 3.2943
150 3.29765
151 3.30115
152 3.30475
153 3.3085
154 3.31235
155 3.31633
156 3.32046
157 3.32473
158 3.32912
159 3.33366
160 3.33836
161 3.3432
162 3.3482
163 3.35335
164 3.35867
165 3.36412
166 3.36978
167 3.3756
168 3.38158
169 3.38774
170 3.39409
171 3.40061
172 3.40732
173 3.41425
174 3.42134
175 3.42863
176 3.43612
177 3.44383
178 3.45174
179 3.45986
180 3.46818
181 3.47673
182 3.48549
183 3.49447
184 3.50369
185 3.51312
186 3.52279
187 3.5327
188 3.54283
189 3.5532
190 3.56383
191 3.57468
192 3.5858
193 3.59714
194 3.60876
195 3.62061
196 3.63273
197 3.64512
198 3.65776
199 3.67064
200 3.68381
201 3.69725
202 3.71095
203 3.72489
204 3.73913
205 3.75364
206 3.76843
207 3.78348
208 3.79881
209 3.81442
210 3.83032
211 3.84649
212 3.86293
213 3.87968
214 3.8967
215 3.91401
216 3.93158
217 3.94946
218 3.9676
219 3.98604
220 4.00477
221 4.02378
222 4.04308
223 4.06267
224 4.08254
225 4.10272
226 4.12319
227 4.14393
228 4.16497
229 4.1863
230 4.20792
231 4.22982
232 4.252
233 4.2745
234 4.29729
235 4.32036
236 4.3437
237 4.36737
238 4.39133
239 4.4156
240 4.44012
241 4.46496
242 4.49011
243 4.51554
244 4.54125
245 4.56731
246 4.59366
247 4.62031
248 4.64726
249 4.67449
250 4.70207
251 4.72994
252 4.75813
253 4.78665
254 4.81549
255 4.84465
256 4.87414
257 4.90397
258 4.93412
259 4.96462
260 4.99546
261 5.02665
262 5.05818
263 5.09012
264 5.12235
265 5.15501
266 5.18805
267 5.22145
268 5.25523
269 5.28946
270 5.32401
271 5.35907
272 5.39449
273 5.43038
274 5.46668
275 5.50345
276 5.54068
277 5.57838
278 5.61655
279 5.65521
280 5.69436
281 5.73407
282 5.77429
283 5.81503
284 5.85633
285 5.8982
286 5.94064
287 5.98368
288 6.02735
289 6.07159
290 6.11649
291 6.16203
292 6.20822
293 6.25515
294 6.30271
295 6.35102
296 6.40002
297 6.44982
298 6.50035
299 6.55166
300 6.60376
301 6.65674
302 6.71047
303 6.76508
304 6.82059
305 6.87692
306 6.93427
307 6.99243
308 7.05158
309 7.11168
310 7.17278
311 7.23469
312 7.29779
313 7.36195
314 7.4271
315 7.49343
316 7.56081
317 7.6293
318 7.69895
319 7.76968
320 7.84162
321 7.91476
322 7.98911
323 8.06467
324 8.14148
325 8.21961
326 8.29894
327 8.37958
328 8.46152
329 8.54485
330 8.62949
331 8.71544
332 8.80286
333 8.89158
334 8.98174
335 9.07326
336 9.16631
337 9.2608
338 9.35665
339 9.45406
340 9.55284
341 9.65319
342 9.7547
343 9.85804
344 9.96287
345 10.0692
346 10.1771
347 10.2865
348 10.3975
349 10.51
350 10.624
351 10.7396
352 10.8567
353 10.9753
354 11.0955
355 11.2172
356 11.3405
357 11.4652
358 11.5915
359 11.7193
360 11.8487
361 11.9794
362 12.1118
363 12.2455
364 12.3808
365 12.5175
366 12.6555
367 12.7951
368 12.936
369 13.0783
370 13.2219
371 13.3668
372 13.5131
373 13.6602
374 13.809
375 13.9589
376 14.1101
377 14.2626
378 14.416
379 14.5706
380 14.7263
381 14.8831
382 15.0406
383 15.1994
384 15.3589
385 15.5192
386 15.6805
387 15.8426
388 16.0052
389 16.1687
390 16.3329
391 16.4974
392 16.6627
393 16.8284
394 16.9945
395 17.161
396 17.3278
397 17.495
398 17.6624
399 17.8297
400 17.9973
401 18.1649
402 18.3325
403 18.5001
404 18.6675
405 18.8342
406 19.0011
407 19.1676
408 19.3338
409 19.4996
410 19.6648
411 19.8293
412 19.9934
413 20.1565
414 20.319
415 20.4805
416 20.6411
417 20.8009
418 20.9594
419 21.1169
420 21.2732
421 21.4285
422 21.582
423 21.7344
424 21.8854
425 22.0349
426 22.1826
427 22.3288
428 22.4732
429 22.6159
430 22.7568
431 22.8958
432 23.0327
433 23.1678
434 23.3009
435 23.4316
436 23.5603
437 23.6863
438 23.8104
439 23.9322
440 24.0517
441 24.1687
442 24.2831
443 24.3951
444 24.5045
445 24.6112
446 24.7154
447 24.8168
448 24.9155
449 25.0113
450 25.1044
451 25.1945
452 25.2818
453 25.3663
454 25.4477
455 25.5262
456 25.6017
457 25.6742
458 25.7437
459 25.81
460 25.8733
461 25.9336
462 25.9907
463 26.0448
464 26.0957
465 26.1434
466 26.188
467 26.2296
468 26.2679
469 26.303
470 26.3351
471 26.364
472 26.3899
473 26.4127
474 26.4324
475 26.4489
476 26.4624
477 26.4727
478 26.4801
479 26.4845
480 26.4858
481 26.4842
482 26.4795
483 26.4721
484 26.4616
485 26.4483
486 26.4322
487 26.4132
488 26.3915
489 26.3671
490 26.3399
491 26.3101
492 26.2777
493 26.2427
494 26.2052
495 26.1652
496 26.1226
497 26.0778
498 26.0305
499 25.9811
500 25.9292
501 25.8752
502 25.8192
503 25.7609
504 25.7006
505 25.6382
506 25.574
507 25.5078
508 25.4399
509 25.3699
510 25.2985
511 25.2254
512 25.1505
513 25.0741
514 24.9962
515 24.917
516 24.8361
517 24.7541
518 24.6709
519 24.5862
520 24.5005
521 24.4137
522 24.3259
523 24.2371
524 24.1472
525 24.0566
526 23.9651
527 23.8729
528 23.7798
529 23.6862
530 23.592
531 23.4973
532 23.4019
533 23.3062
534 23.21
535 23.1138
536 23.0172
537 22.9201
538 22.823
539 22.7257
540 22.6282
541 22.5308
542 22.4333
543 22.3359
544 22.2386
545 22.1414
546 22.0444
547 21.9476
548 21.8511
549 21.7547
550 21.659
551 21.5635
552 21.4683
553 21.3737
554 21.2795
555 21.1859
556 21.0928
557 21.0004
558 20.9084
559 20.8173
560 20.7267
561 20.6368
562 20.5478
563 20.4595
564 20.372
565 20.2852
566 20.1994
567 20.1144
568 20.0303
569 19.9473
570 19.865
571 19.7836
572 19.7031
573 19.6237
574 19.5452
575 19.4678
576 19.3914
577 19.316
578 19.2418
579 19.1685
580 19.0963
581 19.0252
582 18.9552
583 18.8863
584 18.8184
585 18.7517
586 18.6862
587 18.6216
588 18.5583
589 18.496
590 18.4349
591 18.3749
592 18.3161
593 18.2584
594 18.2018
595 18.1464
596 18.092
597 18.0389
598 17.9868
599 17.9358
600 17.8859
601 17.8372
602 17.7896
603 17.7431
604 17.6975
605 17.6532
606 17.6099
607 17.5676
608 17.5263
609 17.4862
610 17.447
611 17.4089
612 17.3718
613 17.3356
614 17.3005
615 17.2662
616 17.233
617 17.2008
618 17.1694
619 17.139
620 17.1094
621 17.0807
622 17.0529
623 17.026
624 16.9999
625 16.9745
626 16.9501
627 16.9264
628 16.9034
629 16.8813
630 16.8597
631 16.839
632 16.8189
633 16.7995
634 16.7807
635 16.7626
636 16.7451
637 16.7282
638 16.7118
639 16.6961
640 16.6808
641 16.666
642 16.6518
643 16.638
644 16.6246
645 16.6117
646 16.5992
647 16.5871
648 16.5754
649 16.5639
650 16.5529
651 16.542
652 16.5316
653 16.5213
654 16.5113
655 16.5015
656 16.4918
657 16.4825
658 16.4732
659 16.464
660 16.455
661 16.4461
662 16.4372
663 16.4283
664 16.4195
665 16.4107
666 16.4019
667 16.393
668 16.3842
669 16.3751
670 16.3661
671 16.3569
672 16.3476
673 16.3381
674 16.3286
675 16.3187
676 16.3087
677 16.2984
678 16.2879
679 16.2772
680 16.2662
681 16.2549
682 16.2432
683 16.2313
684 16.219
685 16.2063
686 16.1934
687 16.18
688 16.1661
689 16.1519
690 16.1373
691 16.1221
692 16.1066
693 16.0907
694 16.0742
695 16.0572
696 16.0397
697 16.0217
698 16.0032
699 15.9841
700 15.9646
701 15.9445
702 15.9237
703 15.9025
704 15.8806
705 15.8581
706 15.8351
707 15.8115
708 15.7873
709 15.7624
710 15.737
711 15.7109
712 15.6842
713 15.6569
714 15.6289
715 15.6003
716 15.571
717 15.5412
718 15.5106
719 15.4794
720 15.4476
721 15.4152
722 15.382
723 15.3483
724 15.3138
725 15.2788
726 15.2431
727 15.2067
728 15.1697
729 15.1321
730 15.0939
731 15.055
732 15.0155
733 14.9754
734 14.9346
735 14.8932
736 14.8513
737 14.8087
738 14.7654
739 14.7217
740 14.6773
741 14.6324
742 14.5869
743 14.5408
744 14.4942
745 14.447
746 14.3993
747 14.3511
748 14.3025
749 14.2532
750 14.2033
751 14.1531
752 14.1023
753 14.0511
754 13.9994
755 13.9472
756 13.8946
757 13.8415
758 13.7881
759 13.7342
760 13.6799
761 13.6252
762 13.5701
763 13.5147
764 13.4588
765 13.4028
766 13.3463
767 13.2895
768 13.2324
769 13.1751
770 13.1174
771 13.0594
772 13.0012
773 12.9427
774 12.884
775 12.8251
776 12.7659
777 12.7066
778 12.6469
779 12.5873
780 12.5273
781 12.4673
782 12.4071
783 12.3468
784 12.2864
785 12.2259
786 12.1653
787 12.1047
788 12.0439
789 11.9831
790 11.9222
791 11.8612
792 11.8003
793 11.7393
794 11.6783
795 11.6173
796 11.5564
797 11.4955
798 11.4346
799 11.3738
800 11.3131
801 11.2523
802 11.1917
803 11.1311
804 11.0708
805 11.0105
806 10.9503
807 10.8902
808 10.8303
809 10.7705
810 10.711
811 10.6515
812 10.5921
813 10.5331
814 10.4742
815 10.4155
816 10.357
817 10.2987
818 10.2407
819 10.1829
820 10.1253
821 10.0679
822 10.0108
823 9.954
824 9.89745
825 9.84111
826 9.78528
827 9.7295
828 9.67409
829 9.61892
830 9.56405
831 9.50945
832 9.45519
833 9.40129
834 9.34768
835 9.29438
836 9.24139
837 9.1888
838 9.13645
839 9.0845
840 9.03288
841 8.98162
842 8.93071
843 8.88015
844 8.82994
845 8.78009
846 8.73061
847 8.68149
848 8.63277
849 8.58437
850 8.53639
851 8.48874
852 8.44146
853 8.3946
854 8.34813
855 8.302
856 8.25626
857 8.21094
858 8.16598
859 8.12139
860 8.07722
861 8.03338
862 7.98996
863 7.94696
864 7.90431
865 7.86207
866 7.82036
867 7.77891
868 7.73781
869 7.69714
870 7.65682
871 7.61691
872 7.57737
873 7.53824
874 7.4995
875 7.46115
876 7.42317
877 7.38556
878 7.34835
879 7.31153
880 7.27507
881 7.23899
882 7.20333
883 7.16801
884 7.13307
885 7.0985
886 7.06432
887 7.03051
888 6.99705
889 6.96398
890 6.93129
891 6.89892
892 6.86694
893 6.83533
894 6.80406
895 6.77314
896 6.74257
897 6.71237
898 6.6825
899 6.65299
900 6.6238
901 6.59502
902 6.56654
903 6.53836
904 6.51056
905 6.48309
906 6.45594
907 6.42913
908 6.40273
909 6.37655
910 6.3507
911 6.32519
912 6.29995
913 6.27503
914 6.25046
915 6.22616
916 6.20219
917 6.1785
918 6.1551
919 6.13204
920 6.10923
921 6.08674
922 6.06452
923 6.04259
924 6.02095
925 5.99959
926 5.9785
927 5.95767
928 5.93714
929 5.91687
930 5.89686
931 5.87712
932 5.85763
933 5.8384
934 5.81944
935 5.80071
936 5.78224
937 5.76402
938 5.74603
939 5.72829
940 5.71081
941 5.69353
942 5.67648
943 5.65971
944 5.64311
945 5.62677
946 5.61065
947 5.59472
948 5.57903
949 5.56356
950 5.54835
951 5.53326
952 5.5184
953 5.50376
954 5.48932
955 5.47508
956 5.461
957 5.44715
958 5.43347
959 5.42
960 5.40669
961 5.39356
962 5.38064
963 5.36787
964 5.3553
965 5.34287
966 5.33065
967 5.31858
968 5.30668
969 5.29495
970 5.28336
971 5.27196
972 5.26069
973 5.24956
974 5.23862
975 5.2278
976 5.21717
977 5.20664
978 5.19629
979 5.18606
980 5.17596
981 5.16602
982 5.15619
983 5.14651
984 5.13695
985 5.12754
986 5.11824
987 5.10905
988 5.10001
989 5.09108
990 5.08226
991 5.07358
992 5.065
993 5.05654
994 5.04819
995 5.03993
996 5.0318
997 5.02377
998 5.01582
999 5.00801
1000 5.00028
1001 4.99265
1002 4.98513
1003 4.97769
1004 4.97033
1005 4.96308
1006 4.95593
1007 4.94883
1008 4.94187
1009 4.93495
1010 4.92812
1011 4.92137
1012 4.91474
1013 4.90815
1014 4.90167
1015 4.89523
1016 4.88889
1017 4.88258
1018 4.87638
1019 4.87026
1020 4.86421
1021 4.85821
1022 4.85227
1023 4.84639
1024 4.84058
1025 4.83484
1026 4.82918
1027 4.82355
1028 4.818
1029 4.81249
1030 4.80706
1031 4.80167
1032 4.79628
1033 4.79103
1034 4.78578
1035 4.7806
1036 4.77547
1037 4.77037
1038 4.76536
1039 4.76037
1040 4.75543
1041 4.75051
1042 4.74564
1043 4.74081
1044 4.73605
1045 4.7313
1046 4.72658
1047 4.72192
1048 4.71731
1049 4.71273
1050 4.70817
1051 4.70364
1052 4.69917
1053 4.69472
1054 4.69028
1055 4.6859
1056 4.68154
1057 4.67722
1058 4.6729
1059 4.66864
1060 4.66439
1061 4.66019
1062 4.65596
1063 4.65182
1064 4.64766
1065 4.64355
1066 4.63944
1067 4.63534
1068 4.63131
1069 4.62727
1070 4.62324
1071 4.61924
1072 4.61527
1073 4.61129
1074 4.60737
1075 4.60344
1076 4.59953
1077 4.59564
1078 4.59177
1079 4.58791
1080 4.58407
1081 4.58022
1082 4.5764
1083 4.57259
1084 4.5688
1085 4.56502
1086 4.56122
1087 4.55745
1088 4.55372
1089 4.55001
1090 4.54624
1091 4.54252
1092 4.53881
1093 4.5351
1094 4.53139
1095 4.52769
1096 4.524
1097 4.52036
1098 4.51667
1099 4.51298
1100 4.50934
1101 4.50566
1102 4.50204
1103 4.49837
1104 4.49472
1105 4.49109
1106 4.48746
1107 4.48383
1108 4.48018
1109 4.47655
1110 4.47294
1111 4.46931
1112 4.46569
1113 4.46207
1114 4.45845
1115 4.4548
1116 4.45119
1117 4.4476
1118 4.44395
1119 4.44034
1120 4.43673
1121 4.43311
1122 4.42949
1123 4.42587
1124 4.42225
1125 4.41861
1126 4.41498
1127 4.41137
1128 4.40772
1129 4.4041
1130 4.40045
1131 4.39684
1132 4.3932
1133 4.38956
1134 4.38592
1135 4.38224
1136 4.37861
1137 4.37494
1138 4.37128
1139 4.36762
1140 4.36396
1141 4.36028
1142 4.35663
1143 4.35293
1144 4.34925
1145 4.34557
1146 4.34185
1147 4.33817
1148 4.33446
1149 4.33076
1150 4.32703
1151 4.32332
1152 4.31961
1153 4.31588
1154 4.31213
1155 4.30842
1156 4.30464
1157 4.3009
1158 4.29715
1159 4.29338
1160 4.28962
1161 4.28585
1162 4.28207
1163 4.27829
1164 4.2745
1165 4.27068
1166 4.26688
1167 4.26309
1168 4.25927
1169 4.25545
1170 4.25161
1171 4.24778
1172 4.24395
1173 4.24006
1174 4.23622
1175 4.23238
1176 4.2285
1177 4.22462
1178 4.22074
1179 4.21685
1180 4.21297
1181 4.20906
1182 4.20517
1183 4.20124
1184 4.19733
1185 4.19338
1186 4.18946
1187 4.18553
1188 4.18157
1189 4.17761
1190 4.17364
1191 4.16967
1192 4.16568
1193 4.16173
1194 4.15772
1195 4.15376
1196 4.14972
1197 4.14573
1198 4.14172
1199 4.1377
1200 4.13364
1201 4.12961
1202 4.12557
1203 4.12151
1204 4.11748
1205 4.11342
1206 4.10933
1207 4.10528
1208 4.10118
1209 4.09711
1210 4.09298
1211 4.08888
1212 4.08479
1213 4.08067
1214 4.07653
1215 4.0724
1216 4.06829
1217 4.06413
1218 4.05999
1219 4.05581
1220 4.05169
1221 4.0475
1222 4.04334
1223 4.03913
1224 4.03496
1225 4.03074
1226 4.02655
1227 4.02235
1228 4.01814
1229 4.01392
1230 4.00969
1231 4.0055
1232 4.00123
1233 3.99701
1234 3.99273
1235 3.98849
1236 3.98425
1237 3.97998
1238 3.97569
1239 3.97142
1240 3.96715
1241 3.96287
1242 3.95857
1243 3.95426
1244 3.94996
1245 3.94565
1246 3.94135
1247 3.937
1248 3.93268
1249 3.92837
1250 3.92403
1251 3.91964
1252 3.9153
1253 3.91098
1254 3.90661
1255 3.90224
1256 3.89786
1257 3.89352
1258 3.88912
1259 3.88475
1260 3.88034
1261 3.87596
1262 3.87157
1263 3.86715
1264 3.86275
1265 3.85831
1266 3.85393
1267 3.84949
1268 3.84509
1269 3.84065
1270 3.83621
1271 3.83178
1272 3.82731
1273 3.82288
1274 3.81844
1275 3.81395
1276 3.8095
1277 3.80503
1278 3.80059
1279 3.79611
1280 3.79164
1281 3.78715
1282 3.78264
1283 3.77817
1284 3.77369
1285 3.76921
1286 3.76469
1287 3.76019
1288 3.75569
1289 3.75117
1290 3.74664
1291 3.74214
1292 3.73763
1293 3.73311
1294 3.72855
1295 3.72404
1296 3.71952
1297 3.71495
1298 3.71042
1299 3.70588
1300 3.70134
1301 3.69679
1302 3.69221
1303 3.6877
1304 3.68313
1305 3.67855
1306 3.67401
1307 3.66942
1308 3.66487
1309 3.66027
1310 3.65571
1311 3.65115
1312 3.64657
1313 3.642
1314 3.63741
1315 3.63282
1316 3.62821
1317 3.62362
1318 3.61904
1319 3.61443
1320 3.60984
1321 3.60524
1322 3.60065
1323 3.59606
1324 3.59144
1325 3.58681
1326 3.58221
1327 3.5776
1328 3.57298
1329 3.56836
1330 3.56374
1331 3.55915
1332 3.55454
1333 3.5499
1334 3.5453
1335 3.54066
1336 3.53602
1337 3.53139
1338 3.52679
1339 3.52215
1340 3.51754
1341 3.51288
1342 3.50826
1343 3.50363
1344 3.49896
1345 3.49434
1346 3.48969
1347 3.48505
1348 3.48042
1349 3.47581
1350 3.47114
1351 3.46654
1352 3.46186
1353 3.45725
1354 3.45259
1355 3.44796
1356 3.44329
1357 3.43864
1358 3.43399
1359 3.42936
1360 3.42472
1361 3.42006
1362 3.41541
1363 3.4108
1364 3.40613
1365 3.40147
1366 3.39685
1367 3.39217
1368 3.38755
1369 3.38289
1370 3.37823
1371 3.37362
1372 3.36895
1373 3.36432
1374 3.35965
1375 3.355
1376 3.35035
1377 3.34571
1378 3.34106
1379 3.33642
1380 3.33177
1381 3.32711
1382 3.32251
1383 3.31785
1384 3.31321
1385 3.30855
1386 3.30394
1387 3.29925
1388 3.29463
1389 3.28999
1390 3.28536
1391 3.28073
1392 3.27608
1393 3.27143
1394 3.26679
1395 3.26214
1396 3.25754
1397 3.25289
1398 3.24828
1399 3.24361
1400 3.23901
1401 3.23439
1402 3.22973
1403 3.22511
1404 3.22048
1405 3.21587
1406 3.21124
1407 3.20662
1408 3.20202
1409 3.1974
1410 3.19279
1411 3.18817
1412 3.18354
1413 3.17895
1414 3.17433
1415 3.16974
1416 3.16511
1417 3.16052
1418 3.15589
1419 3.15128
1420 3.14669
1421 3.14208
1422 3.13749
1423 3.1329
1424 3.12833
1425 3.12374
1426 3.11912
1427 3.11457
1428 3.10995
1429 3.1054
1430 3.10078
1431 3.09622
1432 3.09165
1433 3.08708
1434 3.08251
1435 3.07793
1436 3.07336
1437 3.06879
1438 3.06422
1439 3.05968
1440 3.05511
1441 3.05057
1442 3.04599
1443 3.04146
1444 3.03691
1445 3.03234
1446 3.0278
1447 3.02325
1448 3.01872
1449 3.01418
1450 3.00964
1451 3.00515
1452 3.00061
1453 2.99607
1454 2.99154
1455 2.987
1456 2.98252
1457 2.97796
1458 2.97348
1459 2.96897
1460 2.96447
1461 2.95996
1462 2.95546
1463 2.95096
1464 2.94646
1465 2.94197
1466 2.93749
1467 2.93302
1468 2.92852
1469 2.92406
1470 2.91958
1471 2.9151
1472 2.91065
1473 2.90618
1474 2.90171
1475 2.89724
1476 2.89278
1477 2.88833
1478 2.88392
1479 2.87946
1480 2.87501
1481 2.87055
1482 2.86613
1483 2.86169
1484 2.85728
1485 2.85282
1486 2.84842
1487 2.84401
1488 2.8396
1489 2.83519
1490 2.83077
1491 2.82637
1492 2.82195
1493 2.81754
1494 2.81317
1495 2.80878
1496 2.80442
1497 2.80001
1498 2.79566
1499 2.79125
1500 2.78688
1501 2.78253
1502 2.77817
1503 2.7738
1504 2.76944
1505 2.76509
1506 2.76076
1507 2.7564
1508 2.75204
1509 2.74773
1510 2.74337
1511 2.73908
1512 2.73472
1513 2.73041
1514 2.72611
1515 2.72181
1516 2.71746
1517 2.71315
1518 2.70886
1519 2.70458
1520 2.70029
1521 2.69599
1522 2.69169
1523 2.68743
1524 2.68314
1525 2.67889
1526 2.67464
1527 2.67034
1528 2.66609
1529 2.66183
1530 2.65759
1531 2.65335
1532 2.64911
1533 2.64486
1534 2.64065
1535 2.63641
1536 2.63217
1537 2.62799
1538 2.62376
1539 2.61955
1540 2.61536
1541 2.61112
1542 2.60694
1543 2.60274
1544 2.59855
1545 2.59436
1546 2.59022
1547 2.58604
1548 2.58185
1549 2.57772
1550 2.57352
1551 2.56938
1552 2.5652
1553 2.56107
1554 2.55694
1555 2.55281
1556 2.54867
1557 2.54454
1558 2.54042
1559 2.53628
1560 2.53216
1561 2.52808
1562 2.52396
1563 2.51984
1564 2.51575
1565 2.51168
1566 2.50756
1567 2.50348
1568 2.49943
1569 2.49536
1570 2.49128
1571 2.48721
1572 2.48315
1573 2.4791
1574 2.47507
1575 2.47101
1576 2.46699
1577 2.46294
1578 2.45891
1579 2.45491
1580 2.45088
1581 2.44685
1582 2.44286
1583 2.43885
1584 2.43484
1585 2.43084
1586 2.42686
1587 2.42289
1588 2.41888
1589 2.41492
1590 2.41093
1591 2.40698
1592 2.40303
1593 2.39909
1594 2.39514
1595 2.39118
1596 2.38725
1597 2.3833
1598 2.37937
1599 2.37543
1600 2.37154
1601 2.3676
1602 2.36372
1603 2.35979
1604 2.35589
1605 2.35199
1606 2.34811
1607 2.34423
1608 2.34035
1609 2.33648
1610 2.3326
1611 2.32873
1612 2.32489
1613 2.32104
1614 2.31718
1615 2.31335
1616 2.30953
1617 2.30566
1618 2.30183
1619 2.29801
1620 2.29419
1621 2.29038
1622 2.2866
1623 2.28279
1624 2.27897
1625 2.27521
1626 2.2714
1627 2.26763
1628 2.26386
1629 2.26007
1630 2.25631
1631 2.25255
1632 2.2488
1633 2.24505
1634 2.24131
1635 2.23756
1636 2.23381
1637 2.23011
1638 2.22637
1639 2.22267
1640 2.21893
1641 2.21525
1642 2.21152
1643 2.20782
1644 2.20413
1645 2.20044
1646 2.19676
1647 2.19308
1648 2.18941
1649 2.18577
1650 2.18211
1651 2.17843
1652 2.17479
1653 2.17114
1654 2.16751
1655 2.16385
1656 2.16023
1657 2.15662
1658 2.153
1659 2.14939
1660 2.14577
1661 2.14219
1662 2.13858
1663 2.135
1664 2.13139
1665 2.12782
1666 2.12426
1667 2.12069
1668 2.11711
1669 2.11353
1670 2.11001
1671 2.10645
1672 2.10289
1673 2.09935
1674 2.09582
1675 2.09229
1676 2.08878
1677 2.08525
1678 2.08173
1679 2.07824
1680 2.07474
1681 2.07125
1682 2.06776
1683 2.06427
1684 2.06079
1685 2.05731
1686 2.05386
1687 2.05039
1688 2.04692
1689 2.04347
1690 2.04003
1691 2.03658
1692 2.03315
1693 2.02971
1694 2.02628
1695 2.02286
1696 2.01946
1697 2.01602
1698 2.01264
1699 2.00921
1700 2.00584
1701 2.00246
1702 1.99905
1703 1.99567
1704 1.9923
1705 1.98893
1706 1.98556
1707 1.9822
1708 1.97887
1709 1.97552
1710 1.97217
1711 1.96884
1712 1.9655
1713 1.96218
1714 1.95887
1715 1.95554
1716 1.95222
1717 1.94892
1718 1.94563
1719 1.94233
1720 1.93904
1721 1.93577
1722 1.93249
1723 1.92921
1724 1.92594
1725 1.92269
1726 1.91944
1727 1.91618
1728 1.91292
1729 1.90968
1730 1.90643
1731 1.90323
1732 1.89999
1733 1.89678
1734 1.89355
1735 1.89035
1736 1.88716
1737 1.88393
1738 1.88075
1739 1.87756
1740 1.87437
1741 1.87119
1742 1.86801
1743 1.86487
1744 1.86169
1745 1.85853
1746 1.8554
1747 1.85223
1748 1.8491
1749 1.84597
1750 1.84283
1751 1.8397
1752 1.83658
1753 1.83347
1754 1.83036
1755 1.82727
1756 1.82418
1757 1.82109
1758 1.81799
1759 1.8149
1760 1.81182
1761 1.80875
1762 1.80569
1763 1.80263
1764 1.79957
1765 1.79651
1766 1.79345
1767 1.79042
1768 1.78737
1769 1.78435
1770 1.78133
1771 1.77832
1772 1.77527
1773 1.77226
1774 1.76926
1775 1.76627
1776 1.76329
1777 1.76029
1778 1.75729
1779 1.7543
1780 1.75134
1781 1.74836
1782 1.7454
1783 1.74246
1784 1.73949
1785 1.73654
1786 1.73358
1787 1.73064
1788 1.72771
1789 1.72479
1790 1.72187
1791 1.71895
1792 1.71603
1793 1.71311
1794 1.71022
1795 1.7073
1796 1.70442
1797 1.70154
1798 1.69864
1799 1.69579
1800 1.6929
1801 1.69002
1802 1.68717
1803 1.68432
1804 1.68147
1805 1.67859
1806 1.67576
1807 1.67292
1808 1.67008
1809 1.66725
1810 1.66445
1811 1.66163
1812 1.6588
1813 1.65601
1814 1.65319
1815 1.6504
1816 1.64759
1817 1.64481
1818 1.64203
1819 1.63924
1820 1.63648
1821 1.6337
1822 1.63094
1823 1.62818
1824 1.62542
1825 1.62267
1826 1.61992
1827 1.61718
1828 1.61444
1829 1.61172
1830 1.60901
1831 1.60628
1832 1.60356
1833 1.60086
1834 1.59815
1835 1.59544
1836 1.59276
1837 1.59006
1838 1.58737
1839 1.58469
1840 1.58202
1841 1.57934
1842 1.57668
1843 1.57401
1844 1.57137
1845 1.5687
1846 1.56605
1847 1.56342
1848 1.56079
1849 1.55814
1850 1.55553
1851 1.55291
1852 1.55027
1853 1.54767
1854 1.54503
1855 1.54244
1856 1.53985
1857 1.53725
1858 1.53466
1859 1.53208
1860 1.52949
1861 1.52692
1862 1.52433
1863 1.52179
1864 1.51921
1865 1.51665
1866 1.5141
1867 1.51155
1868 1.509
1869 1.50647
1870 1.50394
1871 1.50141
1872 1.49888
1873 1.49636
1874 1.49385
1875 1.49132
1876 1.48883
1877 1.48632
1878 1.48382
1879 1.48133
1880 1.47884
1881 1.47637
1882 1.47387
1883 1.4714
1884 1.46894
1885 1.46647
1886 1.46401
1887 1.46155
1888 1.4591
1889 1.45665
1890 1.45421
1891 1.45177
1892 1.44934
1893 1.44691
1894 1.44448
1895 1.44206
1896 1.43964
1897 1.43722
1898 1.43482
1899 1.43243
1900 1.43001
1901 1.42762
1902 1.42523
1903 1.42286
1904 1.42047
1905 1.41809
1906 1.41572
1907 1.41335
1908 1.41101
1909 1.40864
1910 1.40629
1911 1.40394
1912 1.4016
1913 1.39925
1914 1.39692
1915 1.39458
1916 1.39226
1917 1.38993
1918 1.3876
1919 1.38529
1920 1.38299
1921 1.38069
1922 1.37839
1923 1.37609
1924 1.37379
1925 1.37149
1926 1.36922
1927 1.36694
1928 1.36467
1929 1.36239
1930 1.36014
1931 1.35786
1932 1.3556
1933 1.35335
1934 1.3511
1935 1.34885
1936 1.34661
1937 1.34437
1938 1.34213
1939 1.33992
1940 1.33768
1941 1.33547
1942 1.33326
1943 1.33103
1944 1.32882
1945 1.32663
1946 1.32443
1947 1.32224
1948 1.32003
1949 1.31785
1950 1.31567
1951 1.31349
1952 1.31131
1953 1.30914
1954 1.30697
1955 1.30482
1956 1.30266
1957 1.3005
1958 1.29835
1959 1.2962
1960 1.29407
1961 1.29191
1962 1.28979
1963 1.28765
1964 1.28553
1965 1.28341
1966 1.28129
1967 1.27918
1968 1.27706
1969 1.27495
1970 1.27287
1971 1.27076
1972 1.26867
1973 1.26658
1974 1.2645
1975 1.2624
1976 1.26033
1977 1.25826
1978 1.25618
1979 1.25412
1980 1.25206
1981 1.25
1982 1.24795
1983 1.24589
1984 1.24384
1985 1.24179
1986 1.23978
1987 1.23773
1988 1.23568
1989 1.23367
1990 1.23165
1991 1.22962
1992 1.22761
1993 1.2256
1994 1.22359
1995 1.22159
1996 1.21959
1997 1.21759
1998 1.21559
1999 1.2136
2000 1.21162
2001 1.20965
2002 1.20765
2003 1.20569
2004 1.20371
2005 1.20175
2006 1.19979
2007 1.19785
2008 1.19587
2009 1.19392
2010 1.19198
2011 1.19004
2012 1.18809
2013 1.18615
2014 1.18423
2015 1.18231
2016 1.18039
2017 1.17845
2018 1.17654
2019 1.17462
2020 1.17272
2021 1.17081
2022 1.1689
2023 1.167
2024 1.1651
2025 1.16321
2026 1.16132
2027 1.15943
2028 1.15757
2029 1.15569
2030 1.15381
2031 1.15195
2032 1.15007
2033 1.1482
2034 1.14634
2035 1.14449
2036 1.14264
2037 1.1408
2038 1.13895
2039 1.1371
2040 1.13525
2041 1.13343
2042 1.1316
2043 1.12978
2044 1.12794
2045 1.12613
2046 1.12431
2047 1.12249
2048 1.12068
2049 1.11888
2050 1.11707
2051 1.11527
2052 1.11348
2053 1.11169
2054 1.10989
2055 1.10811
2056 1.10633
2057 1.10454
2058 1.10277
2059 1.10101
2060 1.09922
2061 1.09746
2062 1.0957
2063 1.09394
2064 1.09218
2065 1.09043
2066 1.08868
2067 1.08695
2068 1.0852
2069 1.08346
2070 1.08172
2071 1.07999
2072 1.07826
2073 1.07655
2074 1.07482
2075 1.07309
2076 1.07138
2077 1.06966
2078 1.06796
2079 1.06626
2080 1.06456
2081 1.06286
2082 1.06115
2083 1.05947
2084 1.05777
2085 1.0561
2086 1.05442
2087 1.05272
2088 1.05105
2089 1.04938
2090 1.04771
2091 1.04605
2092 1.04439
2093 1.04272
2094 1.04106
2095 1.03941
2096 1.03777
2097 1.03612
2098 1.03448
2099 1.03283
2100 1.03118
2101 1.02957
2102 1.02793
2103 1.0263
2104 1.02468
2105 1.02305
2106 1.02143
2107 1.01982
2108 1.0182
2109 1.01659
2110 1.01498
2111 1.01338
2112 1.01178
2113 1.0102
2114 1.00861
2115 1.00701
2116 1.00542
2117 1.00384
2118 1.00225
2119 1.00068
2120 0.999098
2121 0.997527
2122 0.995961
2123 0.9944
2124 0.99282
2125 0.991261
2126 0.989715
2127 0.98816
2128 0.986605
2129 0.985052
2130 0.983519
2131 0.981965
2132 0.980433
2133 0.978886
2134 0.977361
2135 0.975833
2136 0.974289
2137 0.972769
2138 0.971248
2139 0.969729
2140 0.968212
2141 0.966696
2142 0.965198
2143 0.963686
2144 0.962174
2145 0.960687
2146 0.959177
2147 0.957689
2148 0.956192
2149 0.954702
2150 0.953216
2151 0.951738
2152 0.950255
2153 0.948774
2154 0.947298
2155 0.945819
2156 0.944354
2157 0.942891
2158 0.941416
2159 0.939963
2160 0.9385
2161 0.937046
2162 0.935599
2163 0.934138
2164 0.93269
2165 0.931246
2166 0.929805
2167 0.928366
2168 0.926928
2169 0.925491
2170 0.924071
2171 0.922638
2172 0.921206
2173 0.919792
2174 0.918362
2175 0.91695
2176 0.915547
2177 0.914123
2178 0.912714
2179 0.911306
2180 0.909908
2181 0.908505
2182 0.907106
2183 0.905715
2184 0.904313
2185 0.902933
2186 0.901536
2187 0.900162
2188 0.898768
2189 0.897391
2190 0.89602
2191 0.894645
2192 0.893275
2193 0.891894
2194 0.890538
2195 0.889175
2196 0.887811
2197 0.886449
2198 0.885089
2199 0.883742
2200 0.882384
2201 0.881044
2202 0.8797
2203 0.87835
2204 0.877013
2205 0.875682
2206 0.874331
2207 0.873
2208 0.871681
2209 0.870344
2210 0.869017
2211 0.8677
2212 0.866376
2213 0.865069
2214 0.86374
2215 0.862435
2216 0.86113
2217 0.859808
2218 0.858506
2219 0.857209
2220 0.855909
2221 0.854611
2222 0.853315
2223 0.852033
2224 0.850739
2225 0.849445
2226 0.848169
2227 0.846879
2228 0.845603
2229 0.844315
2230 0.843046
2231 0.841779
2232 0.840497
2233 0.839227
2234 0.837976
2235 0.836706
2236 0.835442
2237 0.83419
2238 0.832932
2239 0.831671
2240 0.830425
2241 0.829175
2242 0.827924
2243 0.826684
2244 0.825444
2245 0.824203
2246 0.822968
2247 0.821733
2248 0.820499
2249 0.819266
2250 0.818033
2251 0.816817
2252 0.815592
2253 0.814374
2254 0.81315
2255 0.811932
2256 0.810719
2257 0.809509
2258 0.8083
2259 0.807088
2260 0.805883
2261 0.804689
2262 0.803487
2263 0.802285
2264 0.801091
2265 0.799896
2266 0.798712
2267 0.797514
2268 0.796334
2269 0.795147
2270 0.793968
2271 0.79279
2272 0.791612
2273 0.790436
2274 0.789261
2275 0.78809
2276 0.78692
2277 0.78575
2278 0.784592
2279 0.783421
2280 0.782273
2281 0.781106
2282 0.779953
2283 0.7788
2284 0.777646
2285 0.776499
2286 0.775349
2287 0.774216
2288 0.773065
2289 0.771921
2290 0.770789
2291 0.769654
2292 0.768517
2293 0.767391
2294 0.766251
2295 0.765126
2296 0.764001
2297 0.762879
2298 0.761761
2299 0.76064
2300 0.759519
2301 0.758405
2302 0.7573
2303 0.756187
2304 0.755071
2305 0.753973
2306 0.752864
2307 0.751765
2308 0.750665
2309 0.749565
2310 0.74847
2311 0.747377
2312 0.746281
2313 0.745194
2314 0.744104
2315 0.743018
2316 0.741937
2317 0.740859
2318 0.739772
2319 0.738698
2320 0.737625
2321 0.736542
2322 0.73547
2323 0.7344
2324 0.733335
2325 0.732266
2326 0.731213
2327 0.730149
2328 0.729085
2329 0.728026
2330 0.726973
2331 0.725924
2332 0.724865
2333 0.723826
2334 0.722775
2335 0.72173
2336 0.720685
2337 0.719643
2338 0.7186
2339 0.717566
2340 0.716526
2341 0.715498
2342 0.714458
2343 0.713433
2344 0.712405
2345 0.711372
2346 0.710349
2347 0.709327
2348 0.708307
2349 0.707285
2350 0.706269
2351 0.705252
2352 0.704245
2353 0.703232
2354 0.70222
2355 0.701215
2356 0.700204
2357 0.699208
2358 0.698198
2359 0.697202
2360 0.696207
2361 0.69521
2362 0.694213
2363 0.693216
2364 0.692233
2365 0.691235
2366 0.690258
2367 0.689265
2368 0.688285
2369 0.687305
2370 0.686324
2371 0.685342
2372 0.684369
2373 0.683393
2374 0.682418
2375 0.681448
2376 0.680481
2377 0.679516
2378 0.678549
2379 0.677584
2380 0.676623
2381 0.675658
2382 0.674706
2383 0.673752
2384 0.672789
2385 0.671837
2386 0.670888
2387 0.66994
2388 0.668995
2389 0.668042
2390 0.667103
2391 0.666156
2392 0.665219
2393 0.664272
2394 0.663339
2395 0.662405
2396 0.661471
2397 0.66054
2398 0.65961
2399 0.658681
2400 0.657754
2401 0.656826
2402 0.655904
2403 0.654981
2404 0.654059
2405 0.653148
2406 0.652224
2407 0.651312
2408 0.650394
2409 0.64948
2410 0.648573
2411 0.647666
2412 0.646755
2413 0.645857
2414 0.644949
2415 0.644047
2416 0.643146
2417 0.642251
2418 0.641353
2419 0.640454
2420 0.639561
2421 0.638669
2422 0.63778
2423 0.636888
2424 0.636
2425 0.635118
2426 0.634237
2427 0.633352
2428 0.632468
2429 0.631594
2430 0.630713
2431 0.629838
2432 0.628963
2433 0.628087
2434 0.627219
2435 0.626352
2436 0.625479
2437 0.624617
2438 0.623751
2439 0.622888
2440 0.622023
2441 0.621166
2442 0.62031
2443 0.619446
2444 0.618592
2445 0.617739
2446 0.616886
2447 0.616035
2448 0.615186
2449 0.614338
2450 0.613497
2451 0.612648
2452 0.611799
2453 0.610967
2454 0.610119
2455 0.609285
2456 0.608451
2457 0.607615
2458 0.606779
2459 0.605948
2460 0.605119
2461 0.604288
2462 0.603461
2463 0.602632
2464 0.601809
2465 0.600989
2466 0.600164
2467 0.599339
2468 0.598523
2469 0.597705
2470 0.596888
2471 0.596073
2472 0.595257
2473 0.594453
2474 0.593642
2475 0.592827
2476 0.592026
2477 0.591218
2478 0.590414
2479 0.589607
2480 0.588809
2481 0.588007
2482 0.587207
2483 0.586412
2484 0.585616
2485 0.584822
2486 0.584029
2487 0.583241
2488 0.582444
2489 0.581658
2490 0.580871
2491 0.580085
2492 0.579304
2493 0.57852
2494 0.577738
2495 0.576957
2496 0.576175
2497 0.575398
2498 0.574619
2499 0.573849
2500 0.57307
2501 0.572302
2502 0.57153
2503 0.570762
2504 0.569992
2505 0.569225
2506 0.568463
2507 0.567697
2508 0.566936
2509 0.566171
2510 0.565417
2511 0.564654
2512 0.563896
2513 0.563144
2514 0.562391
2515 0.561638
2516 0.560888
2517 0.560135
2518 0.559385
2519 0.558638
2520 0.55789
2521 0.557144
2522 0.556402
2523 0.555662
2524 0.554922
2525 0.554183
2526 0.553443
2527 0.552703
2528 0.551964
2529 0.551224
2530 0.550485
2531 0.549745
2532 0.549006
2533 0.548266
2534 0.547527
2535 0.546788
2536 0.546048
2537 0.545309
2538 0.54457
2539 0.543831
2540 0.543091
2541 0.542352
2542 0.541613
2543 0.540874
2544 0.540135
2545 0.539396
2546 0.538657
2547 0.537918
2548 0.537179
2549 0.53644
2550 0.535701
2551 0.534962
2552 0.534223
2553 0.533485
2554 0.532746
2555 0.532007
2556 0.531269
2557 0.53053
2558 0.529791
2559 0.529053
2560 0.528314
2561 0.527576
2562 0.526837
2563 0.526099
2564 0.52536
2565 0.524622
2566 0.523883
2567 0.523145
2568 0.522407
2569 0.521669
2570 0.52093
2571 0.520192
2572 0.519454
2573 0.518716
2574 0.517978
2575 0.51724
2576 0.516502
2577 0.515764
2578 0.515026
2579 0.514288
2580 0.51355
2581 0.512812
2582 0.512074
2583 0.511336
2584 0.510599
2585 0.509861
2586 0.509123
2587 0.508385
2588 0.507648
2589 0.50691
2590 0.506173
2591 0.505435
2592 0.504697
2593 0.50396
2594 0.503222
2595 0.502485
2596 0.501748
2597 0.50101
2598 0.500273
2599 0.499536
2600 0.498798
2601 0.498061
2602 0.497324
2603 0.496587
2604 0.49585
2605 0.495113
2606 0.494375
2607 0.493638
2608 0.492901
2609 0.492164
2610 0.491428
2611 0.490691
2612 0.489954
2613 0.489217
2614 0.48848
2615 0.487743
2616 0.487007
2617 0.48627
2618 0.485533
2619 0.484797
2620 0.48406
2621 0.483323
2622 0.482587
2623 0.48185
2624 0.481114
2625 0.480377
2626 0.479641
2627 0.478904
2628 0.478168
2629 0.477432
2630 0.476695
2631 0.475959
2632 0.475223
2633 0.474487
2634 0.473751
2635 0.473014
2636 0.472278
2637 0.471542
2638 0.470806
2639 0.47007
2640 0.469334
2641 0.468598
2642 0.467862
2643 0.467127
2644 0.466391
2645 0.465655
2646 0.464919
2647 0.464183
2648 0.463448
2649 0.462712
2650 0.461976
2651 0.461241
2652 0.460505
2653 0.459769
2654 0.459034
2655 0.458298
2656 0.457563
2657 0.456828
2658 0.456092
2659 0.455357
2660 0.454621
2661 0.453886
2662 0.453151
2663 0.452416
2664 0.45168
2665 0.450945
2666 0.45021
2667 0.449475
2668 0.44874
2669 0.448005
2670 0.44727
2671 0.446535
2672 0.4458
2673 0.445065
2674 0.44433
2675 0.443595
2676 0.442861
2677 0.442126
2678 0.441391
2679 0.440656
2680 0.439922
2681 0.439187
2682 0.438452
2683 0.437718
2684 0.436983
2685 0.436249
2686 0.435514
2687 0.43478
2688 0.434045
2689 0.433311
2690 0.432576
2691 0.431842
2692 0.431108
2693 0.430374
2694 0.429639
2695 0.428905
2696 0.428171
2697 0.427437
2698 0.426703
2699 0.425969
2700 0.425235
2701 0.424501
2702 0.423767
2703 0.423033
2704 0.422299
2705 0.421565
2706 0.420831
2707 0.420097
2708 0.419363
2709 0.41863
2710 0.417896
2711 0.417162
2712 0.416429
2713 0.415695
2714 0.414961
2715 0.414228
2716 0.413494
2717 0.412761
2718 0.412027
2719 0.411294
2720 0.41056
2721 0.409827
2722 0.409094
2723 0.40836
2724 0.407627
2725 0.406894
2726 0.406161
2727 0.405428
2728 0.404694
2729 0.403961
2730 0.403228
2731 0.402495
2732 0.401762
2733 0.401029
2734 0.400296
2735 0.399563
2736 0.39883
2737 0.398098
2738 0.397365
2739 0.396632
2740 0.395899
2741 0.395166
2742 0.394434
2743 0.393701
2744 0.392968
2745 0.392236
2746 0.391503
2747 0.390771
2748 0.390038
2749 0.389306
2750 0.388573
2751 0.387841
2752 0.387109
2753 0.386376
2754 0.385644
2755 0.384912
2756 0.384179
2757 0.383447
2758 0.382715
2759 0.381983
2760 0.381251
2761 0.380519
2762 0.379787
2763 0.379055
2764 0.378323
2765 0.377591
2766 0.376859
2767 0.376127
2768 0.375395
2769 0.374663
2770 0.373931
2771 0.3732
2772 0.372468
2773 0.371736
2774 0.371005
2775 0.370273
2776 0.369541
2777 0.36881
2778 0.368078
2779 0.367347
2780 0.366615
2781 0.365884
2782 0.365152
2783 0.364421
2784 0.36369
2785 0.362958
2786 0.362227
2787 0.361496
2788 0.360765
2789 0.360033
2790 0.359302
2791 0.358571
2792 0.35784
2793 0.357109
2794 0.356378
2795 0.355647
2796 0.354916
2797 0.354185
2798 0.353454
2799 0.352723
2800 0.351993
2801 0.351262
2802 0.350531
2803 0.3498
2804 0.34907
2805 0.348339
2806 0.347608
2807 0.346878
2808 0.346147
2809 0.345417
2810 0.344686
2811 0.343956
2812 0.343225
2813 0.342495
2814 0.341764
2815 0.341034
2816 0.340304
2817 0.339573
2818 0.338843
2819 0.338113
2820 0.337383
2821 0.336653
2822 0.335922
2823 0.335192
2824 0.334462
2825 0.333732
2826 0.333002
2827 0.332272
2828 0.331542
2829 0.330812
2830 0.330083
2831 0.329353
2832 0.328623
2833 0.327893
2834 0.327163
2835 0.326434
2836 0.325704
2837 0.324974
2838 0.324245
2839 0.323515
2840 0.322786
2841 0.322056
2842 0.321327
2843 0.320597
2844 0.319868
2845 0.319138
2846 0.318409
2847 0.31768
2848 0.31695
2849 0.316221
2850 0.315492
2851 0.314763
2852 0.314034
2853 0.313305
2854 0.312575
2855 0.311846
2856 0.311117
2857 0.310388
2858 0.309659
2859 0.30893
2860 0.308202
2861 0.307473
2862 0.306744
2863 0.306015
2864 0.305286
2865 0.304557
2866 0.303829
2867 0.3031
2868 0.302371
2869 0.301643
2870 0.300914
2871 0.300186
2872 0.299457
2873 0.298729
2874 0.298
2875 0.297272
2876 0.296543
2877 0.295815
2878 0.295087
2879 0.294358
2880 0.29363
2881 0.292902
2882 0.292174
2883 0.291446
2884 0.290717
2885 0.289989
2886 0.289261
2887 0.288533
2888 0.287805
2889 0.287077
2890 0.286349
2891 0.285621
2892 0.284894
2893 0.284166
2894 0.283438
2895 0.28271
2896 0.281982
2897 0.281255
2898 0.280527
2899 0.279799
2900 0.279072
2901 0.278344
2902 0.277617
2903 0.276889
2904 0.276162
2905 0.275434
2906 0.274707
2907 0.273979
2908 0.273252
2909 0.272525
2910 0.271797
2911 0.27107
2912 0.270343
2913 0.269616
2914 0.268888
2915 0.268161
2916 0.267434
2917 0.266707
2918 0.26598
2919 0.265253
2920 0.264526
2921 0.263799
2922 0.263072
2923 0.262345
2924 0.261618
2925 0.260892
2926 0.260165
2927 0.259438
2928 0.258711
2929 0.257985
2930 0.257258
2931 0.256531
2932 0.255805
2933 0.255078
2934 0.254352
2935 0.253625
2936 0.252899
2937 0.252172
2938 0.251446
2939 0.25072
2940 0.249993
2941 0.249267
2942 0.248541
2943 0.247814
2944 0.247088
2945 0.246362
2946 0.245636
2947 0.24491
2948 0.244184
2949 0.243458
2950 0.242732
2951 0.242006
2952 0.24128
2953 0.240554
2954 0.239828
2955 0.239102
2956 0.238376
2957 0.23765
2958 0.236925
2959 0.236199
2960 0.235473
2961 0.234748
2962 0.234022
2963 0.233296
2964 0.232571
2965 0.231845
2966 0.23112
2967 0.230394
2968 0.229669
2969 0.228943
2970 0.228218
2971 0.227493
2972 0.226767
2973 0.226042
2974 0.225317
2975 0.224592
2976 0.223866
2977 0.223141
2978 0.222416
2979 0.221691
2980 0.220966
2981 0.220241
2982 0.219516
2983 0.218791
2984 0.218066
2985 0.217341
2986 0.216616
2987 0.215892
2988 0.215167
2989 0.214442
2990 0.213717
2991 0.212993
2992 0.212268
2993 0.211543
2994 0.210819
2995 0.210094
2996 0.20937
2997 0.208645
2998 0.207921
2999 0.207196
3000 0.206472
3001 0.205747
3002 0.205023
3003 0.204299
3004 0.203574
3005 0.20285
3006 0.202126
3007 0.201402
3008 0.200678
3009 0.199953
3010 0.199229
3011 0.198505
3012 0.197781
3013 0.197057
3014 0.196333
3015 0.195609
3016 0.194885
3017 0.194162
3018 0.193438
3019 0.192714
3020 0.19199
3021 0.191266
3022 0.190543
3023 0.189819
3024 0.189095
3025 0.188372
3026 0.187648
3027 0.186925
3028 0.186201
3029 0.185478
3030 0.184754
3031 0.184031
3032 0.183307
3033 0.182584
3034 0.181861
3035 0.181137
3036 0.180414
3037 0.179691
3038 0.178968
3039 0.178245
3040 0.177521
3041 0.176798
3042 0.176075
3043 0.175352
3044 0.174629
3045 0.173906
3046 0.173183
3047 0.17246
3048 0.171737
3049 0.171015
3050 0.170292
3051 0.169569
3052 0.168846
3053 0.168124
3054 0.167401
3055 0.166678
3056 0.165956
3057 0.165233
3058 0.16451
3059 0.163788
3060 0.163065
3061 0.162343
3062 0.161621
3063 0.160898
3064 0.160176
3065 0.159453
3066 0.158731
3067 0.158009
3068 0.157287
3069 0.156564
3070 0.155842
3071 0.15512
3072 0.154398
3073 0.153676
3074 0.152954
3075 0.152232
3076 0.15151
3077 0.150788
3078 0.150066
3079 0.149344
3080 0.148622
3081 0.1479
3082 0.147179
3083 0.146457
3084 0.145735
3085 0.145014
3086 0.144292
3087 0.14357
3088 0.142849
3089 0.142127
3090 0.141406
3091 0.140684
3092 0.139963
3093 0.139241
3094 0.13852
3095 0.137798
3096 0.137077
3097 0.136356
3098 0.135634
3099 0.134913
3100 0.134192
3101 0.133471
3102 0.13275
3103 0.132029
3104 0.131307
3105 0.130586
3106 0.129865
3107 0.129144
3108 0.128423
3109 0.127702
3110 0.126982
3111 0.126261
3112 0.12554
3113 0.124819
3114 0.124098
3115 0.123378
3116 0.122657
3117 0.121936
3118 0.121216
3119 0.120495
3120 0.119774
3121 0.119054
3122 0.118333
3123 0.117613
3124 0.116892
3125 0.116172
3126 0.115452
3127 0.114731
3128 0.114011
3129 0.113291
3130 0.11257
3131 0.11185
3132 0.11113
3133 0.11041
3134 0.10969
3135 0.10897
3136 0.10825
3137 0.10753
3138 0.10681
3139 0.10609
3140 0.10537
3141 0.10465
3142 0.10393
3143 0.10321
3144 0.10249
3145 0.10177
3146 0.101051
3147 0.100331
3148 0.0996113
3149 0.0988917
3150 0.0981721
3151 0.0974525
3152 0.0967329
3153 0.0960134
3154 0.0952939
3155 0.0945745
3156 0.0938551
3157 0.0931357
3158 0.0924163
3159 0.091697
3160 0.0909777
3161 0.0902584
3162 0.0895392
3163 0.08882
3164 0.0881008
3165 0.0873817
3166 0.0866626
3167 0.0859435
3168 0.0852245
3169 0.0845055
3170 0.0837865
3171 0.0830675
3172 0.0823486
3173 0.0816298
3174 0.0809109
3175 0.0801921
3176 0.0794733
3177 0.0787546
3178 0.0780358
3179 0.0773172
3180 0.0765985
3181 0.0758799
3182 0.0751613
3183 0.0744427
3184 0.0737242
3185 0.0730057
3186 0.0722872
3187 0.0715688
3188 0.0708504
3189 0.070132
3190 0.0694137
3191 0.0686954
3192 0.0679771
3193 0.0672589
3194 0.0665407
3195 0.0658225
3196 0.0651043
3197 0.0643862
3198 0.0636682
3199 0.0629501
3200 0.0622321
3201 0.0615141
3202 0.0607961
3203 0.0600782
3204 0.0593603
3205 0.0586425
3206 0.0579247
3207 0.0572069
3208 0.0564891
3209 0.0557714
3210 0.0550537
3211 0.054336
3212 0.0536184
3213 0.0529008
3214 0.0521832
3215 0.0514657
3216 0.0507482
3217 0.0500307
3218 0.0493132
3219 0.0485958
3220 0.0478784
3221 0.0471611
3222 0.0464438
3223 0.0457265
3224 0.0450093
3225 0.044292
3226 0.0435748
3227 0.0428577
3228 0.0421406
3229 0.0414235
3230 0.0407064
3231 0.0399894
3232 0.0392724
3233 0.0385554
3234 0.0378385
3235 0.0371216
3236 0.0364047
3237 0.0356879
3238 0.0349711
3239 0.0342543
3240 0.0335376
3241 0.0328209
3242 0.0321042
3243 0.0313876
3244 0.0306709
3245 0.0299544
3246 0.0292378
3247 0.0285213
3248 0.0278048
3249 0.0270884
3250 0.0263719
3251 0.0256555
3252 0.0249392
3253 0.0242229
3254 0.0235066
3255 0.0227903
3256 0.0220741
3257 0.0213579
3258 0.0206417
3259 0.0199256
3260 0.0192095
3261 0.0184934
3262 0.0177774
3263 0.0170614
3264 0.0163454
3265 0.0156295
3266 0.0149135
3267 0.0141977
3268 0.0134818
3269 0.012766
3270 0.0120502
3271 0.0113345
3272 0.0106187
3273 0.00990306
3274 0.00918741
3275 0.00847178
3276 0.00775619
3277 0.00704063
3278 0.0063251
3279 0.00560961
3280 0.00489414
3281 0.00417871
3282 0.00346331
3283 0.00274795
3284 0.00203261
3285 0.0013173
3286 0.000602032
3287 0
3288 0
3289 0
3290 0
3291 0
3292 0
3293 0
3294 0
3295 0
3296 0
3297 0
3298 0
3299 0
3300 0
3301 0
3302 0
3303 0
3304 0
3305 0
3306 0
3307 0
3308 0
3309 0
3310 0
3311 0
3312 0
3313 0
3314 0
3315 0
3316 0
3317 0
3318 0
3319 0
3320 0
3321 0
3322 0
3323 0
3324 0
3325 0
3326 0
3327 0
3328 0
3329 0
3330 0
3331 0
3332 0
3333 0
3334 0
3335 0
3336 0
3337 0
3338 0
3339 0
3340 0
3341 0
3342 0
3343 0
3344 0
3345 0
3346 0
3347 0
3348 0
3349 0
3350 0
3351 0
3352 0
3353 0
3354 0
3355 0
3356 0
3357 0
3358 0
3359 0
3360 0
3361 0
3362 0
3363 0
3364 0
3365 0
3366 0
3367 0
3368 0
3369 0
3370 0
3371 0
3372 0
3373 0
3374 0
3375 0
3376 0
3377 0
3378 0
3379 0
3380 0
3381 0
3382 0
3383 0
3384 0
3385 0
3386 0
3387 0
3388 0
3389 0
3390 0
3391 0
3392 0
3393 0
3394 0
3395 0
3396 0
3397 0
3398 0
3399 0
3400 0
3401 0
3402 0
3403 0
3404 0
3405 0
3406 0
3407 0
3408 0
3409 0
3410 0
3411 0
3412 0
3413 0
3414 0
3415 0
3416 0
3417 0
3418 0
3419 0
3420 0
3421 0
3422 0
3423 0
3424 0
3425 0
3426 0
3427 0
3428 0
3429 0
3430 0
3431 0
3432 0
3433 0
3434 0
3435 0
3436 0
3437 0
3438 0
3439 0
3440 0
3441 0
3442 0
3443 0
3444 0
3445 0
3446 0
3447 0
3448 0
3449 0
3450 0
3451 0
3452 0
3453 0
3454 0
3455 0
3456 0
3457 0
3458 0
3459 0
3460 0
3461 0
3462 0
3463 0
3464 0
3465 0
3466 0
3467 0
3468 0
3469 0
3470 0
3471 0
3472 0
3473 0
3474 0
3475 0
3476 0
3477 0
3478 0
3479 0
3480 0
3481 0
3482 0
3483 0
3484 0
3485 0
3486 0
3487 0
3488 0
3489 0
3490 0
3491 0
3492 0
3493 0
3494 0
3495 0
3496 0
3497 0
3498 0
3499 0
3500 0
3501 0
3502 0
3503 0
3504 0
3505 0
3506 0
3507 0
3508 0
3509 0
3510 0
3511 0
3512 0
3513 0
3514 0
3515 0
3516 0
3517 0
3518 0
3519 0
3520 0
3521 0
3522 0
3523 0
3524 0
3525 0
3526 0
3527 0
3528 0
3529 0
3530 0
3531 0
3532 0
3533 0
3534 0
3535 0
3536 0
3537 0
3538 0
3539 0
3540 0
3541 0
3542 0
3543 0
3544 0
3545 0
3546 0
3547 0
3548 0
3549 0
3550 0
3551 0
3552 0
3553 0
3554 0
3555 0
3556 0
3557 0
3558 0
3559 0
3560 0
3561 0
3562 0
3563 0
3564 0
3565 0
3566 0
3567 0
3568 0
3569 0
3570 0
3571 0
3572 0
3573 0
3574 0
3575 0
3576 0
3577 0
3578 0
3579 0
3580 0
3581 0
3582 0
3583 0
3584 0
3585 0
3586 0
3587 0
3588 0
3589 0
3590 0
3591 0
3592 0
3593 0
3594 0
3595 0
3596 0
3597 0
3598 0
3599 0
3600 0
3601 0
3602 0
3603 0
3604 0
3605 0
3606 0
3607 0
3608 0
3609 0
3610 0
3611 0
3612 0
3613 0
3614 0
3615 0
3616 0
3617 0
3618 0
3619 0
3620 0
3621 0
3622 0
3623 0
3624 0
3625 0
3626 0
3627 0
3628 0
3629 0
3630 0
3631 0
3632 0
3633 0
3634 0
3635 0
3636 0
3637 0
3638 0
3639 0
3640 0
3641 0
3642 0
3643 0
3644 0
3645 0
3646 0
3647 0
3648 0
3649 0
3650 0
3651 0
3652 0
3653 0
3654 0
3655 0
3656 0
3657 0
3658 0
3659 0
3660 0
3661 0
3662 0
3663 0
3664 0
3665 0
3666 0
3667 0
3668 0
3669 0
3670 0
3671 0
3672 0
3673 0
3674 0
3675 0
3676 0
3677 0
3678 0
3679 0
3680 0
3681 0
3682 0
3683 0
3684 0
3685 0
3686 0
3687 0
3688 0
3689 0
3690 0
3691 0
3692 0
3693 0
3694 0
3695 0
3696 0
3697 0
3698 0
3699 0
3700 0
3701 0
3702 0
3703 0
3704 0
3705 0
3706 0
3707 0
3708 0
3709 0
3710 0
3711 0
3712 0
3713 0
3714 0
3715 0
3716 0
3717 0
3718 0
3719 0
3720 0
3721 0
3722 0
3723 0
3724 0
3725 0
3726 0
3727 0
3728 0
3729 0
3730 0
3731 0
3732 0
3733 0
3734 0
3735 0
3736 0
3737 0
3738 0
3739 0
3740 0
3741 0
3742 0
3743 0
3744 0
3745 0
3746 0
3747 0
3748 0
3749 0
3750 0
3751 0
3752 0
3753 0
3754 0
3755 0
3756 0
3757 0
3758 0
3759 0
3760 0
3761 0
3762 0
3763 0
3764 0
3765 0
3766 0
3767 0
3768 0
3769 0
3770 0
3771 0
3772 0
3773 0
3774 0
3775 0
3776 0
3777 0
3778 0
3779 0
3780 0
3781 0
3782 0
3783 0
3784 0
3785 0
3786 0
3787 0
3788 0
3789 0
3790 0
3791 0
3792 0
3793 0
3794 0
3795 0
3796 0
3797 0
3798 0
3799 0
3800 0
3801 0
3802 0
3803 0
3804 0
3805 0
3806 0
3807 0
3808 0
3809 0
3810 0
3811 0
3812 0
3813 0
3814 0
3815 0
3816 0
3817 0
3818 0
3819 0
3820 0
3821 0
3822 0
3823 0
3824 0
3825 0
3826 0
3827 0
3828 0
3829 0
3830 0
3831 0
3832 0
3833 0
3834 0
3835 0
3836 0
3837 0
3838 0
3839 0
3840 0
3841 0
3842 0
3843 0
3844 0
3845 0
3846 0
3847 0
3848 0
3849 0
3850 0
3851 0
3852 0
3853 0
3854 0
3855 0
3856 0
3857 0
3858 0
3859 0
3860 0
3861 0
3862 0
3863 0
3864 0
3865 0
3866 0
3867 0
3868 0
3869 0
3870 0
3871 0
3872 0
3873 0
3874 0
3875 0
3876 0
3877 0
3878 0
3879 0
3880 0
3881 0
3882 0
3883 0
3884 0
3885 0
3886 0
3887 0
3888 0
3889 0
3890 0
3891 0
3892 0
3893 0
3894 0
3895 0
3896 0
3897 0
3898 0
3899 0
3900 0
3901 0
3902 0
3903 0
3904 0
3905 0
3906 0
3907 0
3908 0
3909 0
3910 0
3911 0
3912 0
3913 0
3914 0
3915 0
3916 0
3917 0
3918 0
3919 0
3920 0
3921 0
3922 0
3923 0
3924 0
3925 0
3926 0
3927 0
3928 0
3929 0
3930 0
3931 0
3932 0
3933 0
3934 0
3935 0
3936 0
3937 0
3938 0
3939 0
3940 0
3941 0
3942 0
3943 0
3944 0
3945 0
3946 0
3947 0
3948 0
3949 0
3950 0
3951 0
3952 0
3953 0
3954 0
3955 0
3956 0
3957 0
3958 0
3959 0
3960 0
3961 0
3962 0
3963 0
3964 0
3965 0
3966 0
3967 0
3968 0
3969 0
3970 0
3971 0
3972 0
3973 0
3974 0
3975 0
3976 0
3977 0
3978 0
3979 0
3980 0
3981 0
3982 0
3983 0
3984 0
3985 0
3986 0
3987 0
3988 0
3989 0
3990 0
3991 0
3992 0
3993 0
3994 0
3995 0
3996 0
3997 0
3998 0
3999 0
4000 0
4001 0
4002 0
4003 0
4004 0
4005 0
4006 0
4007 0
4008 0
4009 0
4010 0
4011 0
4012 0
4013 0
4014 0
4015 0
4016 0
4017 0
4018 0
4019 0
4020 0
4021 0
4022 0
4023 0
4024 0
4025 0
4026 0
4027 0
4028 0
4029 0
4030 0
4031 0
4032 0
4033 0
4034 0
4035 0
4036 0
4037 0
4038 0
4039 0
4040 0
4041 0
4042 0
4043 0
4044 0
4045 0
4046 0
4047 0
4048 0
4049 0
4050 0
4051 0
4052 0
4053 0
4054 0
4055 0
4056 0
4057 0
4058 0
4059 0
4060 0
4061 0
4062 0
4063 0
4064 0
4065 0
4066 0
4067 0
4068 0
4069 0
4070 0
4071 0
4072 0
4073 0
4074 0
4075 0
4076 0
4077 0
4078 0
4079 0
4080 0
4081 0
4082 0
4083 0
4084 0
4085 0
4086 0
4087 0
4088 0
4089 0
4090 0
4091 0
4092 0
4093 0
4094 0
4095 0
4096 0
4097 0
4098 0
4099 0
4100 0
4101 0
4102 0
4103 0
4104 0
4105 0
4106 0
4107 0
4108 0
4109 0
4110 0
4111 0
4112 0
4113 0
4114 0
4115 0
4116 0
4117 0
4118 0
4119 0
4120 0
4121 0
4122 0
4123 0
4124 0
4125 0
4126 0
4127 0
4128 0
4129 0
4130 0
4131 0
4132 0
4133 0
4134 0
4135 0
4136 0
4137 0
4138 0
4139 0
4140 0
4141 0
4142 0
4143 0
4144 0
4145 0
4146 0
4147 0
4148 0
4149 0
4150 0
4151 0
4152 0
4153 0
4154 0
4155 0
4156 0
4157 0
4158 0
4159 0
4160 0
4161 0
4162 0
4163 0
4164 0
4165 0
4166 0
4167 0
4168 0
4169 0
4170 0
4171 0
4172 0
4173 0
4174 0
4175 0
4176 0
4177 0
4178 0
4179 0
4180 0
4181 0
4182 0
4183 0
4184 0
4185 0
4186 0
4187 0
4188 0
4189 0
4190 0
4191 0
4192 0
4193 0
4194 0
4195 0
4196 0
4197 0
4198 0
4199 0
4200 0
4201 0
4202 0
4203 0
4204 0
4205 0
4206 0
4207 0
4208 0
4209 0
4210 0
4211 0
4212 0
4213 0
4214 0
4215 0
4216 0
4217 0
4218 0
4219 0
4220 0
4221 0
4222 0
4223 0
4224 0
4225 0
4226 0
4227 0
4228 0
4229 0
4230 0
4231 0
4232 0
4233 0
4234 0
4235 0
4236 0
4237 0
4238 0
4239 0
4240 0
4241 0
4242 0
4243 0
4244 0
4245 0
4246 0
4247 0
4248 0
4249 0
4250 0
4251 0
4252 0
4253 0
4254 0
4255 0
4256 0
4257 0
4258 0
4259 0
4260 0
4261 0
4262 0
4263 0
4264 0
4265 0
4266 0
4267 0
4268 0
4269 0
4270 0
4271 0
4272 0
4273 0
4274 0
4275 0
4276 0
4277 0
4278 0
4279 0
4280 0
4281 0
4282 0
4283 0
4284 0
4285 0
4286 0
4287 0
4288 0
4289 0
4290 0
4291 0
4292 0
4293 0
4294 0
4295 0
4296 0
4297 0
4298 0
4299 0
4300 0
4301 0
4302 0
4303 0
4304 0
4305 0
4306 0
4307 0
4308 0
4309 0
4310 0
4311 0
4312 0
4313 0
4314 0
4315 0
4316 0
4317 0
4318 0
4319 0
4320 0
4321 0
4322 0
4323 0
4324 0
4325 0
4326 0
4327 0
4328 0
4329 0
4330 0
4331 0
4332 0
4333 0
4334 0
4335 0
4336 0
4337 0
4338 0
4339 0
4340 0
4341 0
4342 0
4343 0
4344 0
4345 0
4346 0
4347 0
4348 0
4349 0
4350 0
4351 0
4352 0
4353 0
4354 0
4355 0
4356 0
4357 0
4358 0
4359 0
4360 0
4361 0
4362 0
4363 0
4364 0
4365 0
4366 0
4367 0
4368 0
4369 0
4370 0
4371 0
4372 0
4373 0
4374 0
4375 0
4376 0
4377 0
4378 0
4379 0
4380 0
4381 0
4382 0
4383 0
4384 0
4385 0
4386 0
4387 0
4388 0
4389 0
4390 0
4391 0
4392 0
4393 0
4394 0
4395 0
4396 0
4397 0
4398 0
4399 0
4400 0
4401 0
4402 0
4403 0
4404 0
4405 0
4406 0
4407 0
4408 0
4409 0
4410 0
4411 0
4412 0
4413 0
4414 0
4415 0
4416 0
4417 0
4418 0
4419 0
4420 0
4421 0
4422 0
4423 0
4424 0
4425 0
4426 0
4427 0
4428 0
4429 0
4430 0
4431 0
4432 0
4433 0
4434 0
4435 0
4436 0
4437 0
4438 0
4439 0
4440 0
4441 0
4442 0
4443 0
4444 0
4445 0
4446 0
4447 0
4448 0
4449 0
4450 0
4451 0
4452 0
4453 0
4454 0
4455 0
4456 0
4457 0
4458 0
4459 0
4460 0
4461 0
4462 0
4463 0
4464 0
4465 0
4466 0
4467 0
4468 0
4469 0
4470 0
4471 0
4472 0
4473 0
4474 0
4475 0
4476 0
4477 0
4478 0
4479 0
4480 0
4481 0
4482 0
4483 0
4484 0
4485 0
4486 0
4487 0
4488 0
4489 0
4490 0
4491 0
4492 0
4493 0
4494 0
4495 0
4496 0
4497 0
4498 0
4499 0
4500 0
4501 0
4502 0
4503 0
4504 0
4505 0
4506 0
4507 0
4508 0
4509 0
4510 0
4511 0
4512 0
4513 0
4514 0
4515 0
4516 0
4517 0
4518 0
4519 0
4520 0
4521 0
4522 0
4523 0
4524 0
4525 0
4526 0
4527 0
4528 0
4529 0
4530 0
4531 0
4532 0
4533 0
4534 0
4535 0
4536 0
4537 0
4538 0
4539 0
4540 0
4541 0
4542 0
4543 0
4544 0
4545 0
4546 0
4547 0
4548 0
4549 0
4550 0
4551 0
4552 0
4553 0
4554 0
4555 0
4556 0
4557 0
4558 0
4559 0
4560 0
4561 0
4562 0
4563 0
4564 0
4565 0
4566 0
4567 0
4568 0
4569 0
4570 0
4571 0
4572 0
4573 0
4574 0
4575 0
4576 0
4577 0
4578 0
4579 0
4580 0
4581 0
4582 0
4583 0
4584 0
4585 0
4586 0
4587 0
4588 0
4589 0
4590 0
4591 0
4592 0
4593 0
4594 0
4595 0
4596 0
4597 0
4598 0
4599 0
4600 0
4601 0
4602 0
4603 0
4604 0
4605 0
4606 0
4607 0
4608 0
4609 0
4610 0
4611 0
4612 0
4613 0
4614 0
4615 0
4616 0
4617 0
4618 0
4619 0
4620 0
4621 0
4622 0
4623 0
4624 0
4625 0
4626 0
4627 0
4628 0
4629 0
4630 0
4631 0
4632 0
4633 0
4634 0
4635 0
4636 0
4637 0
4638 0
4639 0
4640 0
4641 0
4642 0
4643 0
4644 0
4645 0
4646 0
4647 0
4648 0
4649 0
4650 0
4651 0
4652 0
4653 0
4654 0
4655 0
4656 0
4657 0
4658 0
4659 0
4660 0
4661 0
4662 0
4663 0
4664 0
4665 0
4666 0
4667 0
4668 0
4669 0
4670 0
4671 0
4672 0
4673 0
4674 0
4675 0
4676 0
4677 0
4678 0
4679 0
4680 0
4681 0
4682 0
4683 0
4684 0
4685 0
4686 0
4687 0
4688 0
4689 0
4690 0
4691 0
4692 0
4693 0
4694 0
4695 0
4696 0
4697 0
4698 0
4699 0
4700 0
4701 0
4702 0
4703 0
4704 0
4705 0
4706 0
4707 0
4708 0
4709 0
4710 0
4711 0
4712 0
4713 0
4714 0
4715 0
4716 0
4717 0
4718 0
4719 0
4720 0
4721 0
4722 0
4723 0
4724 0
4725 0
4726 0
4727 0
4728 0
4729 0
4730 0
4731 0
4732 0
4733 0
4734 0
4735 0
4736 0
4737 0
4738 0
4739 0
4740 0
4741 0
4742 0
4743 0
4744 0
4745 0
4746 0
4747 0
4748 0
4749 0
4750 0
4751 0
4752 0
4753 0
4754 0
4755 0
4756 0
4757 0
4758 0
4759 0
4760 0
4761 0
4762 0
4763 0
4764 0
4765 0
4766 0
4767 0
4768 0
4769 0
4770 0
4771 0
4772 0
4773 0
4774 0
4775 0
4776 0
4777 0
4778 0
4779 0
4780 0
4781 0
4782 0
4783 0
4784 0
4785 0
4786 0
4787 0
4788 0
4789 0
4790 0
4791 0
4792 0
4793 0
4794 0
4795 0
4796 0
4797 0
4798 0
4799 0
4800 0
4801 0
4802 0
4803 0
4804 0
4805 0
4806 0
4807 0
4808 0
4809 0
4810 0
4811 0
4812 0
4813 0
4814 0
4815 0
4816 0
4817 0
4818 0
4819 0
4820 0
4821 0
4822 0
4823 0
4824 0
4825 0
4826 0
4827 0
4828 0
4829 0
4830 0
4831 0
4832 0
4833 0
4834 0
4835 0
4836 0
4837 0
4838 0
4839 0
4840 0
4841 0
4842 0
4843 0
4844 0
4845 0
4846 0
4847 0
4848 0
4849 0
4850 0
4851 0
4852 0
4853 0
4854 0
4855 0
4856 0
4857 0
4858 0
4859 0
4860 0
4861 0
4862 0
4863 0
4864 0
4865 0
4866 0
4867 0
4868 0
4869 0
4870 0
4871 0
4872 0
4873 0
4874 0
4875 0
4876 0
4877 0
4878 0
4879 0
4880 0
4881 0
4882 0
4883 0
4884 0
4885 0
4886 0
4887 0
4888 0
4889 0
4890 0
4891 0
4892 0
4893 0
4894 0
4895 0
4896 0
4897 0
4898 0
4899 0
4900 0
4901 0
4902 0
4903 0
4904 0
4905 0
4906 0
4907 0
4908 0
4909 0
4910 0
4911 0
4912 0
4913 0
4914 0
4915 0
4916 0
4917 0
4918 0
4919 0
4920 0
4921 0
4922 0
4923 0
4924 0
4925 0
4926 0
4927 0
4928 0
4929 0
4930 0
4931 0
4932 0
4933 0
4934 0
4935 0
4936 0
4937 0
4938 0
4939 0
4940 0
4941 0
4942 0
4943 0
4944 0
4945 0
4946 0
4947 0
4948 0
4949 0
4950 0
4951 0
4952 0
4953 0
4954 0
4955 0
4956 0
4957 0
4958 0
4959 0
4960 0
4961 0
4962 0
4963 0
4964 0
4965 0
4966 0
4967 0
4968 0
4969 0
4970 0
4971 0
4972 0
4973 0
4974 0
4975 0
4976 0
4977 0
4978 0
4979 0
4980 0
4981 0
4982 0
4983 0
4984 0
4985 0
4986 0
4987 0
4988 0
4989 0
4990 0
4991 0
4992 0
4993 0
4994 0
4995 0
4996 0
4997 0
4998 0
4999 0
5000 0
5001 0
5002 0
5003 0
5004 0
5005 0
5006 0
5007 0
5008 0
5009 0
5010 0
5011 0
5012 0
5013 0
5014 0
5015 0
5016 0
5017 0
5018 0
5019 0
5020 0
5021 0
5022 0
5023 0
5024 0
5025 0
5026 0
5027 0
5028 0
5029 0
5030 0
5031 0
5032 0
5033 0
5034 0
5035 0
5036 0
5037 0
5038 0
5039 0
5040 0
5041 0
5042 0
5043 0
5044 0
5045 0
5046 0
5047 0
5048 0
5049 0
5050 0
5051 0
5052 0
5053 0
5054 0
5055 0
5056 0
5057 0
5058 0
5059 0
5060 0
5061 0
5062 0
5063 0
5064 0
5065 0
5066 0
5067 0
5068 0
5069 0
5070 0
5071 0
5072 0
5073 0
5074 0
5075 0
5076 0
5077 0
5078 0
5079 0
5080 0
5081 0
5082 0
5083 0
5084 0
5085 0
5086 0
5087 0
5088 0
5089 0
5090 0
5091 0
5092 0
5093 0
5094 0
5095 0
5096 0
5097 0
5098 0
5099 0
5100 0
5101 0
5102 0
5103 0
5104 0
5105 0
5106 0
5107 0
5108 0
5109 0
5110 0
5111 0
5112 0
5113 0
5114 0
5115 0
5116 0
5117 0
5118 0
5119 0
5120 0
5121 0
5122 0
5123 0
5124 0
5125 0
5126 0
5127 0
5128 0
5129 0
5130 0
5131 0
5132 0
5133 0
5134 0
5135 0
5136 0
5137 0
5138 0
5139 0
5140 0
5141 0
5142 0
5143 0
5144 0
5145 0
5146 0
5147 0
5148 0
5149 0
5150 0
5151 0
5152 0
5153 0
5154 0
5155 0
5156 0
5157 0
5158 0
5159 0
5160 0
5161 0
5162 0
5163 0
5164 0
5165 0
5166 0
5167 0
5168 0
5169 0
5170 0
5171 0
5172 0
5173 0
5174 0
5175 0
5176 0
5177 0
5178 0
5179 0
5180 0
5181 0
5182 0
5183 0
5184 0
5185 0
5186 0
5187 0
5188 0
5189 0
5190 0
5191 0
5192 0
5193 0
5194 0
5195 0
5196 0
5197 0
5198 0
5199 0
5200 0
5201 0
5202 0
5203 0
5204 0
5205 0
5206 0
5207 0
5208 0
5209 0
5210 0
5211 0
5212 0
5213 0
5214 0
5215 0
5216 0
5217 0
5218 0
5219 0
5220 0
5221 0
5222 0
5223 0
5224 0
5225 0
5226 0
5227 0
5228 0
5229 0
5230 0
5231 0
5232 0
5233 0
5234 0
5235 0
5236 0
5237 0
5238 0
5239 0
5240 0
5241 0
5242 0
5243 0
5244 0
5245 0
5246 0
5247 0
5248 0
5249 0
5250 0
5251 0
5252 0
5253 0
5254 0
5255 0
5256 0
5257 0
5258 0
5259 0
5260 0
5261 0
5262 0
5263 0
5264 0
5265 0
5266 0
5267 0
5268 0
5269 0
5270 0
5271 0
5272 0
5273 0
5274 0
5275 0
5276 0
5277 0
5278 0
5279 0
5280 0
5281 0
5282 0
5283 0
5284 0
5285 0
5286 0
5287 0
5288 0
5289 0
5290 0
5291 0
5292 0
5293 0
5294 0
5295 0
5296 0
5297 0
5298 0
5299 0
5300 0
5301 0
5302 0
5303 0
5304 0
5305 0
5306 0
5307 0
5308 0
5309 0
5310 0
5311 0
5312 0
5313 0
5314 0
5315 0
5316 0
5317 0
5318 0
5319 0
5320 0
5321 0
5322 0
5323 0
5324 0
5325 0
5326 0
5327 0
5328 0
5329 0
5330 0
5331 0
5332 0
5333 0
5334 0
5335 0
5336 0
5337 0
5338 0
5339 0
5340 0
5341 0
5342 0
5343 0
5344 0
5345 0
5346 0
5347 0
5348 0
5349 0
5350 0
5351 0
5352 0
5353 0
5354 0
5355 0
5356 0
5357 0
5358 0
5359 0
5360 0
5361 0
5362 0
5363 0
5364 0
5365 0
5366 0
5367 0
5368 0
5369 0
5370 0
5371 0
5372 0
5373 0
5374 0
5375 0
5376 0
5377 0
5378 0
5379 0
5380 0
5381 0
5382 0
5383 0
5384 0
5385 0
5386 0
5387 0
5388 0
5389 0
5390 0
5391 0
5392 0
5393 0
5394 0
5395 0
5396 0
5397 0
5398 0
5399 0
5400 0
5401 0
5402 0
5403 0
5404 0
5405 0
5406 0
5407 0
5408 0
5409 0
5410 0
5411 0
5412 0
5413 0
5414 0
5415 0
5416 0
5417 0
5418 0
5419 0
5420 0
5421 0
5422 0
5423 0
5424 0
5425 0
5426 0
5427 0
5428 0
5429 0
5430 0
5431 0
5432 0
5433 0
5434 0
5435 0
5436 0
5437 0
5438 0
5439 0
5440 0
5441 0
5442 0
5443 0
5444 0
5445 0
5446 0
5447 0
5448 0
5449 0
5450 0
5451 0
5452 0
5453 0
5454 0
5455 0
5456 0
5457 0
5458 0
5459 0
5460 0
5461 0
5462 0
5463 0
5464 0
5465 0
5466 0
5467 0
5468 0
5469 0
5470 0
5471 0
5472 0
5473 0
5474 0
5475 0
5476 0
5477 0
5478 0
5479 0
5480 0
5481 0
5482 0
5483 0
5484 0
5485 0
5486 0
5487 0
5488 0
5489 0
5490 0
5491 0
5492 0
5493 0
5494 0
5495 0
5496 0
5497 0
5498 0
5499 0
5500 0
5501 0
5502 0
5503 0
5504 0
5505 0
5506 0
5507 0
5508 0
5509 0
5510 0
5511 0
5512 0
5513 0
5514 0
5515 0
5516 0
5517 0
5518 0
5519 0
5520 0
5521 0
5522 0
5523 0
5524 0
5525 0
5526 0
5527 0
5528 0
5529 0
5530 0
5531 0
5532 0
5533 0
5534 0
5535 0
5536 0
5537 0
5538 0
5539 0
5540 0
5541 0
5542 0
5543 0
5544 0
5545 0
5546 0
5547 0
5548 0
5549 0
5550 0
5551 0
5552 0
5553 0
5554 0
5555 0
5556 0
5557 0
5558 0
5559 0
5560 0
5561 0
5562 0
5563 0
5564 0
5565 0
5566 0
5567 0
5568 0
5569 0
5570 0
5571 0
5572 0
5573 0
5574 0
5575 0
5576 0
5577 0
5578 0
5579 0
5580 0
5581 0
5582 0
5583 0
5584 0
5585 0
5586 0
5587 0
5588 0
5589 0
5590 0
5591 0
5592 0
5593 0
5594 0
5595 0
5596 0
5597 0
5598 0
5599 0
5600 0
5601 0
5602 0
5603 0
5604 0
5605 0
5606 0
5607 0
5608 0
5609 0
5610 0
5611 0
5612 0
5613 0
5614 0
5615 0
5616 0
5617 0
5618 0
5619 0
5620 0
5621 0
5622 0
5623 0
5624 0
5625 0
5626 0
5627 0
5628 0
5629 0
5630 0
5631 0
5632 0
5633 0
5634 0
5635 0
5636 0
5637 0
5638 0
5639 0
5640 0
5641 0
5642 0
5643 0
5644 0
5645 0
5646 0
5647 0
5648 0
5649 0
5650 0
5651 0
5652 0
5653 0
5654 0
5655 0
5656 0
5657 0
5658 0
5659 0
5660 0
5661 0
5662 0
5663 0
5664 0
5665 0
5666 0
5667 0
5668 0
5669 0
5670 0
5671 0
5672 0
5673 0
5674 0
5675 0
5676 0
5677 0
5678 0
5679 0
5680 0
5681 0
5682 0
5683 0
5684 0
5685 0
5686 0
5687 0
5688 0
5689 0
5690 0
5691 0
5692 0
5693 0
5694 0
5695 0
5696 0
5697 0
5698 0
5699 0
5700 0
5701 0
5702 0
5703 0
5704 0
5705 0
5706 0
5707 0
5708 0
5709 0
5710 0
5711 0
5712 0
5713 0
5714 0
5715 0
5716 0
5717 0
5718 0
5719 0
5720 0
5721 0
5722 0
5723 0
5724 0
5725 0
5726 0
5727 0
5728 0
5729 0
5730 0
5731 0
5732 0
5733 0
5734 0
5735 0
5736 0
5737 0
5738 0
5739 0
5740 0
5741 0
5742 0
5743 0
5744 0
5745 0
5746 0
5747 0
5748 0
5749 0
5750 0
5751 0
5752 0
5753 0
5754 0
5755 0
5756 0
5757 0
5758 0
5759 0
5760 0
5761 0
5762 0
5763 0
5764 0
5765 0
5766 0
5767 0
5768 0
5769 0
5770 0
5771 0
5772 0
5773 0
5774 0
5775 0
5776 0
5777 0
5778 0
5779 0
5780 0
5781 0
5782 0
5783 0
5784 0
5785 0
5786 0
5787 0
5788 0
5789 0
5790 0
5791 0
5792 0
5793 0
5794 0
5795 0
5796 0
5797 0
5798 0
5799 0
5800 0
5801 0
5802 0
5803 0
5804 0
5805 0
5806 0
5807 0
5808 0
5809 0
5810 0
5811 0
5812 0
5813 0
5814 0
5815 0
5816 0
5817 0
5818 0
5819 0
5820 0
5821 0
5822 0
5823 0
5824 0
5825 0
5826 0
5827 0
5828 0
5829 0
5830 0
5831 0
5832 0
5833 0
5834 0
5835 0
5836 0
5837 0
5838 0
5839 0
5840 0
5841 0
5842 0
5843 0
5844 0
5845 0
5846 0
5847 0
5848 0
5849 0
5850 0
5851 0
5852 0
5853 0
5854 0
5855 0
5856 0
5857 0
5858 0
5859 0
5860 0
5861 0
5862 0
5863 0
5864 0
5865 0
5866 0
5867 0
5868 0
5869 0
5870 0
5871 0
5872 0
5873 0
5874 0
5875 0
5876 0
5877 0
5878 0
5879 0
5880 0
5881 0
5882 0
5883 0
5884 0
5885 0
5886 0
5887 0
5888 0
5889 0
5890 0
5891 0
5892 0
5893 0
5894 0
5895 0
5896 0
5897 0
5898 0
5899 0
5900 0
5901 0
5902 0
5903 0
5904 0
5905 0
5906 0
5907 0
5908 0
5909 0
5910 0
5911 0
5912 0
5913 0
5914 0
5915 0
5916 0
5917 0
5918 0
5919 0
5920 0
5921 0
5922 0
5923 0
5924 0
5925 0
5926 0
5927 0
5928 0
5929 0
5930 0
5931 0
5932 0
5933 0
5934 0
5935 0
5936 0
5937 0
5938 0
5939 0
5940 0
5941 0
5942 0
5943 0
5944 0
5945 0
5946 0
5947 0
5948 0
5949 0
5950 0
5951 0
5952 0
5953 0
5954 0
5955 0
5956 0
5957 0
5958 0
5959 0
5960 0
5961 0
5962 0
5963 0
5964 0
5965 0
5966 0
5967 0
5968 0
5969 0
5970 0
5971 0
5972 0
5973 0
5974 0
5975 0
5976 0
5977 0
5978 0
5979 0
5980 0
5981 0
5982 0
5983 0
5984 0
5985 0
5986 0
5987 0
5988 0
5989 0
5990 0
5991 0
5992 0
5993 0
5994 0
5995 0
5996 0
5997 0
5998 0
5999 0
6000 0
6001 0
6002 0
6003 0
6004 0
6005 0
6006 0
6007 0
6008 0
6009 0
6010 0
6011 0
6012 0
6013 0
6014 0
6015 0
6016 0
6017 0
6018 0
6019 0
6020 0
6021 0
6022 0
6023 0
6024 0
6025 0
6026 0
6027 0
6028 0
6029 0
6030 0
6031 0
6032 0
6033 0
6034 0
6035 0
6036 0
6037 0
6038 0
6039 0
6040 0
6041 0
6042 0
6043 0
6044 0
6045 0
6046 0
6047 0
6048 0
6049 0
6050 0
6051 0
6052 0
6053 0
6054 0
6055 0
6056 0
6057 0
6058 0
6059 0
6060 0
6061 0
6062 0
6063 0
6064 0
6065 0
6066 0
6067 0
6068 0
6069 0
6070 0
6071 0
6072 0
6073 0
6074 0
6075 0
6076 0
6077 0
6078 0
6079 0
6080 0
6081 0
6082 0
6083 0
6084 0
6085 0
6086 0
6087 0
6088 0
6089 0
6090 0
6091 0
6092 0
6093 0
6094 0
6095 0
6096 0
6097 0
6098 0
6099 0
6100 0
6101 0
6102 0
6103 0
6104 0
6105 0
6106 0
6107 0
6108 0
6109 0
6110 0
6111 0
6112 0
6113 0
6114 0
6115 0
6116 0
6117 0
6118 0
6119 0
6120 0
6121 0
6122 0
6123 0
6124 0
6125 0
6126 0
6127 0
6128 0
6129 0
6130 0
6131 0
6132 0
6133 0
6134 0
6135 0
6136 0
6137 0
6138 0
6139 0
6140 0
6141 0
6142 0
6143 0
6144 0
6145 0
6146 0
6147 0
6148 0
6149 0
6150 0
6151 0
6152 0
6153 0
6154 0
6155 0
6156 0
6157 0
6158 0
6159 0
6160 0
6161 0
6162 0
6163 0
6164 0
6165 0
6166 0
6167 0
6168 0
6169 0
6170 0
6171 0
6172 0
6173 0
6174 0
6175 0
6176 0
6177 0
6178 0
6179 0
6180 0
6181 0
6182 0
6183 0
6184 0
6185 0
6186 0
6187 0
6188 0
6189 0
6190 0
6191 0
6192 0
6193 0
6194 0
6195 0
6196 0
6197 0
6198 0
6199 0
6200 0
6201 0
6202 0
6203 0
6204 0
6205 0
6206 0
6207 0
6208 0
6209 0
6210 0
6211 0
6212 0
6213 0
6214 0
6215 0
6216 0
6217 0
6218 0
6219 0
6220 0
6221 0
6222 0
6223 0
6224 0
6225 0
6226 0
6227 0
6228 0
6229 0
6230 0
6231 0
6232 0
6233 0
6234 0
6235 0
6236 0
6237 0
6238 0
6239 0
6240 0
6241 0
6242 0
6243 0
6244 0
6245 0
6246 0
6247 0
6248 0
6249 0
6250 0
6251 0
6252 0
6253 0
6254 0
6255 0
6256 0
6257 0
6258 0
6259 0
6260 0
6261 0
6262 0
6263 0
6264 0
6265 0
6266 0
6267 0
6268 0
6269 0
6270 0
6271 0
6272 0
6273 0
6274 0
6275 0
6276 0
6277 0
6278 0
6279 0
6280 0
6281 0
6282 0
6283 0
6284 0
6285 0
6286 0
6287 0
6288 0
6289 0
6290 0
6291 0
6292 0
6293 0
6294 0
6295 0
6296 0
6297 0
6298 0
6299 0
6300 0
6301 0
6302 0
6303 0
6304 0
6305 0
6306 0
6307 0
6308 0
6309 0
6310 0
6311 0
6312 0
6313 0
6314 0
6315 0
6316 0
6317 0
6318 0
6319 0
6320 0
6321 0
6322 0
6323 0
6324 0
6325 0
6326 0
6327 0
6328 0
6329 0
6330 0
6331 0
6332 0
6333 0
6334 0
6335 0
6336 0
6337 0
6338 0
6339 0
6340 0
6341 0
6342 0
6343 0
6344 0
6345 0
6346 0
6347 0
6348 0
6349 0
6350 0
6351 0
6352 0
6353 0
6354 0
6355 0
6356 0
6357 0
6358 0
6359 0
6360 0
6361 0
6362 0
6363 0
6364 0
6365 0
6366 0
6367 0
6368 0
6369 0
6370 0
6371 0
6372 0
6373 0
6374 0
6375 0
6376 0
6377 0
6378 0
6379 0
6380 0
6381 0
6382 0
6383 0
6384 0
6385 0
6386 0
6387 0
6388 0
6389 0
6390 0
6391 0
6392 0
6393 0
6394 0
6395 0
6396 0
6397 0
6398 0
6399 0
6400 0
6401 0
6402 0
6403 0
6404 0
6405 0
6406 0
6407 0
6408 0
6409 0
6410 0
6411 0
6412 0
6413 0
6414 0
6415 0
6416 0
6417 0
6418 0
6419 0
6420 0
6421 0
6422 0
6423 0
6424 0
6425 0
6426 0
6427 0
6428 0
6429 0
6430 0
6431 0
6432 0
6433 0
6434 0
6435 0
6436 0
6437 0
6438 0
6439 0
6440 0
6441 0
6442 0
6443 0
6444 0
6445 0
6446 0
6447 0
6448 0
6449 0
6450 0
6451 0
6452 0
6453 0
6454 0
6455 0
6456 0
6457 0
6458 0
6459 0
6460 0
6461 0
6462 0
6463 0
6464 0
6465 0
6466 0
6467 0
6468 0
6469 0
6470 0
6471 0
6472 0
6473 0
6474 0
6475 0
6476 0
6477 0
6478 0
6479 0
6480 0
6481 0
6482 0
6483 0
6484 0
6485 0
6486 0
6487 0
6488 0
6489 0
6490 0
6491 0
6492 0
6493 0
6494 0
6495 0
6496 0
6497 0
6498 0
6499 0
6500 0
6501 0
6502 0
6503 0
6504 0
6505 0
6506 0
6507 0
6508 0
6509 0
6510 0
6511 0
6512 0
6513 0
6514 0
6515 0
6516 0
6517 0
6518 0
6519 0
6520 0
6521 0
6522 0
6523 0
6524 0
6525 0
6526 0
6527 0
6528 0
6529 0
6530 0
6531 0
6532 0
6533 0
6534 0
6535 0
6536 0
6537 0
6538 0
6539 0
6540 0
6541 0
6542 0
6543 0
6544 0
6545 0
6546 0
6547 0
6548 0
6549 0
6550 0
6551 0
6552 0
6553 0
6554 0
6555 0
6556 0
6557 0
6558 0
6559 0
6560 0
6561 0
6562 0
6563 0
6564 0
6565 0
6566 0
6567 0
6568 0
6569 0
6570 0
6571 0
6572 0
6573 0
6574 0
6575 0
6576 0
6577 0
6578 0
6579 0
6580 0
6581 0
6582 0
6583 0
6584 0
6585 0
6586 0
6587 0
6588 0
6589 0
6590 0
6591 0
6592 0
6593 0
6594 0
6595 0
6596 0
6597 0
6598 0
6599 0
6600 0
6601 0
6602 0
6603 0
6604 0
6605 0
6606 0
6607 0
6608 0
6609 0
6610 0
6611 0
6612 0
6613 0
6614 0
6615 0
6616 0
6617 0
6618 0
6619 0
6620 0
6621 0
6622 0
6623 0
6624 0
6625 0
6626 0
6627 0
6628 0
6629 0
6630 0
6631 0
6632 0
6633 0
6634 0
6635 0
6636 0
6637 0
6638 0
6639 0
6640 0
6641 0
6642 0
6643 0
6644 0
6645 0
6646 0
6647 0
6648 0
6649 0
6650 0
6651 0
6652 0
6653 0
6654 0
6655 0
6656 0
6657 0
6658 0
6659 0
6660 0
6661 0
6662 0
6663 0
6664 0
6665 0
6666 0
6667 0
6668 0
6669 0
6670 0
6671 0
6672 0
6673 0
6674 0
6675 0
6676 0
6677 0
6678 0
6679 0
6680 0
6681 0
6682 0
6683 0
6684 0
6685 0
6686 0
6687 0
6688 0
6689 0
6690 0
6691 0
6692 0
6693 0
6694 0
6695 0
6696 0
6697 0
6698 0
6699 0
6700 0
6701 0
6702 0
6703 0
6704 0
6705 0
6706 0
6707 0
6708 0
6709 0
6710 0
6711 0
6712 0
6713 0
6714 0
6715 0
6716 0
6717 0
6718 0
6719 0
6720 0
6721 0
6722 0
6723 0
6724 0
6725 0
6726 0
6727 0
6728 0
6729 0
6730 0
6731 0
6732 0
6733 0
6734 0
6735 0
6736 0
6737 0
6738 0
6739 0
6740 0
6741 0
6742 0
6743 0
6744 0
6745 0
6746 0
6747 0
6748 0
6749 0
6750 0
6751 0
6752 0
6753 0
6754 0
6755 0
6756 0
6757 0
6758 0
6759 0
6760 0
6761 0
6762 0
6763 0
6764 0
6765 0
6766 0
6767 0
6768 0
6769 0
6770 0
6771 0
6772 0
6773 0
6774 0
6775 0
6776 0
6777 0
6778 0
6779 0
6780 0
6781 0
6782 0
6783 0
6784 0
6785 0
6786 0
6787 0
6788 0
6789 0
6790 0
6791 0
6792 0
6793 0
6794 0
6795 0
6796 0
6797 0
6798 0
6799 0
6800 0
6801 0
6802 0
6803 0
6804 0
6805 0
6806 0
6807 0
6808 0
6809 0
6810 0
6811 0
6812 0
6813 0
6814 0
6815 0
6816 0
6817 0
6818 0
6819 0
6820 0
6821 0
6822 0
6823 0
6824 0
6825 0
6826 0
6827 0
6828 0
6829 0
6830 0
6831 0
6832 0
6833 0
6834 0
6835 0
6836 0
6837 0
6838 0
6839 0
6840 0
6841 0
6842 0
6843 0
6844 0
6845 0
6846 0
6847 0
6848 0
6849 0
6850 0
6851 0
6852 0
6853 0
6854 0
6855 0
6856 0
6857 0
6858 0
6859 0
6860 0
6861 0
6862 0
6863 0
6864 0
6865 0
6866 0
6867 0
6868 0
6869 0
6870 0
6871 0
6872 0
6873 0
6874 0
6875 0
6876 0
6877 0
6878 0
6879 0
6880 0
6881 0
6882 0
6883 0
6884 0
6885 0
6886 0
6887 0
6888 0
6889 0
6890 0
6891 0
6892 0
6893 0
6894 0
6895 0
6896 0
6897 0
6898 0
6899 0
6900 0
6901 0
6902 0
6903 0
6904 0
6905 0
6906 0
6907 0
6908 0
6909 0
6910 0
6911 0
6912 0
6913 0
6914 0
6915 0
6916 0
6917 0
6918 0
6919 0
6920 0
6921 0
6922 0
6923 0
6924 0
6925 0
6926 0
6927 0
6928 0
6929 0
6930 0
6931 0
6932 0
6933 0
6934 0
6935 0
6936 0
6937 0
6938 0
6939 0
6940 0
6941 0
6942 0
6943 0
6944 0
6945 0
6946 0
6947 0
6948 0
6949 0
6950 0
6951 0
6952 0
6953 0
6954 0
6955 0
6956 0
6957 0
6958 0
6959 0
6960 0
6961 0
6962 0
6963 0
6964 0
6965 0
6966 0
6967 0
6968 0
6969 0
6970 0
6971 0
6972 0
6973 0
6974 0
6975 0
6976 0
6977 0
6978 0
6979 0
6980 0
6981 0
6982 0
6983 0
6984 0
6985 0
6986 0
6987 0
6988 0
6989 0
6990 0
6991 0
6992 0
6993 0
6994 0
6995 0
6996 0
6997 0
6998 0
6999 0
7000 0
7001 0
7002 0
7003 0
7004 0
7005 0
7006 0
7007 0
7008 0
7009 0
7010 0
7011 0
7012 0
7013 0
7014 0
7015 0
7016 0
7017 0
7018 0
7019 0
7020 0
7021 0
7022 0
7023 0
7024 0
7025 0
7026 0
7027 0
7028 0
7029 0
7030 0
7031 0
7032 0
7033 0
7034 0
7035 0
7036 0
7037 0
7038 0
7039 0
7040 0
7041 0
7042 0
7043 0
7044 0
7045 0
7046 0
7047 0
7048 0
7049 0
7050 0
7051 0
7052 0
7053 0
7054 0
7055 0
7056 0
