29 0.195319
30 0.212247
31 0.229194
32 0.246176
33 0.263211
34 0.280318
35 0.297514
36 0.314818
37 0.332246
38 0.349817
39 0.367548
40 0.385458
41 0.403565
42 0.421885
43 0.440438
44 0.459241
45 0.478311
46 0.497666
47 0.517326
48 0.537306
49 0.557626
50 0.578302
51 0.599354
52 0.620798
53 0.642652
54 0.664935
55 0.687664
56 0.710857
57 0.734532
58 0.758707
59 0.783398
59 0.808605
60 0.834323
61 0.860543
62 0.887259
63 0.914463
64 0.942148
65 0.970306
66 0.99893
67 1.02801
68 1.05755
69 1.08753
70 1.11795
71 1.14879
72 1.18006
73 1.21175
74 1.24384
75 1.27634
76 1.30923
77 1.3425
78 1.37615
79 1.41018
80 1.44457
81 1.47932
82 1.51442
83 1.54986
84 1.58564
85 1.62174
86 1.65817
87 1.69491
88 1.73196
89 1.76931
90 1.80698
91 1.84494
92 1.88322
93 1.92179
94 1.96067
95 1.99984
96 2.03931
97 2.07909
98 2.11915
99 2.15951
100 2.20017
101 2.24111
102 2.28235
103 2.32387
104 2.36569
105 2.40779
106 2.45017
107 2.49284
108 2.53579
109 2.57902
110 2.62254
111 2.66633
112 2.71039
113 2.75474
114 2.79936
115 2.84425
116 2.88941
117 2.93485
118 2.98055
119 3.02651
120 3.07274
121 3.11922
122 3.16596
123 3.21295
124 3.26018
125 3.30766
126 3.35538
127 3.40334
128 3.45152
129 3.49994
130 3.54859
131 3.59746
132 3.64655
133 3.69586
134 3.74538
135 3.79511
136 3.84505
137 3.89519
138 3.94553
139 3.99607
140 4.0468
141 4.09772
142 4.14883
143 4.20012
144 4.25159
145 4.30324
146 4.35506
147 4.40705
148 4.45921
149 4.51153
150 4.56402
151 4.61666
152 4.66946
153 4.7224
154 4.7755
155 4.82875
156 4.88213
157 4.93566
158 4.98932
159 5.04312
160 5.09705
161 5.15111
162 5.2053
163 5.2596
164 5.31403
165 5.36857
166 5.42322
167 5.47799
168 5.53286
169 5.58784
170 5.64292
171 5.69809
172 5.75337
173 5.80873
174 5.86418
175 5.91973
176 5.97535
177 6.03105
178 6.08684
179 6.14269
180 6.19862
181 6.25462
182 6.31069
183 6.36681
184 6.423
185 6.47924
186 6.53554
187 6.59189
188 6.64829
189 6.70473
190 6.76122
191 6.81774
192 6.8743
193 6.9309
194 6.98752
195 7.04417
196 7.10085
197 7.15755
198 7.21427
199 7.27101
200 7.32775
201 7.38451
202 7.44128
203 7.49804
204 7.55481
205 7.61158
206 7.66835
207 7.7251
208 7.78185
209 7.83859
210 7.89531
211 7.95201
212 8.00869
213 8.06535
214 8.12199
215 8.1786
216 8.23518
217 8.29172
218 8.34823
219 8.4047
220 8.46113
221 8.51752
222 8.57387
223 8.63016
224 8.68641
225 8.7426
226 8.79873
227 8.85481
228 8.91083
229 8.96678
230 9.02267
231 9.07849
232 9.13424
233 9.18991
234 9.24551
235 9.30103
236 9.35647
237 9.41183
238 9.4671
239 9.52228
240 9.57737
241 9.63237
242 9.68728
243 9.74209
244 9.79681
245 9.85142
246 9.90593
247 9.96034
248 10.0146
249 10.0688
250 10.1229
251 10.1769
252 10.2307
253 10.2845
254 10.3381
255 10.3916
256 10.445
257 10.4982
258 10.5513
259 10.6043
260 10.6572
261 10.7099
262 10.7625
263 10.815
264 10.8673
265 10.9195
266 10.9715
267 11.0234
268 11.0751
269 11.1267
270 11.1781
271 11.2294
272 11.2806
273 11.3315
274 11.3824
275 11.433
276 11.4835
277 11.5339
278 11.5841
279 11.6341
280 11.6839
281 11.7336
282 11.7831
283 11.8325
284 11.8816
285 11.9306
286 11.9795
287 12.0281
288 12.0766
289 12.1249
290 12.173
291 12.2209
292 12.2686
293 12.3162
294 12.3635
295 12.4107
296 12.4577
297 12.5045
298 12.5511
299 12.5975
300 12.6437
300 12.6897
301 12.7356
302 12.7812
303 12.8266
304 12.8718
305 12.9169
306 12.9617
307 13.0063
308 13.0507
309 13.0949
310 13.1389
311 13.1827
312 13.2263
313 13.2697
314 13.3129
315 13.3558
316 13.3986
317 13.4411
318 13.4834
319 13.5255
320 13.5674
321 13.6091
322 13.6505
323 13.6918
324 13.7328
325 13.7736
326 13.8142
327 13.8545
328 13.8946
329 13.9345
330 13.9742
331 14.0137
332 14.0529
333 14.0919
334 14.1307
335 14.1693
336 14.2076
337 14.2457
338 14.2836
339 14.3212
340 14.3586
341 14.3958
342 14.4328
343 14.4695
344 14.506
345 14.5422
346 14.5783
347 14.6141
348 14.6496
349 14.685
350 14.7201
351 14.7549
352 14.7896
353 14.824
354 14.8581
355 14.8921
356 14.9257
357 14.9592
358 14.9924
359 15.0254
360 15.0581
361 15.0906
362 15.1229
363 15.1549
364 15.1867
365 15.2183
366 15.2496
367 15.2807
368 15.3115
369 15.3421
370 15.3725
371 15.4026
372 15.4325
373 15.4621
374 15.4915
375 15.5207
376 15.5496
377 15.5783
378 15.6068
379 15.635
380 15.663
381 15.6907
382 15.7183
383 15.7455
384 15.7726
385 15.7993
386 15.8259
387 15.8522
388 15.8783
389 15.9041
390 15.9297
391 15.9551
392 15.9802
393 16.0051
394 16.0297
395 16.0541
396 16.0783
397 16.1022
398 16.1259
399 16.1494
400 16.1726
401 16.1956
402 16.2184
403 16.2409
404 16.2632
405 16.2853
406 16.3071
407 16.3287
408 16.35
409 16.3712
410 16.3921
411 16.4127
412 16.4332
413 16.4534
414 16.4733
415 16.4931
416 16.5126
417 16.5319
418 16.5509
419 16.5698
420 16.5883
421 16.6067
422 16.6249
423 16.6428
424 16.6605
425 16.6779
426 16.6952
427 16.7122
428 16.729
429 16.7455
430 16.7619
431 16.778
432 16.7939
433 16.8095
434 16.825
435 16.8402
436 16.8552
437 16.87
438 16.8846
439 16.8989
440 16.9131
441 16.927
442 16.9407
443 16.9542
444 16.9674
445 16.9805
446 16.9933
447 17.006
448 17.0184
449 17.0306
450 17.0425
451 17.0543
452 17.0659
453 17.0772
454 17.0884
455 17.0993
456 17.11
457 17.1205
458 17.1308
459 17.1409
460 17.1508
461 17.1605
462 17.17
463 17.1793
464 17.1884
465 17.1972
466 17.2059
467 17.2144
468 17.2227
469 17.2307
470 17.2386
471 17.2463
472 17.2538
473 17.2611
474 17.2682
475 17.2751
476 17.2818
477 17.2883
478 17.2946
479 17.3008
480 17.3067
481 17.3124
482 17.318
483 17.3234
484 17.3286
485 17.3336
486 17.3384
487 17.343
488 17.3475
489 17.3517
490 17.3558
491 17.3597
492 17.3634
493 17.367
494 17.3703
495 17.3735
496 17.3765
497 17.3793
498 17.382
499 17.3845
500 17.3868
501 17.3889
502 17.3908
503 17.3926
504 17.3942
505 17.3957
506 17.3969
507 17.398
508 17.399
509 17.3997
510 17.4003
511 17.4007
512 17.401
513 17.4011
514 17.401
515 17.4008
516 17.4004
517 17.3999
518 17.3991
519 17.3983
520 17.3972
521 17.396
522 17.3947
523 17.3932
524 17.3915
525 17.3897
526 17.3877
527 17.3856
528 17.3833
529 17.3809
530 17.3783
531 17.3756
532 17.3727
533 17.3697
534 17.3665
535 17.3632
536 17.3597
537 17.3561
538 17.3524
539 17.3485
540 17.3444
541 17.3402
541 17.3359
542 17.3315
543 17.3269
544 17.3221
545 17.3173
546 17.3122
547 17.3071
548 17.3018
549 17.2964
550 17.2909
551 17.2852
552 17.2794
553 17.2734
554 17.2674
555 17.2612
556 17.2548
557 17.2484
558 17.2418
559 17.2351
560 17.2283
561 17.2213
562 17.2142
563 17.207
564 17.1997
565 17.1923
566 17.1847
567 17.177
568 17.1692
569 17.1613
570 17.1533
571 17.1451
572 17.1369
573 17.1285
574 17.12
575 17.1114
576 17.1027
577 17.0938
578 17.0849
579 17.0758
580 17.0667
581 17.0574
582 17.048
583 17.0385
584 17.0289
585 17.0192
586 17.0094
587 16.9995
588 16.9895
589 16.9794
590 16.9692
591 16.9589
592 16.9485
593 16.938
594 16.9273
595 16.9166
596 16.9058
597 16.8949
598 16.8839
599 16.8728
600 16.8616
601 16.8503
602 16.839
603 16.8275
604 16.8159
605 16.8043
606 16.7925
607 16.7807
608 16.7688
609 16.7568
610 16.7447
611 16.7325
612 16.7203
613 16.7079
614 16.6955
615 16.683
616 16.6704
617 16.6577
618 16.6449
619 16.6321
620 16.6191
621 16.6061
622 16.5931
623 16.5799
624 16.5667
625 16.5534
626 16.54
627 16.5265
628 16.513
629 16.4994
630 16.4857
631 16.4719
632 16.4581
633 16.4442
634 16.4302
635 16.4162
636 16.4021
637 16.3879
638 16.3737
639 16.3593
640 16.345
641 16.3305
642 16.316
643 16.3014
644 16.2868
645 16.2721
646 16.2573
647 16.2425
648 16.2276
649 16.2126
650 16.1976
651 16.1825
652 16.1674
653 16.1522
654 16.1369
655 16.1216
656 16.1063
657 16.0908
658 16.0754
659 16.0598
660 16.0442
661 16.0286
662 16.0129
663 15.9971
664 15.9813
665 15.9655
666 15.9496
667 15.9336
668 15.9176
669 15.9016
670 15.8855
671 15.8693
672 15.8531
673 15.8368
674 15.8205
675 15.8042
676 15.7878
677 15.7714
678 15.7549
679 15.7384
680 15.7218
681 15.7052
682 15.6885
683 15.6718
684 15.6551
685 15.6383
686 15.6215
687 15.6046
688 15.5877
689 15.5708
690 15.5538
691 15.5368
692 15.5197
693 15.5026
694 15.4855
695 15.4683
696 15.4511
697 15.4339
698 15.4166
699 15.3993
700 15.382
701 15.3646
702 15.3472
703 15.3298
704 15.3123
705 15.2948
706 15.2773
707 15.2597
708 15.2421
709 15.2245
710 15.2069
711 15.1892
712 15.1715
713 15.1537
714 15.136
715 15.1182
716 15.1004
717 15.0825
718 15.0646
719 15.0467
720 15.0288
721 15.0109
722 14.9929
723 14.9749
724 14.9569
725 14.9388
726 14.9208
727 14.9027
728 14.8846
729 14.8665
730 14.8483
731 14.8301
732 14.812
733 14.7937
734 14.7755
735 14.7573
736 14.739
737 14.7207
738 14.7024
739 14.6841
740 14.6658
741 14.6474
742 14.629
743 14.6107
744 14.5923
745 14.5738
746 14.5554
747 14.537
748 14.5185
749 14.5
750 14.4815
751 14.463
752 14.4445
753 14.426
754 14.4075
755 14.3889
756 14.3703
757 14.3518
758 14.3332
759 14.3146
760 14.296
761 14.2774
762 14.2587
763 14.2401
764 14.2215
765 14.2028
766 14.1842
767 14.1655
768 14.1468
769 14.1281
770 14.1094
771 14.0908
772 14.0721
773 14.0533
774 14.0346
775 14.0159
776 13.9972
777 13.9785
778 13.9597
779 13.941
780 13.9222
781 13.9035
782 13.8848
783 13.866
783 13.8472
784 13.8285
785 13.8097
786 13.791
787 13.7722
788 13.7534
789 13.7346
790 13.7159
791 13.6971
792 13.6783
793 13.6596
794 13.6408
795 13.622
796 13.6032
797 13.5845
798 13.5657
799 13.5469
800 13.5281
801 13.5094
802 13.4906
803 13.4718
804 13.4531
805 13.4343
806 13.4155
807 13.3968
808 13.378
809 13.3593
810 13.3405
811 13.3218
812 13.303
813 13.2843
814 13.2656
815 13.2469
816 13.2281
817 13.2094
818 13.1907
819 13.172
820 13.1533
821 13.1346
822 13.1159
823 13.0972
824 13.0786
825 13.0599
826 13.0412
827 13.0226
828 13.0039
829 12.9853
830 12.9666
831 12.948
832 12.9294
833 12.9108
834 12.8922
835 12.8736
836 12.855
837 12.8364
838 12.8179
839 12.7993
840 12.7807
841 12.7622
842 12.7437
843 12.7252
844 12.7066
845 12.6881
846 12.6697
847 12.6512
848 12.6327
849 12.6143
850 12.5958
851 12.5774
852 12.559
853 12.5405
854 12.5221
855 12.5038
856 12.4854
857 12.467
858 12.4487
859 12.4303
860 12.412
861 12.3937
862 12.3754
863 12.3571
864 12.3388
865 12.3206
866 12.3023
867 12.2841
868 12.2659
869 12.2476
870 12.2295
871 12.2113
872 12.1931
873 12.175
874 12.1568
875 12.1387
876 12.1206
877 12.1025
878 12.0844
879 12.0663
880 12.0483
881 12.0303
882 12.0122
883 11.9942
884 11.9762
885 11.9583
886 11.9403
887 11.9224
888 11.9044
889 11.8865
890 11.8686
891 11.8508
892 11.8329
893 11.8151
894 11.7972
895 11.7794
896 11.7616
897 11.7439
898 11.7261
899 11.7084
900 11.6906
901 11.6729
902 11.6552
903 11.6376
904 11.6199
905 11.6023
906 11.5846
907 11.567
908 11.5494
909 11.5319
910 11.5143
911 11.4968
912 11.4793
913 11.4618
914 11.4443
915 11.4269
916 11.4094
917 11.392
918 11.3746
919 11.3572
920 11.3398
921 11.3225
922 11.3052
923 11.2878
924 11.2706
925 11.2533
926 11.236
927 11.2188
928 11.2016
929 11.1844
930 11.1672
931 11.1501
932 11.1329
933 11.1158
934 11.0987
935 11.0817
936 11.0646
937 11.0476
938 11.0305
939 11.0136
940 10.9966
941 10.9796
942 10.9627
943 10.9458
944 10.9289
945 10.912
946 10.8952
947 10.8783
948 10.8615
949 10.8447
950 10.8279
951 10.8112
952 10.7945
953 10.7778
954 10.7611
955 10.7444
956 10.7278
957 10.7111
958 10.6945
959 10.6779
960 10.6614
961 10.6448
962 10.6283
963 10.6118
964 10.5953
965 10.5789
966 10.5624
967 10.546
968 10.5296
969 10.5133
970 10.4969
971 10.4806
972 10.4643
973 10.448
974 10.4317
975 10.4155
976 10.3993
977 10.3831
978 10.3669
979 10.3507
980 10.3346
981 10.3185
982 10.3024
983 10.2863
984 10.2703
985 10.2543
986 10.2383
987 10.2223
988 10.2063
989 10.1904
990 10.1745
991 10.1586
992 10.1427
993 10.1269
994 10.1111
995 10.0953
996 10.0795
997 10.0637
998 10.048
999 10.0323
1000 10.0166
1001 10.0009
1002 9.98525
1003 9.96963
1004 9.95402
1005 9.93844
1006 9.92288
1007 9.90735
1008 9.89183
1009 9.87634
1010 9.86088
1011 9.84543
1012 9.83001
1013 9.81461
1014 9.79923
1015 9.78387
1016 9.76854
1017 9.75323
1018 9.73794
1019 9.72268
1020 9.70743
1021 9.69221
1022 9.67702
1023 9.66184
1024 9.64669
1025 9.63156
1025 9.61645
1026 9.60137
1027 9.58631
1028 9.57127
1029 9.55625
1030 9.54126
1031 9.52629
1032 9.51134
1033 9.49641
1034 9.48151
1035 9.46663
1036 9.45177
1037 9.43694
1038 9.42212
1039 9.40733
1040 9.39256
1041 9.37782
1042 9.3631
1043 9.3484
1044 9.33372
1045 9.31906
1046 9.30443
1047 9.28982
1048 9.27523
1049 9.26067
1050 9.24613
1051 9.23161
1052 9.21711
1053 9.20263
1054 9.18818
1055 9.17375
1056 9.15935
1057 9.14496
1058 9.1306
1059 9.11626
1060 9.10194
1061 9.08765
1062 9.07337
1063 9.05912
1064 9.0449
1065 9.03069
1066 9.01651
1067 9.00235
1068 8.98821
1069 8.9741
1070 8.96
1071 8.94593
1072 8.93189
1073 8.91786
1074 8.90386
1075 8.88988
1076 8.87592
1077 8.86198
1078 8.84807
1079 8.83418
1080 8.82031
1081 8.80646
1082 8.79264
1083 8.77883
1084 8.76505
1085 8.7513
1086 8.73756
1087 8.72385
1088 8.71016
1089 8.69649
1090 8.68284
1091 8.66921
1092 8.65561
1093 8.64203
1094 8.62847
1095 8.61494
1096 8.60142
1097 8.58793
1098 8.57446
1099 8.56101
1100 8.54759
1101 8.53419
1102 8.5208
1103 8.50745
1104 8.49411
1105 8.48079
1106 8.4675
1107 8.45423
1108 8.44098
1109 8.42775
1110 8.41455
1111 8.40136
1112 8.3882
1113 8.37506
1114 8.36195
1115 8.34885
1116 8.33578
1117 8.32272
1118 8.30969
1119 8.29669
1120 8.2837
1121 8.27073
1122 8.25779
1123 8.24487
1124 8.23197
1125 8.21909
1126 8.20623
1127 8.1934
1128 8.18059
1129 8.16779
1130 8.15502
1131 8.14227
1132 8.12955
1133 8.11684
1134 8.10416
1135 8.09149
1136 8.07885
1137 8.06623
1138 8.05363
1139 8.04105
1140 8.0285
1141 8.01596
1142 8.00345
1143 7.99096
1144 7.97848
1145 7.96603
1146 7.9536
1147 7.9412
1148 7.92881
1149 7.91644
1150 7.9041
1151 7.89177
1152 7.87947
1153 7.86719
1154 7.85493
1155 7.84269
1156 7.83047
1157 7.81827
1158 7.80609
1159 7.79394
1160 7.7818
1161 7.76969
1162 7.75759
1163 7.74552
1164 7.73347
1165 7.72144
1166 7.70942
1167 7.69743
1168 7.68546
1169 7.67351
1170 7.66159
1171 7.64968
1172 7.63779
1173 7.62592
1174 7.61407
1175 7.60225
1176 7.59044
1177 7.57866
1178 7.56689
1179 7.55515
1180 7.54342
1181 7.53172
1182 7.52003
1183 7.50837
1184 7.49672
1185 7.4851
1186 7.4735
1187 7.46191
1188 7.45035
1189 7.43881
1190 7.42728
1191 7.41578
1192 7.4043
1193 7.39283
1194 7.38139
1195 7.36997
1196 7.35856
1197 7.34718
1198 7.33581
1199 7.32447
1200 7.31314
1201 7.30184
1202 7.29055
1203 7.27929
1204 7.26804
1205 7.25682
1206 7.24561
1207 7.23442
1208 7.22325
1209 7.21211
1210 7.20098
1211 7.18987
1212 7.17878
1213 7.16771
1214 7.15666
1215 7.14562
1216 7.13461
1217 7.12362
1218 7.11264
1219 7.10169
1220 7.09075
1221 7.07984
1222 7.06894
1223 7.05806
1224 7.0472
1225 7.03636
1226 7.02554
1227 7.01474
1228 7.00396
1229 6.99319
1230 6.98245
1231 6.97172
1232 6.96101
1233 6.95032
1234 6.93965
1235 6.929
1236 6.91837
1237 6.90775
1238 6.89716
1239 6.88658
1240 6.87602
1241 6.86548
1242 6.85496
1243 6.84446
1244 6.83398
1245 6.82351
1246 6.81306
1247 6.80263
1248 6.79222
1249 6.78183
1250 6.77146
1251 6.7611
1252 6.75076
1253 6.74044
1254 6.73014
1255 6.71986
1256 6.70959
1257 6.69935
1258 6.68912
1259 6.67891
1260 6.66871
1261 6.65854
1262 6.64838
1263 6.63824
1264 6.62812
1265 6.61802
1266 6.60793
1266 6.59786
1267 6.58781
1268 6.57778
1269 6.56776
1270 6.55777
1271 6.54779
1272 6.53783
1273 6.52788
1274 6.51795
1275 6.50805
1276 6.49815
1277 6.48828
1278 6.47842
1279 6.46858
1280 6.45876
1281 6.44896
1282 6.43917
1283 6.4294
1284 6.41965
1285 6.40991
1286 6.40019
1287 6.39049
1288 6.38081
1289 6.37114
1290 6.36149
1291 6.35186
1292 6.34224
1293 6.33264
1294 6.32306
1295 6.3135
1296 6.30395
1297 6.29442
1298 6.2849
1299 6.27541
1300 6.26593
1301 6.25646
1302 6.24702
1303 6.23759
1304 6.22817
1305 6.21878
1306 6.2094
1307 6.20003
1308 6.19069
1309 6.18136
1310 6.17204
1311 6.16275
1312 6.15347
1313 6.1442
1314 6.13496
1315 6.12572
1316 6.11651
1317 6.10731
1318 6.09813
1319 6.08896
1320 6.07981
1321 6.07068
1322 6.06156
1323 6.05246
1324 6.04338
1325 6.03431
1326 6.02526
1327 6.01622
1328 6.0072
1329 5.9982
1330 5.98921
1331 5.98024
1332 5.97128
1333 5.96234
1334 5.95341
1335 5.94451
1336 5.93561
1337 5.92674
1338 5.91787
1339 5.90903
1340 5.9002
1341 5.89138
1342 5.88258
1343 5.8738
1344 5.86503
1345 5.85628
1346 5.84754
1347 5.83882
1348 5.83012
1349 5.82143
1350 5.81275
1351 5.80409
1352 5.79545
1353 5.78682
1354 5.7782
1355 5.7696
1356 5.76102
1357 5.75245
1358 5.7439
1359 5.73536
1360 5.72684
1361 5.71833
1362 5.70983
1363 5.70136
1364 5.69289
1365 5.68444
1366 5.67601
1367 5.66759
1368 5.65919
1369 5.6508
1370 5.64242
1371 5.63406
1372 5.62572
1373 5.61739
1374 5.60907
1375 5.60077
1376 5.59248
1377 5.58421
1378 5.57595
1379 5.56771
1380 5.55948
1381 5.55127
1382 5.54307
1383 5.53488
1384 5.52671
1385 5.51856
1386 5.51041
1387 5.50229
1388 5.49417
1389 5.48607
1390 5.47799
1391 5.46992
1392 5.46186
1393 5.45382
1394 5.44579
1395 5.43777
1396 5.42977
1397 5.42178
1398 5.41381
1399 5.40585
1400 5.39791
1401 5.38998
1402 5.38206
1403 5.37416
1404 5.36627
1405 5.3584
1406 5.35053
1407 5.34269
1408 5.33485
1409 5.32703
1410 5.31923
1411 5.31144
1412 5.30366
1413 5.29589
1414 5.28814
1415 5.2804
1416 5.27268
1417 5.26497
1418 5.25727
1419 5.24959
1420 5.24192
1421 5.23426
1422 5.22662
1423 5.21899
1424 5.21137
1425 5.20377
1426 5.19618
1427 5.1886
1428 5.18104
1429 5.17349
1430 5.16596
1431 5.15843
1432 5.15092
1433 5.14343
1434 5.13594
1435 5.12847
1436 5.12102
1437 5.11357
1438 5.10614
1439 5.09872
1440 5.09132
1441 5.08393
1442 5.07655
1443 5.06918
1444 5.06183
1445 5.05449
1446 5.04716
1447 5.03985
1448 5.03254
1449 5.02526
1450 5.01798
1451 5.01072
1452 5.00347
1453 4.99623
1454 4.989
1455 4.98179
1456 4.97459
1457 4.9674
1458 4.96023
1459 4.95307
1460 4.94592
1461 4.93878
1462 4.93166
1463 4.92454
1464 4.91745
1465 4.91036
1466 4.90328
1467 4.89622
1468 4.88917
1469 4.88213
1470 4.87511
1471 4.86809
1472 4.86109
1473 4.8541
1474 4.84713
1475 4.84016
1476 4.83321
1477 4.82627
1478 4.81934
1479 4.81243
1480 4.80552
1481 4.79863
1482 4.79175
1483 4.78488
1484 4.77803
1485 4.77118
1486 4.76435
1487 4.75753
1488 4.75072
1489 4.74392
1490 4.73714
1491 4.73036
1492 4.7236
1493 4.71685
1494 4.71012
1495 4.70339
1496 4.69667
1497 4.68997
1498 4.68328
1499 4.6766
1500 4.66993
1501 4.66327
1502 4.65663
1503 4.64999
1504 4.64337
1505 4.63676
1506 4.63016
1507 4.62357
1507 4.61699
1508 4.61043
1509 4.60387
1510 4.59733
1511 4.5908
1512 4.58428
1513 4.57777
1514 4.57127
1515 4.56478
1516 4.55831
1517 4.55184
1518 4.54539
1519 4.53895
1520 4.53252
1521 4.5261
1522 4.51969
1523 4.51329
1524 4.5069
1525 4.50053
1526 4.49416
1527 4.48781
1528 4.48146
1529 4.47513
1530 4.46881
1531 4.4625
1532 4.4562
1533 4.44991
1534 4.44363
1535 4.43736
1536 4.43111
1537 4.42486
1538 4.41863
1539 4.4124
1540 4.40619
1541 4.39999
1542 4.39379
1543 4.38761
1544 4.38144
1545 4.37528
1546 4.36913
1547 4.36299
1548 4.35686
1549 4.35074
1550 4.34463
1551 4.33854
1552 4.33245
1553 4.32637
1554 4.32031
1555 4.31425
1556 4.3082
1557 4.30217
1558 4.29614
1559 4.29013
1560 4.28412
1561 4.27813
1562 4.27215
1563 4.26617
1564 4.26021
1565 4.25425
1566 4.24831
1567 4.24238
1568 4.23646
1569 4.23054
1570 4.22464
1571 4.21875
1572 4.21286
1573 4.20699
1574 4.20113
1575 4.19527
1576 4.18943
1577 4.1836
1578 4.17778
1579 4.17196
1580 4.16616
1581 4.16037
1582 4.15458
1583 4.14881
1584 4.14304
1585 4.13729
1586 4.13155
1587 4.12581
1588 4.12009
1589 4.11437
1590 4.10867
1591 4.10297
1592 4.09728
1593 4.09161
1594 4.08594
1595 4.08028
1596 4.07463
1597 4.069
1598 4.06337
1599 4.05775
1600 4.05214
1601 4.04654
1602 4.04095
1603 4.03537
1604 4.0298
1605 4.02423
1606 4.01868
1607 4.01314
1608 4.0076
1609 4.00208
1610 3.99656
1611 3.99106
1612 3.98556
1613 3.98007
1614 3.97459
1615 3.96912
1616 3.96366
1617 3.95821
1618 3.95277
1619 3.94734
1620 3.94192
1621 3.9365
1622 3.9311
1623 3.9257
1624 3.92031
1625 3.91494
1626 3.90957
1627 3.90421
1628 3.89886
1629 3.89351
1630 3.88818
1631 3.88286
1632 3.87754
1633 3.87224
1634 3.86694
1635 3.86165
1636 3.85637
1637 3.8511
1638 3.84584
1639 3.84059
1640 3.83534
1641 3.83011
1642 3.82488
1643 3.81966
1644 3.81445
1645 3.80925
1646 3.80406
1647 3.79888
1648 3.7937
1649 3.78854
1650 3.78338
1651 3.77823
1652 3.77309
1653 3.76796
1654 3.76283
1655 3.75772
1656 3.75261
1657 3.74752
1658 3.74243
1659 3.73735
1660 3.73227
1661 3.72721
1662 3.72216
1663 3.71711
1664 3.71207
1665 3.70704
1666 3.70202
1667 3.69701
1668 3.692
1669 3.687
1670 3.68202
1671 3.67704
1672 3.67206
1673 3.6671
1674 3.66214
1675 3.6572
1676 3.65226
1677 3.64733
1678 3.64241
1679 3.63749
1680 3.63259
1681 3.62769
1682 3.6228
1683 3.61792
1684 3.61304
1685 3.60818
1686 3.60332
1687 3.59847
1688 3.59363
1689 3.58879
1690 3.58397
1691 3.57915
1692 3.57434
1693 3.56954
1694 3.56475
1695 3.55996
1696 3.55518
1697 3.55041
1698 3.54565
1699 3.5409
1700 3.53615
1701 3.53141
1702 3.52668
1703 3.52196
1704 3.51724
1705 3.51253
1706 3.50783
1707 3.50314
1708 3.49846
1709 3.49378
1710 3.48911
1711 3.48445
1712 3.4798
1713 3.47515
1714 3.47051
1715 3.46588
1716 3.46126
1717 3.45664
1718 3.45204
1719 3.44744
1720 3.44284
1721 3.43826
1722 3.43368
1723 3.42911
1724 3.42455
1725 3.41999
1726 3.41544
1727 3.4109
1728 3.40637
1729 3.40184
1730 3.39733
1731 3.39282
1732 3.38831
1733 3.38382
1734 3.37933
1735 3.37485
1736 3.37037
1737 3.3659
1738 3.36144
1739 3.35699
1740 3.35255
1741 3.34811
1742 3.34368
1743 3.33926
1744 3.33484
1745 3.33043
1746 3.32603
1747 3.32163
1748 3.31725
1749 3.31287
1749 3.30849
1750 3.30413
1751 3.29977
1752 3.29542
1753 3.29107
1754 3.28674
1755 3.2824
1756 3.27808
1757 3.27376
1758 3.26945
1759 3.26515
1760 3.26086
1761 3.25657
1762 3.25229
1763 3.24801
1764 3.24374
1765 3.23948
1766 3.23523
1767 3.23098
1768 3.22674
1769 3.22251
1770 3.21828
1771 3.21406
1772 3.20985
1773 3.20564
1774 3.20144
1775 3.19725
1776 3.19307
1777 3.18889
1778 3.18472
1779 3.18055
1780 3.17639
1781 3.17224
1782 3.16809
1783 3.16396
1784 3.15982
1785 3.1557
1786 3.15158
1787 3.14747
1788 3.14336
1789 3.13926
1790 3.13517
1791 3.13108
1792 3.12701
1793 3.12293
1794 3.11887
1795 3.11481
1796 3.11075
1797 3.10671
1798 3.10267
1799 3.09863
1800 3.09461
1801 3.09058
1802 3.08657
1803 3.08256
1804 3.07856
1805 3.07457
1806 3.07058
1807 3.06659
1808 3.06262
1809 3.05865
1810 3.05468
1811 3.05073
1812 3.04678
1813 3.04283
1814 3.03889
1815 3.03496
1816 3.03104
1817 3.02712
1818 3.0232
1819 3.0193
1820 3.0154
1821 3.0115
1822 3.00761
1823 3.00373
1824 2.99986
1825 2.99599
1826 2.99212
1827 2.98827
1828 2.98442
1829 2.98057
1830 2.97673
1831 2.9729
1832 2.96907
1833 2.96525
1834 2.96144
1835 2.95763
1836 2.95383
1837 2.95003
1838 2.94624
1839 2.94245
1840 2.93868
1841 2.9349
1842 2.93114
1843 2.92738
1844 2.92362
1845 2.91987
1846 2.91613
1847 2.91239
1848 2.90866
1849 2.90494
1850 2.90122
1851 2.89751
1852 2.8938
1853 2.8901
1854 2.8864
1855 2.88271
1856 2.87903
1857 2.87535
1858 2.87168
1859 2.86801
1860 2.86435
1861 2.8607
1862 2.85705
1863 2.8534
1864 2.84977
1865 2.84613
1866 2.84251
1867 2.83889
1868 2.83527
1869 2.83166
1870 2.82806
1871 2.82446
1872 2.82087
1873 2.81728
1874 2.8137
1875 2.81013
1876 2.80656
1877 2.80299
1878 2.79943
1879 2.79588
1880 2.79233
1881 2.78879
1882 2.78525
1883 2.78172
1884 2.7782
1885 2.77468
1886 2.77116
1887 2.76765
1888 2.76415
1889 2.76065
1890 2.75716
1891 2.75367
1892 2.75019
1893 2.74672
1894 2.74325
1895 2.73978
1896 2.73632
1897 2.73287
1898 2.72942
1899 2.72597
1900 2.72253
1901 2.7191
1902 2.71567
1903 2.71225
1904 2.70883
1905 2.70542
1906 2.70202
1907 2.69861
1908 2.69522
1909 2.69183
1910 2.68844
1911 2.68506
1912 2.68169
1913 2.67832
1914 2.67495
1915 2.6716
1916 2.66824
1917 2.66489
1918 2.66155
1919 2.65821
1920 2.65488
1921 2.65155
1922 2.64823
1923 2.64491
1924 2.6416
1925 2.63829
1926 2.63499
1927 2.63169
1928 2.6284
1929 2.62511
1930 2.62183
1931 2.61855
1932 2.61528
1933 2.61202
1934 2.60875
1935 2.6055
1936 2.60225
1937 2.599
1938 2.59576
1939 2.59252
1940 2.58929
1941 2.58606
1942 2.58284
1943 2.57963
1944 2.57641
1945 2.57321
1946 2.57001
1947 2.56681
1948 2.56362
1949 2.56043
1950 2.55725
1951 2.55407
1952 2.5509
1953 2.54773
1954 2.54457
1955 2.54141
1956 2.53826
1957 2.53511
1958 2.53197
1959 2.52883
1960 2.5257
1961 2.52257
1962 2.51944
1963 2.51633
1964 2.51321
1965 2.5101
1966 2.507
1967 2.5039
1968 2.5008
1969 2.49771
1970 2.49462
1971 2.49154
1972 2.48847
1973 2.4854
1974 2.48233
1975 2.47927
1976 2.47621
1977 2.47316
1978 2.47011
1979 2.46706
1980 2.46402
1981 2.46099
1982 2.45796
1983 2.45493
1984 2.45191
1985 2.4489
1986 2.44589
1987 2.44288
1988 2.43988
1989 2.43688
1990 2.43389
1990 2.4309
1991 2.42791
1992 2.42493
1993 2.42196
1994 2.41899
1995 2.41602
1996 2.41306
1997 2.4101
1998 2.40715
1999 2.4042
2000 2.40126
2001 2.39832
2002 2.39539
2003 2.39245
2004 2.38953
2005 2.38661
2006 2.38369
2007 2.38078
2008 2.37787
2009 2.37497
2010 2.37207
2011 2.36917
2012 2.36628
2013 2.3634
2014 2.36051
2015 2.35764
2016 2.35476
2017 2.35189
2018 2.34903
2019 2.34617
2020 2.34331
2021 2.34046
2022 2.33762
2023 2.33477
2024 2.33193
2025 2.3291
2026 2.32627
2027 2.32344
2028 2.32062
2029 2.31781
2030 2.31499
2031 2.31218
2032 2.30938
2033 2.30658
2034 2.30378
2035 2.30099
2036 2.2982
2037 2.29542
2038 2.29264
2039 2.28986
2040 2.28709
2041 2.28433
2042 2.28156
2043 2.2788
2044 2.27605
2045 2.2733
2046 2.27055
2047 2.26781
2048 2.26507
2049 2.26234
2050 2.25961
2051 2.25688
2052 2.25416
2053 2.25144
2054 2.24873
2055 2.24602
2056 2.24331
2057 2.24061
2058 2.23791
2059 2.23522
2060 2.23253
2061 2.22985
2062 2.22716
2063 2.22449
2064 2.22181
2065 2.21914
2066 2.21648
2067 2.21382
2068 2.21116
2069 2.2085
2070 2.20585
2071 2.20321
2072 2.20057
2073 2.19793
2074 2.19529
2075 2.19266
2076 2.19004
2077 2.18741
2078 2.18479
2079 2.18218
2080 2.17957
2081 2.17696
2082 2.17436
2083 2.17176
2084 2.16916
2085 2.16657
2086 2.16398
2087 2.1614
2088 2.15882
2089 2.15624
2090 2.15367
2091 2.1511
2092 2.14854
2093 2.14598
2094 2.14342
2095 2.14086
2096 2.13831
2097 2.13577
2098 2.13323
2099 2.13069
2100 2.12815
2101 2.12562
2102 2.12309
2103 2.12057
2104 2.11805
2105 2.11553
2106 2.11302
2107 2.11051
2108 2.10801
2109 2.10551
2110 2.10301
2111 2.10051
2112 2.09802
2113 2.09554
2114 2.09305
2115 2.09057
2116 2.0881
2117 2.08563
2118 2.08316
2119 2.08069
2120 2.07823
2121 2.07577
2122 2.07332
2123 2.07087
2124 2.06842
2125 2.06598
2126 2.06354
2127 2.0611
2128 2.05867
2129 2.05624
2130 2.05382
2131 2.05139
2132 2.04898
2133 2.04656
2134 2.04415
2135 2.04174
2136 2.03934
2137 2.03694
2138 2.03454
2139 2.03215
2140 2.02976
2141 2.02737
2142 2.02499
2143 2.02261
2144 2.02023
2145 2.01786
2146 2.01549
2147 2.01312
2148 2.01076
2149 2.0084
2150 2.00604
2151 2.00369
2152 2.00134
2153 1.999
2154 1.99666
2155 1.99432
2156 1.99198
2157 1.98965
2158 1.98732
2159 1.985
2160 1.98268
2161 1.98036
2162 1.97804
2163 1.97573
2164 1.97342
2165 1.97112
2166 1.96882
2167 1.96652
2168 1.96422
2169 1.96193
2170 1.95964
2171 1.95736
2172 1.95508
2173 1.9528
2174 1.95052
2175 1.94825
2176 1.94598
2177 1.94372
2178 1.94146
2179 1.9392
2180 1.93694
2181 1.93469
2182 1.93244
2183 1.9302
2184 1.92795
2185 1.92572
2186 1.92348
2187 1.92125
2188 1.91902
2189 1.91679
2190 1.91457
2191 1.91235
2192 1.91013
2193 1.90792
2194 1.90571
2195 1.9035
2196 1.9013
2197 1.8991
2198 1.8969
2199 1.8947
2200 1.89251
2201 1.89033
2202 1.88814
2203 1.88596
2204 1.88378
2205 1.8816
2206 1.87943
2207 1.87726
2208 1.8751
2209 1.87293
2210 1.87077
2211 1.86862
2212 1.86646
2213 1.86431
2214 1.86216
2215 1.86002
2216 1.85788
2217 1.85574
2218 1.8536
2219 1.85147
2220 1.84934
2221 1.84722
2222 1.84509
2223 1.84297
2224 1.84086
2225 1.83874
2226 1.83663
2227 1.83452
2228 1.83242
2229 1.83032
2230 1.82822
2231 1.82612
2231 1.82403
2232 1.82194
2233 1.81985
2234 1.81777
2235 1.81569
2236 1.81361
2237 1.81153
2238 1.80946
2239 1.80739
2240 1.80533
2241 1.80326
2242 1.8012
2243 1.79914
2244 1.79709
2245 1.79504
2246 1.79299
2247 1.79094
2248 1.7889
2249 1.78686
2250 1.78482
2251 1.78279
2252 1.78076
2253 1.77873
2254 1.7767
2255 1.77468
2256 1.77266
2257 1.77064
2258 1.76863
2259 1.76662
2260 1.76461
2261 1.7626
2262 1.7606
2263 1.7586
2264 1.7566
2265 1.75461
2266 1.75262
2267 1.75063
2268 1.74864
2269 1.74666
2270 1.74468
2271 1.7427
2272 1.74072
2273 1.73875
2274 1.73678
2275 1.73482
2276 1.73285
2277 1.73089
2278 1.72893
2279 1.72698
2280 1.72502
2281 1.72307
2282 1.72113
2283 1.71918
2284 1.71724
2285 1.7153
2286 1.71336
2287 1.71143
2288 1.7095
2289 1.70757
2290 1.70564
2291 1.70372
2292 1.7018
2293 1.69988
2294 1.69797
2295 1.69605
2296 1.69414
2297 1.69224
2298 1.69033
2299 1.68843
2300 1.68653
2301 1.68464
2302 1.68274
2303 1.68085
2304 1.67896
2305 1.67708
2306 1.67519
2307 1.67331
2308 1.67144
2309 1.66956
2310 1.66769
2311 1.66582
2312 1.66395
2313 1.66208
2314 1.66022
2315 1.65836
2316 1.65651
2317 1.65465
2318 1.6528
2319 1.65095
2320 1.6491
2321 1.64726
2322 1.64542
2323 1.64358
2324 1.64174
2325 1.63991
2326 1.63808
2327 1.63625
2328 1.63442
2329 1.6326
2330 1.63077
2331 1.62896
2332 1.62714
2333 1.62533
2334 1.62351
2335 1.62171
2336 1.6199
2337 1.6181
2338 1.61629
2339 1.6145
2340 1.6127
2341 1.61091
2342 1.60911
2343 1.60733
2344 1.60554
2345 1.60376
2346 1.60197
2347 1.6002
2348 1.59842
2349 1.59665
2350 1.59487
2351 1.5931
2352 1.59134
2353 1.58957
2354 1.58781
2355 1.58605
2356 1.5843
2357 1.58254
2358 1.58079
2359 1.57904
2360 1.57729
2361 1.57555
2362 1.5738
2363 1.57206
2364 1.57033
2365 1.56859
2366 1.56686
2367 1.56513
2368 1.5634
2369 1.56167
2370 1.55995
2371 1.55823
2372 1.55651
2373 1.5548
2374 1.55308
2375 1.55137
2376 1.54966
2377 1.54795
2378 1.54625
2379 1.54455
2380 1.54285
2381 1.54115
2382 1.53945
2383 1.53776
2384 1.53607
2385 1.53438
2386 1.5327
2387 1.53101
2388 1.52933
2389 1.52765
2390 1.52597
2391 1.5243
2392 1.52263
2393 1.52096
2394 1.51929
2395 1.51762
2396 1.51596
2397 1.5143
2398 1.51264
2399 1.51098
2400 1.50933
2401 1.50768
2402 1.50603
2403 1.50438
2404 1.50274
2405 1.50109
2406 1.49945
2407 1.49781
2408 1.49618
2409 1.49454
2410 1.49291
2411 1.49128
2412 1.48965
2413 1.48803
2414 1.4864
2415 1.48478
2416 1.48317
2417 1.48155
2418 1.47993
2419 1.47832
2420 1.47671
2421 1.4751
2422 1.4735
2423 1.4719
2424 1.47029
2425 1.4687
2426 1.4671
2427 1.4655
2428 1.46391
2429 1.46232
2430 1.46073
2431 1.45915
2432 1.45756
2433 1.45598
2434 1.4544
2435 1.45282
2436 1.45125
2437 1.44967
2438 1.4481
2439 1.44653
2440 1.44497
2441 1.4434
2442 1.44184
2443 1.44028
2444 1.43872
2445 1.43716
2446 1.43561
2447 1.43406
2448 1.43251
2449 1.43096
2450 1.42941
2451 1.42787
2452 1.42633
2453 1.42479
2454 1.42325
2455 1.42172
2456 1.42018
2457 1.41865
2458 1.41712
2459 1.41559
2460 1.41407
2461 1.41255
2462 1.41102
2463 1.4095
2464 1.40799
2465 1.40647
2466 1.40496
2467 1.40345
2468 1.40194
2469 1.40043
2470 1.39893
2471 1.39743
2472 1.39592
2473 1.39443
2473 1.39293
2474 1.39143
2475 1.38994
2476 1.38845
2477 1.38696
2478 1.38547
2479 1.38399
2480 1.38251
2481 1.38103
2482 1.37955
2483 1.37807
2484 1.3766
2485 1.37512
2486 1.37365
2487 1.37218
2488 1.37072
2489 1.36925
2490 1.36779
2491 1.36633
2492 1.36487
2493 1.36341
2494 1.36195
2495 1.3605
2496 1.35905
2497 1.3576
2498 1.35615
2499 1.35471
2500 1.35326
2501 1.35182
2502 1.35038
2503 1.34894
2504 1.34751
2505 1.34607
2506 1.34464
2507 1.34321
2508 1.34178
2509 1.34035
2510 1.33893
2511 1.33751
2512 1.33608
2513 1.33466
2514 1.33325
2515 1.33183
2516 1.33042
2517 1.32901
2518 1.3276
2519 1.32619
2520 1.32478
2521 1.32338
2522 1.32198
2523 1.32058
2524 1.31918
2525 1.31778
2526 1.31638
2527 1.31499
2528 1.3136
2529 1.31221
2530 1.31082
2531 1.30944
2532 1.30805
2533 1.30667
2534 1.30529
2535 1.30391
2536 1.30253
2537 1.30116
2538 1.29979
2539 1.29841
2540 1.29705
2541 1.29568
2542 1.29431
2543 1.29295
2544 1.29158
2545 1.29022
2546 1.28887
2547 1.28751
2548 1.28615
2549 1.2848
2550 1.28345
2551 1.2821
2552 1.28075
2553 1.2794
2554 1.27806
2555 1.27672
2556 1.27537
2557 1.27404
2558 1.2727
2559 1.27136
2560 1.27003
2561 1.2687
2562 1.26736
2563 1.26604
2564 1.26471
2565 1.26338
2566 1.26206
2567 1.26074
2568 1.25942
2569 1.2581
2570 1.25678
2571 1.25547
2572 1.25415
2573 1.25284
2574 1.25153
2575 1.25022
2576 1.24892
2577 1.24761
2578 1.24631
2579 1.24501
2580 1.24371
2581 1.24241
2582 1.24111
2583 1.23982
2584 1.23853
2585 1.23724
2586 1.23595
2587 1.23466
2588 1.23337
2589 1.23209
2590 1.2308
2591 1.22952
2592 1.22824
2593 1.22697
2594 1.22569
2595 1.22442
2596 1.22314
2597 1.22187
2598 1.2206
2599 1.21933
2600 1.21807
2601 1.2168
2602 1.21554
2603 1.21428
2604 1.21302
2605 1.21176
2606 1.2105
2607 1.20925
2608 1.208
2609 1.20674
2610 1.20549
2611 1.20425
2612 1.203
2613 1.20175
2614 1.20051
2615 1.19927
2616 1.19803
2617 1.19679
2618 1.19555
2619 1.19432
2620 1.19308
2621 1.19185
2622 1.19062
2623 1.18939
2624 1.18816
2625 1.18694
2626 1.18571
2627 1.18449
2628 1.18327
2629 1.18205
2630 1.18083
2631 1.17962
2632 1.1784
2633 1.17719
2634 1.17598
2635 1.17477
2636 1.17356
2637 1.17235
2638 1.17114
2639 1.16994
2640 1.16874
2641 1.16754
2642 1.16634
2643 1.16514
2644 1.16394
2645 1.16275
2646 1.16155
2647 1.16036
2648 1.15917
2649 1.15798
2650 1.1568
2651 1.15561
2652 1.15443
2653 1.15324
2654 1.15206
2655 1.15088
2656 1.14971
2657 1.14853
2658 1.14735
2659 1.14618
2660 1.14501
2661 1.14384
2662 1.14267
2663 1.1415
2664 1.14033
2665 1.13917
2666 1.13801
2667 1.13684
2668 1.13568
2669 1.13452
2670 1.13337
2671 1.13221
2672 1.13106
2673 1.1299
2674 1.12875
2675 1.1276
2676 1.12645
2677 1.12531
2678 1.12416
2679 1.12302
2680 1.12187
2681 1.12073
2682 1.11959
2683 1.11845
2684 1.11732
2685 1.11618
2686 1.11505
2687 1.11391
2688 1.11278
2689 1.11165
2690 1.11052
2691 1.1094
2692 1.10827
2693 1.10715
2694 1.10602
2695 1.1049
2696 1.10378
2697 1.10266
2698 1.10155
2699 1.10043
2700 1.09932
2701 1.0982
2702 1.09709
2703 1.09598
2704 1.09487
2705 1.09377
2706 1.09266
2707 1.09156
2708 1.09045
2709 1.08935
2710 1.08825
2711 1.08715
2712 1.08606
2713 1.08496
2714 1.08387
2714 1.08277
2715 1.08168
2716 1.08059
2717 1.0795
2718 1.07841
2719 1.07733
2720 1.07624
2721 1.07516
2722 1.07407
2723 1.07299
2724 1.07191
2725 1.07084
2726 1.06976
2727 1.06868
2728 1.06761
2729 1.06654
2730 1.06546
2731 1.06439
2732 1.06333
2733 1.06226
2734 1.06119
2735 1.06013
2736 1.05906
2737 1.058
2738 1.05694
2739 1.05588
2740 1.05482
2741 1.05377
2742 1.05271
2743 1.05166
2744 1.0506
2745 1.04955
2746 1.0485
2747 1.04745
2748 1.04641
2749 1.04536
2750 1.04431
2751 1.04327
2752 1.04223
2753 1.04119
2754 1.04015
2755 1.03911
2756 1.03807
2757 1.03704
2758 1.036
2759 1.03497
2760 1.03394
2761 1.03291
2762 1.03188
2763 1.03085
2764 1.02982
2765 1.0288
2766 1.02777
2767 1.02675
2768 1.02573
2769 1.02471
2770 1.02369
2771 1.02267
2772 1.02165
2773 1.02064
2774 1.01962
2775 1.01861
2776 1.0176
2777 1.01659
2778 1.01558
2779 1.01457
2780 1.01357
2781 1.01256
2782 1.01156
2783 1.01055
2784 1.00955
2785 1.00855
2786 1.00755
2787 1.00656
2788 1.00556
2789 1.00456
2790 1.00357
2791 1.00258
2792 1.00158
2793 1.00059
2794 0.999605
2795 0.998617
2796 0.99763
2797 0.996644
2798 0.99566
2799 0.994677
2800 0.993695
2801 0.992714
2802 0.991734
2803 0.990756
2804 0.989779
2805 0.988803
2806 0.987828
2807 0.986855
2808 0.985882
2809 0.984911
2810 0.983941
2811 0.982972
2812 0.982005
2813 0.981039
2814 0.980073
2815 0.979109
2816 0.978146
2817 0.977185
2818 0.976224
2819 0.975265
2820 0.974307
2821 0.97335
2822 0.972394
2823 0.971439
2824 0.970486
2825 0.969534
2826 0.968582
2827 0.967633
2828 0.966684
2829 0.965736
2830 0.96479
2831 0.963844
2832 0.9629
2833 0.961957
2834 0.961015
2835 0.960074
2836 0.959135
2837 0.958196
2838 0.957259
2839 0.956323
2840 0.955388
2841 0.954454
2842 0.953521
2843 0.95259
2844 0.951659
2845 0.95073
2846 0.949802
2847 0.948875
2848 0.947949
2849 0.947024
2850 0.9461
2851 0.945178
2852 0.944257
2853 0.943336
2854 0.942417
2855 0.941499
2856 0.940582
2857 0.939666
2858 0.938752
2859 0.937838
2860 0.936926
2861 0.936014
2862 0.935104
2863 0.934195
2864 0.933287
2865 0.93238
2866 0.931474
2867 0.930569
2868 0.929666
2869 0.928763
2870 0.927862
2871 0.926962
2872 0.926062
2873 0.925164
2874 0.924267
2875 0.923371
2876 0.922476
2877 0.921583
2878 0.92069
2879 0.919798
2880 0.918908
2881 0.918018
2882 0.91713
2883 0.916243
2884 0.915357
2885 0.914471
2886 0.913587
2887 0.912704
2888 0.911822
2889 0.910942
2890 0.910062
2891 0.909183
2892 0.908305
2893 0.907429
2894 0.906553
2895 0.905679
2896 0.904805
2897 0.903933
2898 0.903062
2899 0.902192
2900 0.901322
2901 0.900454
2902 0.899587
2903 0.898721
2904 0.897856
2905 0.896992
2906 0.896129
2907 0.895267
2908 0.894407
2909 0.893547
2910 0.892688
2911 0.89183
2912 0.890974
2913 0.890118
2914 0.889263
2915 0.88841
2916 0.887557
2917 0.886706
2918 0.885855
2919 0.885006
2920 0.884157
2921 0.88331
2922 0.882463
2923 0.881618
2924 0.880774
2925 0.87993
2926 0.879088
2927 0.878247
2928 0.877406
2929 0.876567
2930 0.875729
2931 0.874891
2932 0.874055
2933 0.87322
2934 0.872385
2935 0.871552
2936 0.87072
2937 0.869889
2938 0.869058
2939 0.868229
2940 0.867401
2941 0.866573
2942 0.865747
2943 0.864921
2944 0.864097
2945 0.863274
2946 0.862451
2947 0.86163
2948 0.860809
2949 0.85999
2950 0.859171
2951 0.858354
2952 0.857537
2953 0.856722
2954 0.855907
2955 0.855094
2955 0.854281
2956 0.853469
2957 0.852658
2958 0.851849
2959 0.85104
2960 0.850232
2961 0.849425
2962 0.848619
2963 0.847814
2964 0.84701
2965 0.846207
2966 0.845405
2967 0.844604
2968 0.843804
2969 0.843004
2970 0.842206
2971 0.841409
2972 0.840612
2973 0.839817
2974 0.839022
2975 0.838229
2976 0.837436
2977 0.836644
2978 0.835853
2979 0.835063
2980 0.834274
2981 0.833486
2982 0.832699
2983 0.831913
2984 0.831128
2985 0.830343
2986 0.82956
2987 0.828778
2988 0.827996
2989 0.827215
2990 0.826436
2991 0.825657
2992 0.824879
2993 0.824102
2994 0.823326
2995 0.822551
2996 0.821776
2997 0.821003
2998 0.820231
2999 0.819459
3000 0.818688
3001 0.817919
3002 0.81715
3003 0.816382
3004 0.815615
3005 0.814849
3006 0.814083
3007 0.813319
3008 0.812556
3009 0.811793
3010 0.811031
3011 0.810271
3012 0.809511
3013 0.808752
3014 0.807994
3015 0.807237
3016 0.80648
3017 0.805725
3018 0.80497
3019 0.804217
3020 0.803464
3021 0.802712
3022 0.801961
3023 0.801211
3024 0.800462
3025 0.799713
3026 0.798966
3027 0.798219
3028 0.797473
3029 0.796728
3030 0.795984
3031 0.795241
3032 0.794499
3033 0.793758
3034 0.793017
3035 0.792277
3036 0.791539
3037 0.790801
3038 0.790064
3039 0.789327
3040 0.788592
3041 0.787857
3042 0.787124
3043 0.786391
3044 0.785659
3045 0.784928
3046 0.784198
3047 0.783468
3048 0.78274
3049 0.782012
3050 0.781285
3051 0.78056
3052 0.779834
3053 0.77911
3054 0.778387
3055 0.777664
3056 0.776942
3057 0.776221
3058 0.775501
3059 0.774782
3060 0.774064
3061 0.773346
3062 0.772629
3063 0.771914
3064 0.771199
3065 0.770484
3066 0.769771
3067 0.769058
3068 0.768347
3069 0.767636
3070 0.766926
3071 0.766216
3072 0.765508
3073 0.7648
3074 0.764094
3075 0.763388
3076 0.762683
3077 0.761978
3078 0.761275
3079 0.760572
3080 0.75987
3081 0.759169
3082 0.758469
3083 0.75777
3084 0.757071
3085 0.756373
3086 0.755676
3087 0.75498
3088 0.754285
3089 0.75359
3090 0.752896
3091 0.752203
3092 0.751511
3093 0.75082
3094 0.750129
3095 0.749439
3096 0.74875
3097 0.748062
3098 0.747375
3099 0.746688
3100 0.746002
3101 0.745317
3102 0.744633
3103 0.74395
3104 0.743267
3105 0.742585
3106 0.741904
3107 0.741224
3108 0.740545
3109 0.739866
3110 0.739188
3111 0.738511
3112 0.737834
3113 0.737159
3114 0.736484
3115 0.73581
3116 0.735137
3117 0.734464
3118 0.733793
3119 0.733122
3120 0.732451
3121 0.731782
3122 0.731113
3123 0.730446
3124 0.729778
3125 0.729112
3126 0.728447
3127 0.727782
3128 0.727118
3129 0.726454
3130 0.725792
3131 0.72513
3132 0.724469
3133 0.723809
3134 0.723149
3135 0.722491
3136 0.721833
3137 0.721175
3138 0.720519
3139 0.719863
3140 0.719208
3141 0.718554
3142 0.717901
3143 0.717248
3144 0.716596
3145 0.715944
3146 0.715294
3147 0.714644
3148 0.713995
3149 0.713347
3150 0.712699
3151 0.712052
3152 0.711406
3153 0.710761
3154 0.710116
3155 0.709472
3156 0.708829
3157 0.708187
3158 0.707545
3159 0.706904
3160 0.706264
3161 0.705624
3162 0.704986
3163 0.704348
3164 0.70371
3165 0.703074
3166 0.702438
3167 0.701802
3168 0.701168
3169 0.700534
3170 0.699901
3171 0.699269
3172 0.698637
3173 0.698006
3174 0.697376
3175 0.696746
3176 0.696118
3177 0.69549
3178 0.694862
3179 0.694236
3180 0.69361
3181 0.692984
3182 0.69236
3183 0.691736
3184 0.691113
3185 0.69049
3186 0.689869
3187 0.689247
3188 0.688627
3189 0.688007
3190 0.687388
3191 0.68677
3192 0.686153
3193 0.685536
3194 0.68492
3195 0.684304
3196 0.683689
3196 0.683075
3197 0.682462
3198 0.681849
3199 0.681237
3200 0.680626
3201 0.680015
3202 0.679405
3203 0.678796
3204 0.678187
3205 0.677579
3206 0.676972
3207 0.676365
3208 0.675759
3209 0.675154
3210 0.67455
3211 0.673946
3212 0.673343
3213 0.67274
3214 0.672138
3215 0.671537
3216 0.670937
3217 0.670337
3218 0.669738
3219 0.669139
3220 0.668541
3221 0.667944
3222 0.667348
3223 0.666752
3224 0.666157
3225 0.665563
3226 0.664969
3227 0.664376
3228 0.663783
3229 0.663191
3230 0.6626
3231 0.66201
3232 0.66142
3233 0.660831
3234 0.660242
3235 0.659655
3236 0.659067
3237 0.658481
3238 0.657895
3239 0.65731
3240 0.656725
3241 0.656141
3242 0.655558
3243 0.654976
3244 0.654394
3245 0.653812
3246 0.653232
3247 0.652652
3248 0.652072
3249 0.651494
3250 0.650916
3251 0.650338
3252 0.649762
3253 0.649186
3254 0.64861
3255 0.648035
3256 0.647461
3257 0.646888
3258 0.646315
3259 0.645742
3260 0.645171
3261 0.6446
3262 0.644029
3263 0.64346
3264 0.642891
3265 0.642322
3266 0.641754
3267 0.641187
3268 0.640621
3269 0.640055
3270 0.639489
3271 0.638925
3272 0.638361
3273 0.637797
3274 0.637235
3275 0.636672
3276 0.636111
3277 0.63555
3278 0.63499
3279 0.63443
3280 0.633871
3281 0.633313
3282 0.632755
3283 0.632198
3284 0.631641
3285 0.631085
3286 0.63053
3287 0.629975
3288 0.629421
3289 0.628868
3290 0.628315
3291 0.627762
3292 0.627211
3293 0.62666
3294 0.626109
3295 0.62556
3296 0.62501
3297 0.624462
3298 0.623914
3299 0.623366
3300 0.62282
3301 0.622273
3302 0.621728
3303 0.621183
3304 0.620639
3305 0.620095
3306 0.619552
3307 0.619009
3308 0.618467
3309 0.617926
3310 0.617385
3311 0.616845
3312 0.616305
3313 0.615766
3314 0.615228
3315 0.61469
3316 0.614153
3317 0.613616
3318 0.61308
3319 0.612545
3320 0.61201
3321 0.611476
3322 0.610942
3323 0.610409
3324 0.609876
3325 0.609345
3326 0.608813
3327 0.608282
3328 0.607752
3329 0.607223
3330 0.606694
3331 0.606165
3332 0.605637
3333 0.60511
3334 0.604584
3335 0.604057
3336 0.603532
3337 0.603007
3338 0.602483
3339 0.601959
3340 0.601435
3341 0.600913
3342 0.600391
3343 0.599869
3344 0.599348
3345 0.598828
3346 0.598308
3347 0.597789
3348 0.59727
3349 0.596752
3350 0.596234
3351 0.595717
3352 0.595201
3353 0.594685
3354 0.59417
3355 0.593655
3356 0.593141
3357 0.592627
3358 0.592114
3359 0.591602
3360 0.59109
3361 0.590578
3362 0.590067
3363 0.589557
3364 0.589047
3365 0.588538
3366 0.588029
3367 0.587521
3368 0.587014
3369 0.586507
3370 0.586
3371 0.585494
3372 0.584989
3373 0.584484
3374 0.58398
3375 0.583476
3376 0.582973
3377 0.58247
3378 0.581968
3379 0.581467
3380 0.580966
3381 0.580465
3382 0.579965
3383 0.579466
3384 0.578967
3385 0.578469
3386 0.577971
3387 0.577474
3388 0.576977
3389 0.576481
3390 0.575985
3391 0.57549
3392 0.574995
3393 0.574501
3394 0.574008
3395 0.573515
3396 0.573022
3397 0.57253
3398 0.572039
3399 0.571548
3400 0.571057
3401 0.570567
3402 0.570078
3403 0.569589
3404 0.569101
3405 0.568613
3406 0.568126
3407 0.567639
3408 0.567153
3409 0.566667
3410 0.566182
3411 0.565698
3412 0.565214
3413 0.56473
3414 0.564247
3415 0.563764
3416 0.563282
3417 0.562801
3418 0.56232
3419 0.561839
3420 0.561359
3421 0.56088
3422 0.560401
3423 0.559922
3424 0.559444
3425 0.558967
3426 0.55849
3427 0.558014
3428 0.557538
3429 0.557062
3430 0.556587
3431 0.556113
3432 0.555639
3433 0.555166
3434 0.554693
3435 0.554221
3436 0.553749
3437 0.553277
3438 0.552807
3438 0.552336
3439 0.551867
3440 0.551397
3441 0.550928
3442 0.55046
3443 0.549992
3444 0.549525
3445 0.549058
3446 0.548592
3447 0.548126
3448 0.547661
3449 0.547196
3450 0.546731
3451 0.546268
3452 0.545804
3453 0.545341
3454 0.544879
3455 0.544417
3456 0.543956
3457 0.543495
3458 0.543035
3459 0.542575
3460 0.542115
3461 0.541656
3462 0.541198
3463 0.54074
3464 0.540283
3465 0.539826
3466 0.539369
3467 0.538913
3468 0.538458
3469 0.538003
3470 0.537548
3471 0.537094
3472 0.53664
3473 0.536187
3474 0.535735
3475 0.535283
3476 0.534831
3477 0.53438
3478 0.533929
3479 0.533479
3480 0.533029
3481 0.53258
3482 0.532131
3483 0.531683
3484 0.531235
3485 0.530788
3486 0.530341
3487 0.529895
3488 0.529449
3489 0.529003
3490 0.528558
3491 0.528114
3492 0.52767
3493 0.527226
3494 0.526783
3495 0.526341
3496 0.525898
3497 0.525457
3498 0.525016
3499 0.524575
3500 0.524135
3501 0.523695
3502 0.523255
3503 0.522817
3504 0.522378
3505 0.52194
3506 0.521503
3507 0.521066
3508 0.520629
3509 0.520193
3510 0.519757
3511 0.519322
3512 0.518888
3513 0.518453
3514 0.51802
3515 0.517586
3516 0.517153
3517 0.516721
3518 0.516289
3519 0.515857
3520 0.515426
3521 0.514996
3522 0.514566
3523 0.514136
3524 0.513707
3525 0.513278
3526 0.51285
3527 0.512422
3528 0.511994
3529 0.511567
3530 0.511141
3531 0.510715
3532 0.510289
3533 0.509864
3534 0.509439
3535 0.509015
3536 0.508591
3537 0.508168
3538 0.507745
3539 0.507322
3540 0.5069
3541 0.506479
3542 0.506057
3543 0.505637
3544 0.505216
3545 0.504796
3546 0.504377
3547 0.503958
3548 0.50354
3549 0.503121
3550 0.502704
3551 0.502287
3552 0.50187
3553 0.501453
3554 0.501037
3555 0.500622
3556 0.500207
3557 0.499792
3558 0.499378
3559 0.498964
3560 0.498551
3561 0.498138
3562 0.497726
3563 0.497314
3564 0.496902
3565 0.496491
3566 0.49608
3567 0.49567
3568 0.49526
3569 0.494851
3570 0.494442
3571 0.494033
3572 0.493625
3573 0.493217
3574 0.49281
3575 0.492403
3576 0.491996
3577 0.49159
3578 0.491185
3579 0.490779
3580 0.490375
3581 0.48997
3582 0.489566
3583 0.489163
3584 0.48876
3585 0.488357
3586 0.487955
3587 0.487553
3588 0.487151
3589 0.48675
3590 0.48635
3591 0.485949
3592 0.48555
3593 0.48515
3594 0.484751
3595 0.484353
3596 0.483955
3597 0.483557
3598 0.483159
3599 0.482763
3600 0.482366
3601 0.48197
3602 0.481574
3603 0.481179
3604 0.480784
3605 0.48039
3606 0.479996
3607 0.479602
3608 0.479209
3609 0.478816
3610 0.478423
3611 0.478031
3612 0.47764
3613 0.477248
3614 0.476857
3615 0.476467
3616 0.476077
3617 0.475687
3618 0.475298
3619 0.474909
3620 0.474521
3621 0.474133
3622 0.473745
3623 0.473358
3624 0.472971
3625 0.472584
3626 0.472198
3627 0.471812
3628 0.471427
3629 0.471042
3630 0.470658
3631 0.470274
3632 0.46989
3633 0.469507
3634 0.469124
3635 0.468741
3636 0.468359
3637 0.467977
3638 0.467596
3639 0.467215
3640 0.466834
3641 0.466454
3642 0.466074
3643 0.465694
3644 0.465315
3645 0.464937
3646 0.464558
3647 0.46418
3648 0.463803
3649 0.463426
3650 0.463049
3651 0.462673
3652 0.462297
3653 0.461921
3654 0.461546
3655 0.461171
3656 0.460796
3657 0.460422
3658 0.460049
3659 0.459675
3660 0.459302
3661 0.45893
3662 0.458557
3663 0.458186
3664 0.457814
3665 0.457443
3666 0.457072
3667 0.456702
3668 0.456332
3669 0.455963
3670 0.455594
3671 0.455225
3672 0.454856
3673 0.454488
3674 0.454121
3675 0.453753
3676 0.453386
3677 0.45302
3678 0.452654
3679 0.452288
3679 0.451922
3680 0.451557
3681 0.451193
3682 0.450828
3683 0.450464
3684 0.450101
3685 0.449737
3686 0.449375
3687 0.449012
3688 0.44865
3689 0.448288
3690 0.447927
3691 0.447566
3692 0.447205
3693 0.446845
3694 0.446485
3695 0.446125
3696 0.445766
3697 0.445407
3698 0.445049
3699 0.444691
3700 0.444333
3701 0.443976
3702 0.443619
3703 0.443262
3704 0.442906
3705 0.44255
3706 0.442194
3707 0.441839
3708 0.441484
3709 0.44113
3710 0.440776
3711 0.440422
3712 0.440069
3713 0.439716
3714 0.439363
3715 0.439011
3716 0.438659
3717 0.438307
3718 0.437956
3719 0.437605
3720 0.437254
3721 0.436904
3722 0.436554
3723 0.436205
3724 0.435856
3725 0.435507
3726 0.435158
3727 0.43481
3728 0.434463
3729 0.434115
3730 0.433768
3731 0.433421
3732 0.433075
3733 0.432729
3734 0.432384
3735 0.432038
3736 0.431693
3737 0.431349
3738 0.431004
3739 0.430661
3740 0.430317
3741 0.429974
3742 0.429631
3743 0.429289
3744 0.428946
3745 0.428605
3746 0.428263
3747 0.427922
3748 0.427581
3749 0.427241
3750 0.426901
3751 0.426561
3752 0.426222
3753 0.425882
3754 0.425544
3755 0.425205
3756 0.424867
3757 0.42453
3758 0.424192
3759 0.423855
3760 0.423519
3761 0.423182
3762 0.422846
3763 0.422511
3764 0.422175
3765 0.42184
3766 0.421506
3767 0.421171
3768 0.420837
3769 0.420504
3770 0.42017
3771 0.419837
3772 0.419505
3773 0.419172
3774 0.41884
3775 0.418509
3776 0.418177
3777 0.417846
3778 0.417516
3779 0.417185
3780 0.416855
3781 0.416526
3782 0.416196
3783 0.415867
3784 0.415539
3785 0.41521
3786 0.414882
3787 0.414555
3788 0.414227
3789 0.4139
3790 0.413574
3791 0.413247
3792 0.412921
3793 0.412595
3794 0.41227
3795 0.411945
3796 0.41162
3797 0.411296
3798 0.410972
3799 0.410648
3800 0.410324
3801 0.410001
3802 0.409678
3803 0.409356
3804 0.409034
3805 0.408712
3806 0.40839
3807 0.408069
3808 0.407748
3809 0.407428
3810 0.407107
3811 0.406787
3812 0.406468
3813 0.406148
3814 0.405829
3815 0.405511
3816 0.405192
3817 0.404874
3818 0.404557
3819 0.404239
3820 0.403922
3821 0.403605
3822 0.403289
3823 0.402973
3824 0.402657
3825 0.402341
3826 0.402026
3827 0.401711
3828 0.401397
3829 0.401082
3830 0.400768
3831 0.400455
3832 0.400141
3833 0.399828
3834 0.399515
3835 0.399203
3836 0.398891
3837 0.398579
3838 0.398268
3839 0.397956
3840 0.397645
3841 0.397335
3842 0.397025
3843 0.396715
3844 0.396405
3845 0.396096
3846 0.395786
3847 0.395478
3848 0.395169
3849 0.394861
3850 0.394553
3851 0.394246
3852 0.393938
3853 0.393631
3854 0.393325
3855 0.393018
3856 0.392712
3857 0.392407
3858 0.392101
3859 0.391796
3860 0.391491
3861 0.391187
3862 0.390882
3863 0.390578
3864 0.390275
3865 0.389971
3866 0.389668
3867 0.389365
3868 0.389063
3869 0.388761
3870 0.388459
3871 0.388157
3872 0.387856
3873 0.387555
3874 0.387254
3875 0.386954
3876 0.386654
3877 0.386354
3878 0.386054
3879 0.385755
3880 0.385456
3881 0.385157
3882 0.384859
3883 0.384561
3884 0.384263
3885 0.383965
3886 0.383668
3887 0.383371
3888 0.383075
3889 0.382778
3890 0.382482
3891 0.382186
3892 0.381891
3893 0.381595
3894 0.381301
3895 0.381006
3896 0.380711
3897 0.380417
3898 0.380124
3899 0.37983
3900 0.379537
3901 0.379244
3902 0.378951
3903 0.378659
3904 0.378366
3905 0.378075
3906 0.377783
3907 0.377492
3908 0.377201
3909 0.37691
3910 0.37662
3911 0.376329
3912 0.376039
3913 0.37575
3914 0.375461
3915 0.375171
3916 0.374883
3917 0.374594
3918 0.374306
3919 0.374018
3920 0.37373
3920 0.373443
3921 0.373156
3922 0.372869
3923 0.372582
3924 0.372296
3925 0.37201
3926 0.371724
3927 0.371439
3928 0.371154
3929 0.370869
3930 0.370584
3931 0.3703
3932 0.370016
3933 0.369732
3934 0.369448
3935 0.369165
3936 0.368882
3937 0.368599
3938 0.368317
3939 0.368035
3940 0.367753
3941 0.367471
3942 0.36719
3943 0.366909
3944 0.366628
3945 0.366347
3946 0.366067
3947 0.365787
3948 0.365507
3949 0.365228
3950 0.364949
3951 0.36467
3952 0.364391
3953 0.364112
3954 0.363834
3955 0.363556
3956 0.363279
3957 0.363002
3958 0.362724
3959 0.362448
3960 0.362171
3961 0.361895
3962 0.361619
3963 0.361343
3964 0.361068
3965 0.360792
3966 0.360517
3967 0.360243
3968 0.359968
3969 0.359694
3970 0.35942
3971 0.359147
3972 0.358873
3973 0.3586
3974 0.358327
3975 0.358055
3976 0.357782
3977 0.35751
3978 0.357238
3979 0.356967
3980 0.356696
3981 0.356425
3982 0.356154
3983 0.355883
3984 0.355613
3985 0.355343
3986 0.355073
3987 0.354804
3988 0.354535
3989 0.354266
3990 0.353997
3991 0.353729
3992 0.35346
3993 0.353192
3994 0.352925
3995 0.352657
3996 0.35239
3997 0.352123
3998 0.351857
3999 0.35159
4000 0.351324
4001 0.351058
4002 0.350793
4003 0.350527
4004 0.350262
4005 0.349997
4006 0.349733
4007 0.349468
4008 0.349204
4009 0.34894
4010 0.348677
4011 0.348413
4012 0.34815
4013 0.347888
4014 0.347625
4015 0.347363
4016 0.347101
4017 0.346839
4018 0.346577
4019 0.346316
4020 0.346055
4021 0.345794
4022 0.345533
4023 0.345273
4024 0.345013
4025 0.344753
4026 0.344493
4027 0.344234
4028 0.343975
4029 0.343716
4030 0.343457
4031 0.343199
4032 0.342941
4033 0.342683
4034 0.342425
4035 0.342168
4036 0.341911
4037 0.341654
4038 0.341397
4039 0.341141
4040 0.340885
4041 0.340629
4042 0.340373
4043 0.340118
4044 0.339863
4045 0.339608
4046 0.339353
4047 0.339099
4048 0.338844
4049 0.33859
4050 0.338337
4051 0.338083
4052 0.33783
4053 0.337577
4054 0.337324
4055 0.337072
4056 0.336819
4057 0.336567
4058 0.336315
4059 0.336064
4060 0.335812
4061 0.335561
4062 0.335311
4063 0.33506
4064 0.33481
4065 0.334559
4066 0.334309
4067 0.33406
4068 0.33381
4069 0.333561
4070 0.333312
4071 0.333063
4072 0.332815
4073 0.332567
4074 0.332319
4075 0.332071
4076 0.331823
4077 0.331576
4078 0.331329
4079 0.331082
4080 0.330835
4081 0.330589
4082 0.330343
4083 0.330097
4084 0.329851
4085 0.329606
4086 0.329361
4087 0.329116
4088 0.328871
4089 0.328626
4090 0.328382
4091 0.328138
4092 0.327894
4093 0.327651
4094 0.327407
4095 0.327164
4096 0.326921
4097 0.326678
4098 0.326436
4099 0.326194
4100 0.325952
4101 0.32571
4102 0.325468
4103 0.325227
4104 0.324986
4105 0.324745
4106 0.324504
4107 0.324264
4108 0.324024
4109 0.323784
4110 0.323544
4111 0.323304
4112 0.323065
4113 0.322826
4114 0.322587
4115 0.322349
4116 0.32211
4117 0.321872
4118 0.321634
4119 0.321396
4120 0.321159
4121 0.320921
4122 0.320684
4123 0.320447
4124 0.320211
4125 0.319974
4126 0.319738
4127 0.319502
4128 0.319267
4129 0.319031
4130 0.318796
4131 0.318561
4132 0.318326
4133 0.318091
4134 0.317857
4135 0.317622
4136 0.317388
4137 0.317155
4138 0.316921
4139 0.316688
4140 0.316455
4141 0.316222
4142 0.315989
4143 0.315756
4144 0.315524
4145 0.315292
4146 0.31506
4147 0.314829
4148 0.314597
4149 0.314366
4150 0.314135
4151 0.313904
4152 0.313674
4153 0.313443
4154 0.313213
4155 0.312983
4156 0.312754
4157 0.312524
4158 0.312295
4159 0.312066
4160 0.311837
4161 0.311608
4161 0.31138
4162 0.311152
4163 0.310924
4164 0.310696
4165 0.310468
4166 0.310241
4167 0.310014
4168 0.309787
4169 0.30956
4170 0.309333
4171 0.309107
4172 0.308881
4173 0.308655
4174 0.308429
4175 0.308204
4176 0.307979
4177 0.307753
4178 0.307529
4179 0.307304
4180 0.307079
4181 0.306855
4182 0.306631
4183 0.306407
4184 0.306184
4185 0.30596
4186 0.305737
4187 0.305514
4188 0.305291
4189 0.305068
4190 0.304846
4191 0.304624
4192 0.304402
4193 0.30418
4194 0.303958
4195 0.303737
4196 0.303515
4197 0.303294
4198 0.303074
4199 0.302853
4200 0.302633
4201 0.302412
4202 0.302192
4203 0.301972
4204 0.301753
4205 0.301533
4206 0.301314
4207 0.301095
4208 0.300876
4209 0.300658
4210 0.300439
4211 0.300221
4212 0.300003
4213 0.299785
4214 0.299567
4215 0.29935
4216 0.299133
4217 0.298916
4218 0.298699
4219 0.298482
4220 0.298266
4221 0.298049
4222 0.297833
4223 0.297617
4224 0.297402
4225 0.297186
4226 0.296971
4227 0.296756
4228 0.296541
4229 0.296326
4230 0.296112
4231 0.295897
4232 0.295683
4233 0.295469
4234 0.295256
4235 0.295042
4236 0.294829
4237 0.294615
4238 0.294403
4239 0.29419
4240 0.293977
4241 0.293765
4242 0.293553
4243 0.293341
4244 0.293129
4245 0.292917
4246 0.292706
4247 0.292494
4248 0.292283
4249 0.292073
4250 0.291862
4251 0.291651
4252 0.291441
4253 0.291231
4254 0.291021
4255 0.290811
4256 0.290602
4257 0.290392
4258 0.290183
4259 0.289974
4260 0.289766
4261 0.289557
4262 0.289349
4263 0.28914
4264 0.288932
4265 0.288725
4266 0.288517
4267 0.288309
4268 0.288102
4269 0.287895
4270 0.287688
4271 0.287481
4272 0.287275
4273 0.287069
4274 0.286862
4275 0.286657
4276 0.286451
4277 0.286245
4278 0.28604
4279 0.285835
4280 0.285629
4281 0.285425
4282 0.28522
4283 0.285016
4284 0.284811
4285 0.284607
4286 0.284403
4287 0.284199
4288 0.283996
4289 0.283793
4290 0.283589
4291 0.283386
4292 0.283184
4293 0.282981
4294 0.282778
4295 0.282576
4296 0.282374
4297 0.282172
4298 0.28197
4299 0.281769
4300 0.281568
4301 0.281366
4302 0.281165
4303 0.280965
4304 0.280764
4305 0.280563
4306 0.280363
4307 0.280163
4308 0.279963
4309 0.279763
4310 0.279564
4311 0.279364
4312 0.279165
4313 0.278966
4314 0.278767
4315 0.278569
4316 0.27837
4317 0.278172
4318 0.277974
4319 0.277776
4320 0.277578
4321 0.277381
4322 0.277183
4323 0.276986
4324 0.276789
4325 0.276592
4326 0.276395
4327 0.276199
4328 0.276002
4329 0.275806
4330 0.27561
4331 0.275415
4332 0.275219
4333 0.275023
4334 0.274828
4335 0.274633
4336 0.274438
4337 0.274243
4338 0.274049
4339 0.273854
4340 0.27366
4341 0.273466
4342 0.273272
4343 0.273078
4344 0.272885
4345 0.272692
4346 0.272498
4347 0.272305
4348 0.272112
4349 0.27192
4350 0.271727
4351 0.271535
4352 0.271343
4353 0.271151
4354 0.270959
4355 0.270767
4356 0.270576
4357 0.270385
4358 0.270194
4359 0.270003
4360 0.269812
4361 0.269621
4362 0.269431
4363 0.269241
4364 0.26905
4365 0.268861
4366 0.268671
4367 0.268481
4368 0.268292
4369 0.268103
4370 0.267913
4371 0.267725
4372 0.267536
4373 0.267347
4374 0.267159
4375 0.266971
4376 0.266783
4377 0.266595
4378 0.266407
4379 0.266219
4380 0.266032
4381 0.265845
4382 0.265658
4383 0.265471
4384 0.265284
4385 0.265098
4386 0.264911
4387 0.264725
4388 0.264539
4389 0.264353
4390 0.264167
4391 0.263982
4392 0.263796
4393 0.263611
4394 0.263426
4395 0.263241
4396 0.263056
4397 0.262872
4398 0.262687
4399 0.262503
4400 0.262319
4401 0.262135
4402 0.261951
4403 0.261768
4403 0.261584
4404 0.261401
4405 0.261218
4406 0.261035
4407 0.260852
4408 0.26067
4409 0.260487
4410 0.260305
4411 0.260123
4412 0.259941
4413 0.259759
4414 0.259578
4415 0.259396
4416 0.259215
4417 0.259034
4418 0.258853
4419 0.258672
4420 0.258491
4421 0.258311
4422 0.25813
4423 0.25795
4424 0.25777
4425 0.25759
4426 0.25741
4427 0.257231
4428 0.257051
4429 0.256872
4430 0.256693
4431 0.256514
4432 0.256335
4433 0.256157
4434 0.255978
4435 0.2558
4436 0.255622
4437 0.255444
4438 0.255266
4439 0.255089
4440 0.254911
4441 0.254734
4442 0.254557
4443 0.254379
4444 0.254203
4445 0.254026
4446 0.253849
4447 0.253673
4448 0.253497
4449 0.253321
4450 0.253145
4451 0.252969
4452 0.252793
4453 0.252618
4454 0.252442
4455 0.252267
4456 0.252092
4457 0.251917
4458 0.251743
4459 0.251568
4460 0.251394
4461 0.251219
4462 0.251045
4463 0.250871
4464 0.250698
4465 0.250524
4466 0.25035
4467 0.250177
4468 0.250004
4469 0.249831
4470 0.249658
4471 0.249485
4472 0.249313
4473 0.24914
4474 0.248968
4475 0.248796
4476 0.248624
4477 0.248452
4478 0.24828
4479 0.248109
4480 0.247938
4481 0.247766
4482 0.247595
4483 0.247424
4484 0.247253
4485 0.247083
4486 0.246912
4487 0.246742
4488 0.246572
4489 0.246402
4490 0.246232
4491 0.246062
4492 0.245893
4493 0.245723
4494 0.245554
4495 0.245385
4496 0.245216
4497 0.245047
4498 0.244878
4499 0.24471
4500 0.244541
4501 0.244373
4502 0.244205
4503 0.244037
4504 0.243869
4505 0.243701
4506 0.243534
4507 0.243366
4508 0.243199
4509 0.243032
4510 0.242865
4511 0.242698
4512 0.242531
4513 0.242365
4514 0.242199
4515 0.242032
4516 0.241866
4517 0.2417
4518 0.241534
4519 0.241369
4520 0.241203
4521 0.241038
4522 0.240873
4523 0.240707
4524 0.240542
4525 0.240378
4526 0.240213
4527 0.240048
4528 0.239884
4529 0.23972
4530 0.239556
4531 0.239392
4532 0.239228
4533 0.239064
4534 0.238901
4535 0.238737
4536 0.238574
4537 0.238411
4538 0.238248
4539 0.238085
4540 0.237922
4541 0.23776
4542 0.237597
4543 0.237435
4544 0.237273
4545 0.237111
4546 0.236949
4547 0.236787
4548 0.236625
4549 0.236464
4550 0.236303
4551 0.236141
4552 0.23598
4553 0.235819
4554 0.235659
4555 0.235498
4556 0.235337
4557 0.235177
4558 0.235017
4559 0.234857
4560 0.234697
4561 0.234537
4562 0.234377
4563 0.234218
4564 0.234058
4565 0.233899
4566 0.23374
4567 0.233581
4568 0.233422
4569 0.233263
4570 0.233104
4571 0.232946
4572 0.232787
4573 0.232629
4574 0.232471
4575 0.232313
4576 0.232155
4577 0.231998
4578 0.23184
4579 0.231683
4580 0.231525
4581 0.231368
4582 0.231211
4583 0.231054
4584 0.230897
4585 0.230741
4586 0.230584
4587 0.230428
4588 0.230272
4589 0.230116
4590 0.22996
4591 0.229804
4592 0.229648
4593 0.229492
4594 0.229337
4595 0.229182
4596 0.229026
4597 0.228871
4598 0.228716
4599 0.228562
4600 0.228407
4601 0.228252
4602 0.228098
4603 0.227944
4604 0.22779
4605 0.227636
4606 0.227482
4607 0.227328
4608 0.227174
4609 0.227021
4610 0.226868
4611 0.226714
4612 0.226561
4613 0.226408
4614 0.226255
4615 0.226103
4616 0.22595
4617 0.225798
4618 0.225645
4619 0.225493
4620 0.225341
4621 0.225189
4622 0.225037
4623 0.224886
4624 0.224734
4625 0.224583
4626 0.224431
4627 0.22428
4628 0.224129
4629 0.223978
4630 0.223827
4631 0.223677
4632 0.223526
4633 0.223376
4634 0.223225
4635 0.223075
4636 0.222925
4637 0.222775
4638 0.222625
4639 0.222476
4640 0.222326
4641 0.222177
4642 0.222028
4643 0.221878
4644 0.221729
4644 0.221581
4645 0.221432
4646 0.221283
4647 0.221135
4648 0.220986
4649 0.220838
4650 0.22069
4651 0.220542
4652 0.220394
4653 0.220246
4654 0.220098
4655 0.219951
4656 0.219803
4657 0.219656
4658 0.219509
4659 0.219362
4660 0.219215
4661 0.219068
4662 0.218922
4663 0.218775
4664 0.218629
4665 0.218482
4666 0.218336
4667 0.21819
4668 0.218044
4669 0.217899
4670 0.217753
4671 0.217607
4672 0.217462
4673 0.217317
4674 0.217171
4675 0.217026
4676 0.216881
4677 0.216737
4678 0.216592
4679 0.216447
4680 0.216303
4681 0.216159
4682 0.216014
4683 0.21587
4684 0.215726
4685 0.215583
4686 0.215439
4687 0.215295
4688 0.215152
4689 0.215008
4690 0.214865
4691 0.214722
4692 0.214579
4693 0.214436
4694 0.214293
4695 0.214151
4696 0.214008
4697 0.213866
4698 0.213724
4699 0.213582
4700 0.213439
4701 0.213298
4702 0.213156
4703 0.213014
4704 0.212873
4705 0.212731
4706 0.21259
4707 0.212449
4708 0.212308
4709 0.212167
4710 0.212026
4711 0.211885
4712 0.211744
4713 0.211604
4714 0.211464
4715 0.211323
4716 0.211183
4717 0.211043
4718 0.210903
4719 0.210763
4720 0.210624
4721 0.210484
4722 0.210345
4723 0.210206
4724 0.210066
4725 0.209927
4726 0.209788
4727 0.209649
4728 0.209511
4729 0.209372
4730 0.209234
4731 0.209095
4732 0.208957
4733 0.208819
4734 0.208681
4735 0.208543
4736 0.208405
4737 0.208267
4738 0.20813
4739 0.207992
4740 0.207855
4741 0.207718
4742 0.207581
4743 0.207444
4744 0.207307
4745 0.20717
4746 0.207034
4747 0.206897
4748 0.206761
4749 0.206624
4750 0.206488
4751 0.206352
4752 0.206216
4753 0.20608
4754 0.205944
4755 0.205809
4756 0.205673
4757 0.205538
4758 0.205403
4759 0.205268
4760 0.205132
4761 0.204998
4762 0.204863
4763 0.204728
4764 0.204593
4765 0.204459
4766 0.204325
4767 0.20419
4768 0.204056
4769 0.203922
4770 0.203788
4771 0.203654
4772 0.203521
4773 0.203387
4774 0.203254
4775 0.20312
4776 0.202987
4777 0.202854
4778 0.202721
4779 0.202588
4780 0.202455
4781 0.202322
4782 0.20219
4783 0.202057
4784 0.201925
4785 0.201793
4786 0.201661
4787 0.201529
4788 0.201397
4789 0.201265
4790 0.201133
4791 0.201001
4792 0.20087
4793 0.200739
4794 0.200607
4795 0.200476
4796 0.200345
4797 0.200214
4798 0.200083
4799 0.199953
4800 0.199822
4801 0.199692
4802 0.199561
4803 0.199431
4804 0.199301
4805 0.199171
4806 0.199041
4807 0.198911
4808 0.198781
4809 0.198651
4810 0.198522
4811 0.198392
4812 0.198263
4813 0.198134
4814 0.198005
4815 0.197876
4816 0.197747
4817 0.197618
4818 0.197489
4819 0.197361
4820 0.197232
4821 0.197104
4822 0.196976
4823 0.196848
4824 0.19672
4825 0.196592
4826 0.196464
4827 0.196336
4828 0.196209
4829 0.196081
4830 0.195954
4831 0.195826
4832 0.195699
4833 0.195572
4834 0.195445
4835 0.195318
4836 0.195191
4837 0.195065
4838 0.194938
4839 0.194812
4840 0.194685
4841 0.194559
4842 0.194433
4843 0.194307
4844 0.194181
4845 0.194055
4846 0.19393
4847 0.193804
4848 0.193678
4849 0.193553
4850 0.193428
4851 0.193302
4852 0.193177
4853 0.193052
4854 0.192927
4855 0.192803
4856 0.192678
4857 0.192553
4858 0.192429
4859 0.192304
4860 0.19218
4861 0.192056
4862 0.191932
4863 0.191808
4864 0.191684
4865 0.19156
4866 0.191437
4867 0.191313
4868 0.19119
4869 0.191066
4870 0.190943
4871 0.19082
4872 0.190697
4873 0.190574
4874 0.190451
4875 0.190328
4876 0.190205
4877 0.190083
4878 0.18996
4879 0.189838
4880 0.189716
4881 0.189594
4882 0.189472
4883 0.18935
4884 0.189228
4885 0.189106
4885 0.188984
4886 0.188863
4887 0.188741
4888 0.18862
4889 0.188499
4890 0.188378
4891 0.188256
4892 0.188135
4893 0.188015
4894 0.187894
4895 0.187773
4896 0.187653
4897 0.187532
4898 0.187412
4899 0.187291
4900 0.187171
4901 0.187051
4902 0.186931
4903 0.186811
4904 0.186691
4905 0.186572
4906 0.186452
4907 0.186333
4908 0.186213
4909 0.186094
4910 0.185975
4911 0.185856
4912 0.185737
4913 0.185618
4914 0.185499
4915 0.18538
4916 0.185261
4917 0.185143
4918 0.185025
4919 0.184906
4920 0.184788
4921 0.18467
4922 0.184552
4923 0.184434
4924 0.184316
4925 0.184198
4926 0.18408
4927 0.183963
4928 0.183845
4929 0.183728
4930 0.183611
4931 0.183493
4932 0.183376
4933 0.183259
4934 0.183142
4935 0.183026
4936 0.182909
4937 0.182792
4938 0.182676
4939 0.182559
4940 0.182443
4941 0.182327
4942 0.18221
4943 0.182094
4944 0.181978
4945 0.181862
4946 0.181747
4947 0.181631
4948 0.181515
4949 0.1814
4950 0.181284
4951 0.181169
4952 0.181054
4953 0.180939
4954 0.180823
4955 0.180709
4956 0.180594
4957 0.180479
4958 0.180364
4959 0.18025
4960 0.180135
4961 0.180021
4962 0.179906
4963 0.179792
4964 0.179678
4965 0.179564
4966 0.17945
4967 0.179336
4968 0.179222
4969 0.179108
4970 0.178995
4971 0.178881
4972 0.178768
4973 0.178655
4974 0.178541
4975 0.178428
4976 0.178315
4977 0.178202
4978 0.178089
4979 0.177976
4980 0.177864
4981 0.177751
4982 0.177639
4983 0.177526
4984 0.177414
4985 0.177301
4986 0.177189
4987 0.177077
4988 0.176965
4989 0.176853
4990 0.176741
4991 0.17663
4992 0.176518
4993 0.176407
4994 0.176295
4995 0.176184
4996 0.176072
4997 0.175961
4998 0.17585
4999 0.175739
5000 0.175628
5001 0.175517
5002 0.175406
5003 0.175296
5004 0.175185
5005 0.175075
5006 0.174964
5007 0.174854
5008 0.174744
5009 0.174633
5010 0.174523
5011 0.174413
5012 0.174303
5013 0.174194
5014 0.174084
5015 0.173974
5016 0.173865
5017 0.173755
5018 0.173646
5019 0.173536
5020 0.173427
5021 0.173318
5022 0.173209
5023 0.1731
5024 0.172991
5025 0.172882
5026 0.172774
5027 0.172665
5028 0.172557
5029 0.172448
5030 0.17234
5031 0.172231
5032 0.172123
5033 0.172015
5034 0.171907
5035 0.171799
5036 0.171691
5037 0.171584
5038 0.171476
5039 0.171368
5040 0.171261
5041 0.171153
5042 0.171046
5043 0.170939
5044 0.170832
5045 0.170724
5046 0.170617
5047 0.17051
5048 0.170404
5049 0.170297
5050 0.17019
5051 0.170084
5052 0.169977
5053 0.169871
5054 0.169764
5055 0.169658
5056 0.169552
5057 0.169446
5058 0.16934
5059 0.169234
5060 0.169128
5061 0.169022
5062 0.168917
5063 0.168811
5064 0.168705
5065 0.1686
5066 0.168495
5067 0.168389
5068 0.168284
5069 0.168179
5070 0.168074
5071 0.167969
5072 0.167864
5073 0.16776
5074 0.167655
5075 0.16755
5076 0.167446
5077 0.167341
5078 0.167237
5079 0.167133
5080 0.167029
5081 0.166924
5082 0.16682
5083 0.166716
5084 0.166613
5085 0.166509
5086 0.166405
5087 0.166301
5088 0.166198
5089 0.166094
5090 0.165991
5091 0.165888
5092 0.165785
5093 0.165681
5094 0.165578
5095 0.165475
5096 0.165373
5097 0.16527
5098 0.165167
5099 0.165064
5100 0.164962
5101 0.164859
5102 0.164757
5103 0.164655
5104 0.164552
5105 0.16445
5106 0.164348
5107 0.164246
5108 0.164144
5109 0.164042
5110 0.16394
5111 0.163839
5112 0.163737
5113 0.163636
5114 0.163534
5115 0.163433
5116 0.163331
5117 0.16323
5118 0.163129
5119 0.163028
5120 0.162927
5121 0.162826
5122 0.162725
5123 0.162625
5124 0.162524
5125 0.162423
5126 0.162323
5127 0.162222
5127 0.162122
5128 0.162022
5129 0.161922
5130 0.161822
5131 0.161722
5132 0.161622
5133 0.161522
5134 0.161422
5135 0.161322
5136 0.161223
5137 0.161123
5138 0.161023
5139 0.160924
5140 0.160825
5141 0.160725
5142 0.160626
5143 0.160527
5144 0.160428
5145 0.160329
5146 0.16023
5147 0.160132
5148 0.160033
5149 0.159934
5150 0.159836
5151 0.159737
5152 0.159639
5153 0.15954
5154 0.159442
5155 0.159344
5156 0.159246
5157 0.159148
5158 0.15905
5159 0.158952
5160 0.158854
5161 0.158757
5162 0.158659
5163 0.158561
5164 0.158464
5165 0.158366
5166 0.158269
5167 0.158172
5168 0.158075
5169 0.157978
5170 0.15788
5171 0.157784
5172 0.157687
5173 0.15759
5174 0.157493
5175 0.157396
5176 0.1573
5177 0.157203
5178 0.157107
5179 0.157011
5180 0.156914
5181 0.156818
5182 0.156722
5183 0.156626
5184 0.15653
5185 0.156434
5186 0.156338
5187 0.156242
5188 0.156147
5189 0.156051
5190 0.155956
5191 0.15586
5192 0.155765
5193 0.155669
5194 0.155574
5195 0.155479
5196 0.155384
5197 0.155289
5198 0.155194
5199 0.155099
5200 0.155004
5201 0.154909
5202 0.154815
5203 0.15472
5204 0.154626
5205 0.154531
5206 0.154437
5207 0.154343
5208 0.154248
5209 0.154154
5210 0.15406
5211 0.153966
5212 0.153872
5213 0.153778
5214 0.153685
5215 0.153591
5216 0.153497
5217 0.153404
5218 0.15331
5219 0.153217
5220 0.153123
5221 0.15303
5222 0.152937
5223 0.152844
5224 0.152751
5225 0.152658
5226 0.152565
5227 0.152472
5228 0.152379
5229 0.152287
5230 0.152194
5231 0.152101
5232 0.152009
5233 0.151917
5234 0.151824
5235 0.151732
5236 0.15164
5237 0.151548
5238 0.151456
5239 0.151364
5240 0.151272
5241 0.15118
5242 0.151088
5243 0.150996
5244 0.150905
5245 0.150813
5246 0.150722
5247 0.15063
5248 0.150539
5249 0.150448
5250 0.150356
5251 0.150265
5252 0.150174
5253 0.150083
5254 0.149992
5255 0.149901
5256 0.14981
5257 0.14972
5258 0.149629
5259 0.149539
5260 0.149448
5261 0.149358
5262 0.149267
5263 0.149177
5264 0.149087
5265 0.148996
5266 0.148906
5267 0.148816
5268 0.148726
5269 0.148636
5270 0.148547
5271 0.148457
5272 0.148367
5273 0.148278
5274 0.148188
5275 0.148099
5276 0.148009
5277 0.14792
5278 0.147831
5279 0.147741
5280 0.147652
5281 0.147563
5282 0.147474
5283 0.147385
5284 0.147296
5285 0.147207
5286 0.147119
5287 0.14703
5288 0.146941
5289 0.146853
5290 0.146764
5291 0.146676
5292 0.146588
5293 0.146499
5294 0.146411
5295 0.146323
5296 0.146235
5297 0.146147
5298 0.146059
5299 0.145971
5300 0.145884
5301 0.145796
5302 0.145708
5303 0.145621
5304 0.145533
5305 0.145446
5306 0.145358
5307 0.145271
5308 0.145184
5309 0.145096
5310 0.145009
5311 0.144922
5312 0.144835
5313 0.144748
5314 0.144661
5315 0.144575
5316 0.144488
5317 0.144401
5318 0.144315
5319 0.144228
5320 0.144141
5321 0.144055
5322 0.143969
5323 0.143882
5324 0.143796
5325 0.14371
5326 0.143624
5327 0.143538
5328 0.143452
5329 0.143366
5330 0.14328
5331 0.143195
5332 0.143109
5333 0.143023
5334 0.142938
5335 0.142852
5336 0.142767
5337 0.142681
5338 0.142596
5339 0.142511
5340 0.142426
5341 0.14234
5342 0.142255
5343 0.14217
5344 0.142085
5345 0.142001
5346 0.141916
5347 0.141831
5348 0.141746
5349 0.141662
5350 0.141577
5351 0.141493
5352 0.141408
5353 0.141324
5354 0.14124
5355 0.141155
5356 0.141071
5357 0.140987
5358 0.140903
5359 0.140819
5360 0.140735
5361 0.140651
5362 0.140568
5363 0.140484
5364 0.1404
5365 0.140317
5366 0.140233
5367 0.14015
5368 0.140066
5368 0.139983
5369 0.139899
5370 0.139816
5371 0.139733
5372 0.13965
5373 0.139567
5374 0.139484
5375 0.139401
5376 0.139318
5377 0.139235
5378 0.139153
5379 0.13907
5380 0.138987
5381 0.138905
5382 0.138822
5383 0.13874
5384 0.138657
5385 0.138575
5386 0.138493
5387 0.138411
5388 0.138328
5389 0.138246
5390 0.138164
5391 0.138082
5392 0.138001
5393 0.137919
5394 0.137837
5395 0.137755
5396 0.137674
5397 0.137592
5398 0.13751
5399 0.137429
5400 0.137348
5401 0.137266
5402 0.137185
5403 0.137104
5404 0.137022
5405 0.136941
5406 0.13686
5407 0.136779
5408 0.136698
5409 0.136617
5410 0.136537
5411 0.136456
5412 0.136375
5413 0.136295
5414 0.136214
5415 0.136133
5416 0.136053
5417 0.135973
5418 0.135892
5419 0.135812
5420 0.135732
5421 0.135652
5422 0.135571
5423 0.135491
5424 0.135411
5425 0.135331
5426 0.135252
5427 0.135172
5428 0.135092
5429 0.135012
5430 0.134933
5431 0.134853
5432 0.134773
5433 0.134694
5434 0.134615
5435 0.134535
5436 0.134456
5437 0.134377
5438 0.134297
5439 0.134218
5440 0.134139
5441 0.13406
5442 0.133981
5443 0.133902
5444 0.133823
5445 0.133745
5446 0.133666
5447 0.133587
5448 0.133509
5449 0.13343
5450 0.133352
5451 0.133273
5452 0.133195
5453 0.133116
5454 0.133038
5455 0.13296
5456 0.132882
5457 0.132804
5458 0.132726
5459 0.132647
5460 0.13257
5461 0.132492
5462 0.132414
5463 0.132336
5464 0.132258
5465 0.132181
5466 0.132103
5467 0.132025
5468 0.131948
5469 0.13187
5470 0.131793
5471 0.131716
5472 0.131638
5473 0.131561
5474 0.131484
5475 0.131407
5476 0.13133
5477 0.131253
5478 0.131176
5479 0.131099
5480 0.131022
5481 0.130945
5482 0.130869
5483 0.130792
5484 0.130715
5485 0.130639
5486 0.130562
5487 0.130486
5488 0.130409
5489 0.130333
5490 0.130257
5491 0.13018
5492 0.130104
5493 0.130028
5494 0.129952
5495 0.129876
5496 0.1298
5497 0.129724
5498 0.129648
5499 0.129572
5500 0.129496
5501 0.129421
5502 0.129345
5503 0.129269
5504 0.129194
5505 0.129118
5506 0.129043
5507 0.128967
5508 0.128892
5509 0.128817
5510 0.128741
5511 0.128666
5512 0.128591
5513 0.128516
5514 0.128441
5515 0.128366
5516 0.128291
5517 0.128216
5518 0.128141
5519 0.128067
5520 0.127992
5521 0.127917
5522 0.127842
5523 0.127768
5524 0.127693
5525 0.127619
5526 0.127545
5527 0.12747
5528 0.127396
5529 0.127322
5530 0.127247
5531 0.127173
5532 0.127099
5533 0.127025
5534 0.126951
5535 0.126877
5536 0.126803
5537 0.126729
5538 0.126656
5539 0.126582
5540 0.126508
5541 0.126434
5542 0.126361
5543 0.126287
5544 0.126214
5545 0.12614
5546 0.126067
5547 0.125994
5548 0.12592
5549 0.125847
5550 0.125774
5551 0.125701
5552 0.125628
5553 0.125555
5554 0.125482
5555 0.125409
5556 0.125336
5557 0.125263
5558 0.125191
5559 0.125118
5560 0.125045
5561 0.124973
5562 0.1249
5563 0.124827
5564 0.124755
5565 0.124683
5566 0.12461
5567 0.124538
5568 0.124466
5569 0.124394
5570 0.124321
5571 0.124249
5572 0.124177
5573 0.124105
5574 0.124033
5575 0.123961
5576 0.12389
5577 0.123818
5578 0.123746
5579 0.123674
5580 0.123603
5581 0.123531
5582 0.12346
5583 0.123388
5584 0.123317
5585 0.123245
5586 0.123174
5587 0.123103
5588 0.123031
5589 0.12296
5590 0.122889
5591 0.122818
5592 0.122747
5593 0.122676
5594 0.122605
5595 0.122534
5596 0.122463
5597 0.122392
5598 0.122322
5599 0.122251
5600 0.12218
5601 0.12211
5602 0.122039
5603 0.121969
5604 0.121898
5605 0.121828
5606 0.121758
5607 0.121687
5608 0.121617
5609 0.121547
5609 0.121477
5610 0.121407
5611 0.121337
5612 0.121267
5613 0.121197
5614 0.121127
5615 0.121057
5616 0.120987
5617 0.120918
5618 0.120848
5619 0.120778
5620 0.120709
5621 0.120639
5622 0.12057
5623 0.1205
5624 0.120431
5625 0.120362
5626 0.120292
5627 0.120223
5628 0.120154
5629 0.120085
5630 0.120016
5631 0.119947
5632 0.119878
5633 0.119809
5634 0.11974
5635 0.119671
5636 0.119602
5637 0.119533
5638 0.119465
5639 0.119396
5640 0.119327
5641 0.119259
5642 0.11919
5643 0.119122
5644 0.119053
5645 0.118985
5646 0.118917
5647 0.118849
5648 0.11878
5649 0.118712
5650 0.118644
5651 0.118576
5652 0.118508
5653 0.11844
5654 0.118372
5655 0.118304
5656 0.118236
5657 0.118169
5658 0.118101
5659 0.118033
5660 0.117966
5661 0.117898
5662 0.117831
5663 0.117763
5664 0.117696
5665 0.117628
5666 0.117561
5667 0.117494
5668 0.117426
5669 0.117359
5670 0.117292
5671 0.117225
5672 0.117158
5673 0.117091
5674 0.117024
5675 0.116957
5676 0.11689
5677 0.116824
5678 0.116757
5679 0.11669
5680 0.116623
5681 0.116557
5682 0.11649
5683 0.116424
5684 0.116357
5685 0.116291
5686 0.116224
5687 0.116158
5688 0.116092
5689 0.116026
5690 0.115959
5691 0.115893
5692 0.115827
5693 0.115761
5694 0.115695
5695 0.115629
5696 0.115563
5697 0.115498
5698 0.115432
5699 0.115366
5700 0.1153
5701 0.115235
5702 0.115169
5703 0.115103
5704 0.115038
5705 0.114973
5706 0.114907
5707 0.114842
5708 0.114776
5709 0.114711
5710 0.114646
5711 0.114581
5712 0.114516
5713 0.114451
5714 0.114385
5715 0.11432
5716 0.114256
5717 0.114191
5718 0.114126
5719 0.114061
5720 0.113996
5721 0.113932
5722 0.113867
5723 0.113802
5724 0.113738
5725 0.113673
5726 0.113609
5727 0.113544
5728 0.11348
5729 0.113416
5730 0.113351
5731 0.113287
5732 0.113223
5733 0.113159
5734 0.113095
5735 0.11303
5736 0.112966
5737 0.112903
5738 0.112839
5739 0.112775
5740 0.112711
5741 0.112647
5742 0.112583
5743 0.11252
5744 0.112456
5745 0.112393
5746 0.112329
5747 0.112265
5748 0.112202
5749 0.112139
5750 0.112075
5751 0.112012
5752 0.111949
5753 0.111885
5754 0.111822
5755 0.111759
5756 0.111696
5757 0.111633
5758 0.11157
5759 0.111507
5760 0.111444
5761 0.111381
5762 0.111319
5763 0.111256
5764 0.111193
5765 0.11113
5766 0.111068
5767 0.111005
5768 0.110943
5769 0.11088
5770 0.110818
5771 0.110755
5772 0.110693
5773 0.110631
5774 0.110568
5775 0.110506
5776 0.110444
5777 0.110382
5778 0.11032
5779 0.110258
5780 0.110196
5781 0.110134
5782 0.110072
5783 0.11001
5784 0.109948
5785 0.109887
5786 0.109825
5787 0.109763
5788 0.109702
5789 0.10964
5790 0.109578
5791 0.109517
5792 0.109456
5793 0.109394
5794 0.109333
5795 0.109271
5796 0.10921
5797 0.109149
5798 0.109088
5799 0.109027
5800 0.108966
5801 0.108905
5802 0.108844
5803 0.108783
5804 0.108722
5805 0.108661
5806 0.1086
5807 0.108539
5808 0.108479
5809 0.108418
5810 0.108357
5811 0.108297
5812 0.108236
5813 0.108176
5814 0.108115
5815 0.108055
5816 0.107994
5817 0.107934
5818 0.107874
5819 0.107814
5820 0.107753
5821 0.107693
5822 0.107633
5823 0.107573
5824 0.107513
5825 0.107453
5826 0.107393
5827 0.107333
5828 0.107273
5829 0.107214
5830 0.107154
5831 0.107094
5832 0.107034
5833 0.106975
5834 0.106915
5835 0.106856
5836 0.106796
5837 0.106737
5838 0.106677
5839 0.106618
5840 0.106559
5841 0.106499
5842 0.10644
5843 0.106381
5844 0.106322
5845 0.106263
5846 0.106204
5847 0.106145
5848 0.106086
5849 0.106027
5850 0.105968
5850 0.105909
5851 0.10585
5852 0.105792
5853 0.105733
5854 0.105674
5855 0.105616
5856 0.105557
5857 0.105499
5858 0.10544
5859 0.105382
5860 0.105323
5861 0.105265
5862 0.105207
5863 0.105148
5864 0.10509
5865 0.105032
5866 0.104974
5867 0.104916
5868 0.104858
5869 0.1048
5870 0.104742
5871 0.104684
5872 0.104626
5873 0.104568
5874 0.10451
5875 0.104453
5876 0.104395
5877 0.104337
5878 0.10428
5879 0.104222
5880 0.104164
5881 0.104107
5882 0.104049
5883 0.103992
5884 0.103935
5885 0.103877
5886 0.10382
5887 0.103763
5888 0.103706
5889 0.103649
5890 0.103591
5891 0.103534
5892 0.103477
5893 0.10342
5894 0.103363
5895 0.103307
5896 0.10325
5897 0.103193
5898 0.103136
5899 0.103079
5900 0.103023
5901 0.102966
5902 0.102909
5903 0.102853
5904 0.102796
5905 0.10274
5906 0.102683
5907 0.102627
5908 0.102571
5909 0.102514
5910 0.102458
5911 0.102402
5912 0.102346
5913 0.10229
5914 0.102233
5915 0.102177
5916 0.102121
5917 0.102065
5918 0.102009
5919 0.101954
5920 0.101898
5921 0.101842
5922 0.101786
5923 0.10173
5924 0.101675
5925 0.101619
5926 0.101564
5927 0.101508
5928 0.101452
5929 0.101397
5930 0.101342
5931 0.101286
5932 0.101231
5933 0.101175
5934 0.10112
5935 0.101065
5936 0.10101
5937 0.100955
5938 0.1009
5939 0.100845
5940 0.100789
5941 0.100735
5942 0.10068
5943 0.100625
5944 0.10057
5945 0.100515
5946 0.10046
5947 0.100405
5948 0.100351
5949 0.100296
5950 0.100242
5951 0.100187
5952 0.100132
5953 0.100078
5954 0.100024
5955 0.0999691
5956 0.0999147
5957 0.0998604
5958 0.0998061
5959 0.0997519
5960 0.0996977
5961 0.0996435
5962 0.0995894
5963 0.0995353
5964 0.0994813
5965 0.0994273
5966 0.0993733
5967 0.0993194
5968 0.0992655
5969 0.0992117
5970 0.0991579
5971 0.0991041
5972 0.0990504
5973 0.0989967
5974 0.0989431
5975 0.0988895
5976 0.0988359
5977 0.0987824
5978 0.098729
5979 0.0986755
5980 0.0986221
5981 0.0985688
5982 0.0985155
5983 0.0984622
5984 0.0984089
5985 0.0983557
5986 0.0983026
5987 0.0982495
5988 0.0981964
5989 0.0981434
5990 0.0980904
5991 0.0980374
5992 0.0979845
5993 0.0979316
5994 0.0978788
5995 0.097826
5996 0.0977732
5997 0.0977205
5998 0.0976678
5999 0.0976152
6000 0.0975626
6001 0.09751
6002 0.0974575
6003 0.097405
6004 0.0973526
6005 0.0973002
6006 0.0972478
6007 0.0971955
6008 0.0971432
6009 0.097091
6010 0.0970388
6011 0.0969866
6012 0.0969345
6013 0.0968824
6014 0.0968303
6015 0.0967783
6016 0.0967264
6017 0.0966744
6018 0.0966225
6019 0.0965707
6020 0.0965189
6021 0.0964671
6022 0.0964154
6023 0.0963637
6024 0.096312
6025 0.0962604
6026 0.0962088
6027 0.0961573
6028 0.0961058
6029 0.0960543
6030 0.0960029
6031 0.0959515
6032 0.0959002
6033 0.0958488
6034 0.0957976
6035 0.0957464
6036 0.0956952
6037 0.095644
6038 0.0955929
6039 0.0955418
6040 0.0954908
6041 0.0954398
6042 0.0953888
6043 0.0953379
6044 0.095287
6045 0.0952362
6046 0.0951854
6047 0.0951346
6048 0.0950839
6049 0.0950332
6050 0.0949825
6051 0.0949319
6052 0.0948813
6053 0.0948308
6054 0.0947803
6055 0.0947298
6056 0.0946794
6057 0.094629
6058 0.0945787
6059 0.0945283
6060 0.0944781
6061 0.0944278
6062 0.0943776
6063 0.0943275
6064 0.0942774
6065 0.0942273
6066 0.0941772
6067 0.0941272
6068 0.0940772
6069 0.0940273
6070 0.0939774
6071 0.0939276
6072 0.0938777
6073 0.093828
6074 0.0937782
6075 0.0937285
6076 0.0936788
6077 0.0936292
6078 0.0935796
6079 0.0935301
6080 0.0934805
6081 0.0934311
6082 0.0933816
6083 0.0933322
6084 0.0932828
6085 0.0932335
6086 0.0931842
6087 0.093135
6088 0.0930857
6089 0.0930366
6090 0.0929874
6091 0.0929383
6092 0.0928892
6092 0.0928402
6093 0.0927912
6094 0.0927422
6095 0.0926933
6096 0.0926444
6097 0.0925956
6098 0.0925468
6099 0.092498
6100 0.0924493
6101 0.0924006
6102 0.0923519
6103 0.0923033
6104 0.0922547
6105 0.0922061
6106 0.0921576
6107 0.0921091
6108 0.0920607
6109 0.0920123
6110 0.0919639
6111 0.0919156
6112 0.0918673
6113 0.091819
6114 0.0917708
6115 0.0917226
6116 0.0916745
6117 0.0916263
6118 0.0915783
6119 0.0915302
6120 0.0914822
6121 0.0914342
6122 0.0913863
6123 0.0913384
6124 0.0912906
6125 0.0912427
6126 0.0911949
6127 0.0911472
6128 0.0910995
6129 0.0910518
6130 0.0910042
6131 0.0909566
6132 0.090909
6133 0.0908614
6134 0.0908139
6135 0.0907665
6136 0.0907191
6137 0.0906717
6138 0.0906243
6139 0.090577
6140 0.0905297
6141 0.0904825
6142 0.0904352
6143 0.0903881
6144 0.0903409
6145 0.0902938
6146 0.0902467
6147 0.0901997
6148 0.0901527
6149 0.0901057
6150 0.0900588
6151 0.0900119
6152 0.089965
6153 0.0899182
6154 0.0898714
6155 0.0898247
6156 0.089778
6157 0.0897313
6158 0.0896846
6159 0.089638
6160 0.0895914
6161 0.0895449
6162 0.0894984
6163 0.0894519
6164 0.0894054
6165 0.089359
6166 0.0893127
6167 0.0892663
6168 0.08922
6169 0.0891737
6170 0.0891275
6171 0.0890813
6172 0.0890351
6173 0.088989
6174 0.0889429
6175 0.0888968
6176 0.0888508
6177 0.0888048
6178 0.0887588
6179 0.0887129
6180 0.088667
6181 0.0886212
6182 0.0885753
6183 0.0885295
6184 0.0884838
6185 0.088438
6186 0.0883924
6187 0.0883467
6188 0.0883011
6189 0.0882555
6190 0.0882099
6191 0.0881644
6192 0.0881189
6193 0.0880734
6194 0.088028
6195 0.0879826
6196 0.0879373
6197 0.0878919
6198 0.0878466
6199 0.0878014
6200 0.0877561
6201 0.0877109
6202 0.0876658
6203 0.0876207
6204 0.0875756
6205 0.0875305
6206 0.0874855
6207 0.0874405
6208 0.0873955
6209 0.0873506
6210 0.0873057
6211 0.0872608
6212 0.087216
6213 0.0871712
6214 0.0871264
6215 0.0870816
6216 0.0870369
6217 0.0869923
6218 0.0869476
6219 0.086903
6220 0.0868584
6221 0.0868139
6222 0.0867694
6223 0.0867249
6224 0.0866804
6225 0.086636
6226 0.0865916
6227 0.0865473
6228 0.086503
6229 0.0864587
6230 0.0864144
6231 0.0863702
6232 0.086326
6233 0.0862818
6234 0.0862377
6235 0.0861936
6236 0.0861495
6237 0.0861055
6238 0.0860615
6239 0.0860175
6240 0.0859736
6241 0.0859296
6242 0.0858858
6243 0.0858419
6244 0.0857981
6245 0.0857543
6246 0.0857105
6247 0.0856668
6248 0.0856231
6249 0.0855794
6250 0.0855358
6251 0.0854922
6252 0.0854486
6253 0.0854051
6254 0.0853616
6255 0.0853181
6256 0.0852746
6257 0.0852312
6258 0.0851878
6259 0.0851445
6260 0.0851011
6261 0.0850578
6262 0.0850146
6263 0.0849713
6264 0.0849281
6265 0.0848849
6266 0.0848418
6267 0.0847987
6268 0.0847556
6269 0.0847125
6270 0.0846695
6271 0.0846265
6272 0.0845835
6273 0.0845406
6274 0.0844977
6275 0.0844548
6276 0.0844119
6277 0.0843691
6278 0.0843263
6279 0.0842836
6280 0.0842408
6281 0.0841981
6282 0.0841555
6283 0.0841128
6284 0.0840702
6285 0.0840276
6286 0.0839851
6287 0.0839425
6288 0.0839
6289 0.0838576
6290 0.0838151
6291 0.0837727
6292 0.0837303
6293 0.083688
6294 0.0836456
6295 0.0836033
6296 0.0835611
6297 0.0835188
6298 0.0834766
6299 0.0834344
6300 0.0833923
6301 0.0833502
6302 0.0833081
6303 0.083266
6304 0.083224
6305 0.083182
6306 0.08314
6307 0.083098
6308 0.0830561
6309 0.0830142
6310 0.0829723
6311 0.0829305
6312 0.0828887
6313 0.0828469
6314 0.0828051
6315 0.0827634
6316 0.0827217
6317 0.08268
6318 0.0826384
6319 0.0825967
6320 0.0825552
6321 0.0825136
6322 0.0824721
6323 0.0824305
6324 0.0823891
6325 0.0823476
6326 0.0823062
6327 0.0822648
6328 0.0822234
6329 0.0821821
6330 0.0821408
6331 0.0820995
6332 0.0820582
6333 0.082017
6333 0.0819758
6334 0.0819346
6335 0.0818934
6336 0.0818523
6337 0.0818112
6338 0.0817701
6339 0.0817291
6340 0.0816881
6341 0.0816471
6342 0.0816061
6343 0.0815652
6344 0.0815242
6345 0.0814834
6346 0.0814425
6347 0.0814017
6348 0.0813608
6349 0.0813201
6350 0.0812793
6351 0.0812386
6352 0.0811979
6353 0.0811572
6354 0.0811166
6355 0.0810759
6356 0.0810353
6357 0.0809948
6358 0.0809542
6359 0.0809137
6360 0.0808732
6361 0.0808327
6362 0.0807923
6363 0.0807519
6364 0.0807115
6365 0.0806711
6366 0.0806308
6367 0.0805905
6368 0.0805502
6369 0.0805099
6370 0.0804697
6371 0.0804295
6372 0.0803893
6373 0.0803491
6374 0.080309
6375 0.0802689
6376 0.0802288
6377 0.0801887
6378 0.0801487
6379 0.0801087
6380 0.0800687
6381 0.0800287
6382 0.0799888
6383 0.0799489
6384 0.079909
6385 0.0798691
6386 0.0798293
6387 0.0797895
6388 0.0797497
6389 0.0797099
6390 0.0796702
6391 0.0796305
6392 0.0795908
6393 0.0795511
6394 0.0795115
6395 0.0794718
6396 0.0794322
6397 0.0793927
6398 0.0793531
6399 0.0793136
6400 0.0792741
6401 0.0792346
6402 0.0791952
6403 0.0791558
6404 0.0791164
6405 0.079077
6406 0.0790376
6407 0.0789983
6408 0.078959
6409 0.0789197
6410 0.0788805
6411 0.0788412
6412 0.078802
6413 0.0787628
6414 0.0787237
6415 0.0786845
6416 0.0786454
6417 0.0786063
6418 0.0785673
6419 0.0785282
6420 0.0784892
6421 0.0784502
6422 0.0784112
6423 0.0783723
6424 0.0783333
6425 0.0782944
6426 0.0782555
6427 0.0782167
6428 0.0781778
6429 0.078139
6430 0.0781002
6431 0.0780615
6432 0.0780227
6433 0.077984
6434 0.0779453
6435 0.0779066
6436 0.0778679
6437 0.0778293
6438 0.0777907
6439 0.0777521
6440 0.0777135
6441 0.077675
6442 0.0776365
6443 0.077598
6444 0.0775595
6445 0.077521
6446 0.0774826
6447 0.0774442
6448 0.0774058
6449 0.0773674
6450 0.0773291
6451 0.0772907
6452 0.0772524
6453 0.0772142
6454 0.0771759
6455 0.0771377
6456 0.0770994
6457 0.0770612
6458 0.0770231
6459 0.0769849
6460 0.0769468
6461 0.0769087
6462 0.0768706
6463 0.0768325
6464 0.0767945
6465 0.0767564
6466 0.0767184
6467 0.0766805
6468 0.0766425
6469 0.0766046
6470 0.0765666
6471 0.0765287
6472 0.0764909
6473 0.076453
6474 0.0764152
6475 0.0763774
6476 0.0763396
6477 0.0763018
6478 0.076264
6479 0.0762263
6480 0.0761886
6481 0.0761509
6482 0.0761132
6483 0.0760756
6484 0.076038
6485 0.0760004
6486 0.0759628
6487 0.0759252
6488 0.0758876
6489 0.0758501
6490 0.0758126
6491 0.0757751
6492 0.0757377
6493 0.0757002
6494 0.0756628
6495 0.0756254
6496 0.075588
6497 0.0755506
6498 0.0755133
6499 0.0754759
6500 0.0754386
6501 0.0754013
6502 0.0753641
6503 0.0753268
6504 0.0752896
6505 0.0752524
6506 0.0752152
6507 0.075178
6508 0.0751409
6509 0.0751037
6510 0.0750666
6511 0.0750295
6512 0.0749924
6513 0.0749554
6514 0.0749183
6515 0.0748813
6516 0.0748443
6517 0.0748073
6518 0.0747704
6519 0.0747334
6520 0.0746965
6521 0.0746596
6522 0.0746227
6523 0.0745859
6524 0.074549
6525 0.0745122
6526 0.0744754
6527 0.0744386
6528 0.0744018
6529 0.074365
6530 0.0743283
6531 0.0742916
6532 0.0742549
6533 0.0742182
6534 0.0741815
6535 0.0741449
6536 0.0741082
6537 0.0740716
6538 0.074035
6539 0.0739985
6540 0.0739619
6541 0.0739254
6542 0.0738888
6543 0.0738523
6544 0.0738159
6545 0.0737794
6546 0.0737429
6547 0.0737065
6548 0.0736701
6549 0.0736337
6550 0.0735973
6551 0.0735609
6552 0.0735246
6553 0.0734883
6554 0.073452
6555 0.0734157
6556 0.0733794
6557 0.0733431
6558 0.0733069
6559 0.0732707
6560 0.0732344
6561 0.0731982
6562 0.0731621
6563 0.0731259
6564 0.0730898
6565 0.0730537
6566 0.0730175
6567 0.0729815
6568 0.0729454
6569 0.0729093
6570 0.0728733
6571 0.0728373
6572 0.0728012
6573 0.0727653
6574 0.0727293
6574 0.0726933
6575 0.0726574
6576 0.0726215
6577 0.0725855
6578 0.0725497
6579 0.0725138
6580 0.0724779
6581 0.0724421
6582 0.0724062
6583 0.0723704
6584 0.0723346
6585 0.0722988
6586 0.0722631
6587 0.0722273
6588 0.0721916
6589 0.0721559
6590 0.0721202
6591 0.0720845
6592 0.0720488
6593 0.0720132
6594 0.0719775
6595 0.0719419
6596 0.0719063
6597 0.0718707
6598 0.0718351
6599 0.0717996
6600 0.071764
6601 0.0717285
6602 0.071693
6603 0.0716575
6604 0.071622
6605 0.0715865
6606 0.071551
6607 0.0715156
6608 0.0714802
6609 0.0714447
6610 0.0714093
6611 0.071374
6612 0.0713386
6613 0.0713032
6614 0.0712679
6615 0.0712326
6616 0.0711973
6617 0.071162
6618 0.0711267
6619 0.0710914
6620 0.0710562
6621 0.0710209
6622 0.0709857
6623 0.0709505
6624 0.0709153
6625 0.0708801
6626 0.0708449
6627 0.0708098
6628 0.0707747
6629 0.0707395
6630 0.0707044
6631 0.0706693
6632 0.0706342
6633 0.0705992
6634 0.0705641
6635 0.0705291
6636 0.070494
6637 0.070459
6638 0.070424
6639 0.070389
6640 0.070354
6641 0.0703191
6642 0.0702841
6643 0.0702492
6644 0.0702143
6645 0.0701794
6646 0.0701445
6647 0.0701096
6648 0.0700747
6649 0.0700399
6650 0.070005
6651 0.0699702
6652 0.0699354
6653 0.0699006
6654 0.0698658
6655 0.069831
6656 0.0697962
6657 0.0697615
6658 0.0697267
6659 0.069692
6660 0.0696573
6661 0.0696226
6662 0.0695879
6663 0.0695532
6664 0.0695186
6665 0.0694839
6666 0.0694493
6667 0.0694146
6668 0.06938
6669 0.0693454
6670 0.0693108
6671 0.0692762
6672 0.0692417
6673 0.0692071
6674 0.0691726
6675 0.069138
6676 0.0691035
6677 0.069069
6678 0.0690345
6679 0.069
6680 0.0689656
6681 0.0689311
6682 0.0688966
6683 0.0688622
6684 0.0688278
6685 0.0687934
6686 0.068759
6687 0.0687246
6688 0.0686902
6689 0.0686558
6690 0.0686215
6691 0.0685871
6692 0.0685528
6693 0.0685184
6694 0.0684841
6695 0.0684498
6696 0.0684155
6697 0.0683813
6698 0.068347
6699 0.0683127
6700 0.0682785
6701 0.0682442
6702 0.06821
6703 0.0681758
6704 0.0681416
6705 0.0681074
6706 0.0680732
6707 0.068039
6708 0.0680049
6709 0.0679707
6710 0.0679366
6711 0.0679024
6712 0.0678683
6713 0.0678342
6714 0.0678001
6715 0.067766
6716 0.0677319
6717 0.0676979
6718 0.0676638
6719 0.0676297
6720 0.0675957
6721 0.0675617
6722 0.0675276
6723 0.0674936
6724 0.0674596
6725 0.0674256
6726 0.0673916
6727 0.0673577
6728 0.0673237
6729 0.0672898
6730 0.0672558
6731 0.0672219
6732 0.0671879
6733 0.067154
6734 0.0671201
6735 0.0670862
6736 0.0670523
6737 0.0670185
6738 0.0669846
6739 0.0669507
6740 0.0669169
6741 0.066883
6742 0.0668492
6743 0.0668154
6744 0.0667816
6745 0.0667477
6746 0.0667139
6747 0.0666802
6748 0.0666464
6749 0.0666126
6750 0.0665788
6751 0.0665451
6752 0.0665113
6753 0.0664776
6754 0.0664439
6755 0.0664101
6756 0.0663764
6757 0.0663427
6758 0.066309
6759 0.0662753
6760 0.0662416
6761 0.066208
6762 0.0661743
6763 0.0661407
6764 0.066107
6765 0.0660734
6766 0.0660397
6767 0.0660061
6768 0.0659725
6769 0.0659389
6770 0.0659053
6771 0.0658717
6772 0.0658381
6773 0.0658045
6774 0.0657709
6775 0.0657374
6776 0.0657038
6777 0.0656703
6778 0.0656367
6779 0.0656032
6780 0.0655697
6781 0.0655361
6782 0.0655026
6783 0.0654691
6784 0.0654356
6785 0.0654021
6786 0.0653687
6787 0.0653352
6788 0.0653017
6789 0.0652682
6790 0.0652348
6791 0.0652013
6792 0.0651679
6793 0.0651345
6794 0.065101
6795 0.0650676
6796 0.0650342
6797 0.0650008
6798 0.0649674
6799 0.064934
6800 0.0649006
6801 0.0648672
6802 0.0648338
6803 0.0648004
6804 0.0647671
6805 0.0647337
6806 0.0647004
6807 0.064667
6808 0.0646337
6809 0.0646003
6810 0.064567
6811 0.0645337
6812 0.0645004
6813 0.0644671
6814 0.0644338
6815 0.0644005
6815 0.0643672
6816 0.0643339
6817 0.0643006
6818 0.0642673
6819 0.064234
6820 0.0642008
6821 0.0641675
6822 0.0641343
6823 0.064101
6824 0.0640678
6825 0.0640345
6826 0.0640013
6827 0.0639681
6828 0.0639348
6829 0.0639016
6830 0.0638684
6831 0.0638352
6832 0.063802
6833 0.0637688
6834 0.0637356
6835 0.0637024
6836 0.0636692
6837 0.063636
6838 0.0636028
6839 0.0635697
6840 0.0635365
6841 0.0635033
6842 0.0634702
6843 0.063437
6844 0.0634039
6845 0.0633707
6846 0.0633376
6847 0.0633045
6848 0.0632713
6849 0.0632382
6850 0.0632051
6851 0.063172
6852 0.0631388
6853 0.0631057
6854 0.0630726
6855 0.0630395
6856 0.0630064
6857 0.0629733
6858 0.0629402
6859 0.0629072
6860 0.0628741
6861 0.062841
6862 0.0628079
6863 0.0627748
6864 0.0627418
6865 0.0627087
6866 0.0626756
6867 0.0626426
6868 0.0626095
6869 0.0625765
6870 0.0625434
6871 0.0625104
6872 0.0624773
6873 0.0624443
6874 0.0624112
6875 0.0623782
6876 0.0623452
6877 0.0623122
6878 0.0622791
6879 0.0622461
6880 0.0622131
6881 0.0621801
6882 0.0621471
6883 0.062114
6884 0.062081
6885 0.062048
6886 0.062015
6887 0.061982
6888 0.061949
6889 0.061916
6890 0.061883
6891 0.06185
6892 0.061817
6893 0.0617841
6894 0.0617511
6895 0.0617181
6896 0.0616851
6897 0.0616521
6898 0.0616192
6899 0.0615862
6900 0.0615532
6901 0.0615202
6902 0.0614873
6903 0.0614543
6904 0.0614213
6905 0.0613884
6906 0.0613554
6907 0.0613225
6908 0.0612895
6909 0.0612565
6910 0.0612236
6911 0.0611906
6912 0.0611577
6913 0.0611247
6914 0.0610918
6915 0.0610588
6916 0.0610259
6917 0.0609929
6918 0.06096
6919 0.060927
6920 0.0608941
6921 0.0608612
6922 0.0608282
6923 0.0607953
6924 0.0607624
6925 0.0607294
6926 0.0606965
6927 0.0606636
6928 0.0606306
6929 0.0605977
6930 0.0605648
6931 0.0605319
6932 0.0604989
6933 0.060466
6934 0.0604331
6935 0.0604002
6936 0.0603673
6937 0.0603343
6938 0.0603014
6939 0.0602685
6940 0.0602356
6941 0.0602027
6942 0.0601698
6943 0.0601369
6944 0.060104
6945 0.0600711
6946 0.0600382
6947 0.0600053
6948 0.0599724
6949 0.0599395
6950 0.0599066
6951 0.0598737
6952 0.0598408
6953 0.0598079
6954 0.059775
6955 0.0597421
6956 0.0597092
6957 0.0596763
6958 0.0596435
6959 0.0596106
6960 0.0595777
6961 0.0595448
6962 0.0595119
6963 0.0594791
6964 0.0594462
6965 0.0594133
6966 0.0593804
6967 0.0593476
6968 0.0593147
6969 0.0592818
6970 0.059249
6971 0.0592161
6972 0.0591832
6973 0.0591504
6974 0.0591175
6975 0.0590847
6976 0.0590518
6977 0.059019
6978 0.0589861
6979 0.0589532
6980 0.0589204
6981 0.0588875
6982 0.0588547
6983 0.0588219
6984 0.058789
6985 0.0587562
6986 0.0587233
6987 0.0586905
6988 0.0586576
6989 0.0586248
6990 0.058592
6991 0.0585591
6992 0.0585263
6993 0.0584935
6994 0.0584606
6995 0.0584278
6996 0.058395
6997 0.0583622
6998 0.0583293
6999 0.0582965
7000 0.0582637
7001 0.0582309
7002 0.0581981
7003 0.0581652
7004 0.0581324
7005 0.0580996
7006 0.0580668
7007 0.058034
7008 0.0580012
7009 0.0579684
7010 0.0579356
7011 0.0579028
7012 0.05787
7013 0.0578372
7014 0.0578044
7015 0.0577716
7016 0.0577388
7017 0.057706
7018 0.0576732
7019 0.0576404
7020 0.0576076
7021 0.0575748
7022 0.057542
7023 0.0575092
7024 0.0574764
7025 0.0574437
7026 0.0574109
7027 0.0573781
7028 0.0573453
7029 0.0573125
7030 0.0572798
7031 0.057247
7032 0.0572142
7033 0.0571814
7034 0.0571487
7035 0.0571159
7036 0.0570831
7037 0.0570504
7038 0.0570176
7039 0.0569848
7040 0.0569521
7041 0.0569193
7042 0.0568866
7043 0.0568538
7044 0.0568211
7045 0.0567883
7046 0.0567556
7047 0.0567228
7048 0.0566901
7049 0.0566573
7050 0.0566246
7051 0.0565918
7052 0.0565591
7053 0.0565263
7054 0.0564936
7055 0.0564609
7056 0.0564281
