0 43.0744
1 43.0723
2 43.0702
3 43.0681
4 43.0657
5 43.0633
6 43.0606
7 43.0576
8 43.0544
9 43.0508
10 43.0468
11 43.0425
12 43.0376
13 43.0322
14 43.0263
15 43.0198
16 43.0127
17 43.005
18 42.9967
19 42.9878
20 42.9783
21 42.9683
22 42.9577
23 42.9465
24 42.9349
25 42.9227
26 42.9101
27 42.8969
28 42.8833
29 42.8691
30 42.8546
31 42.8396
32 42.8241
33 42.8082
34 42.7918
35 42.7749
36 42.7576
37 42.7399
38 42.7216
39 42.7029
40 42.6838
41 42.6642
42 42.6441
43 42.6235
44 42.6025
45 42.581
46 42.559
47 42.5366
48 42.5137
49 42.4903
50 42.4665
51 42.4422
52 42.4174
53 42.3921
54 42.3664
55 42.3403
56 42.3136
57 42.2865
58 42.259
59 42.231
60 42.2025
61 42.1736
62 42.1442
63 42.1144
64 42.0841
65 42.0533
66 42.0221
67 41.9905
68 41.9584
69 41.9259
70 41.893
71 41.8596
72 41.8257
73 41.7915
74 41.7568
75 41.7216
76 41.6861
77 41.6501
78 41.6137
79 41.5768
80 41.5396
81 41.5019
82 41.4638
83 41.4253
84 41.3863
85 41.347
86 41.3072
87 41.2671
88 41.2265
89 41.1855
90 41.1441
91 41.1023
92 41.0601
93 41.0175
94 40.9745
95 40.9311
96 40.8873
97 40.8431
98 40.7985
99 40.7535
100 40.7082
101 40.6624
102 40.6162
103 40.5697
104 40.5228
105 40.4754
106 40.4277
107 40.3796
108 40.3312
109 40.2823
110 40.2331
111 40.1835
112 40.1336
113 40.0832
114 40.0326
115 39.9815
116 39.9301
117 39.8783
118 39.8262
119 39.7738
120 39.7209
121 39.6678
122 39.6143
123 39.5604
124 39.5062
125 39.4517
126 39.3968
127 39.3417
128 39.2861
129 39.2303
130 39.1741
131 39.1176
132 39.0608
133 39.0036
134 38.9462
135 38.8884
136 38.8303
137 38.7719
138 38.7132
139 38.6541
140 38.5948
141 38.5352
142 38.4753
143 38.415
144 38.3545
145 38.2937
146 38.2326
147 38.1712
148 38.1095
149 38.0475
150 37.9853
151 37.9228
152 37.8599
153 37.7969
154 37.7335
155 37.6699
156 37.606
157 37.5418
158 37.4774
159 37.4127
160 37.3478
161 37.2826
162 37.2171
163 37.1515
164 37.0855
165 37.0194
166 36.9529
167 36.8863
168 36.8194
169 36.7523
170 36.6849
171 36.6173
172 36.5495
173 36.4814
174 36.4131
175 36.3446
176 36.2759
177 36.207
178 36.1378
179 36.0684
180 35.9988
181 35.929
182 35.859
183 35.7888
184 35.7184
185 35.6478
186 35.577
187 35.506
188 35.4348
189 35.3635
190 35.2919
191 35.2202
192 35.1483
193 35.0763
194 35.004
195 34.9316
196 34.8591
197 34.7863
198 34.7134
199 34.6404
200 34.5672
201 34.4938
202 34.4203
203 34.3466
204 34.2728
205 34.1988
206 34.1247
207 34.0504
208 33.9759
209 33.9014
210 33.8266
211 33.7518
212 33.6768
213 33.6017
214 33.5264
215 33.4511
216 33.3756
217 33.3
218 33.2242
219 33.1484
220 33.0725
221 32.9964
222 32.9203
223 32.8441
224 32.7677
225 32.6913
226 32.6148
227 32.5382
228 32.4615
229 32.3847
230 32.3078
231 32.2309
232 32.1538
233 32.0767
234 31.9995
235 31.9222
236 31.8449
237 31.7674
238 31.6899
239 31.6123
240 31.5347
241 31.457
242 31.3792
243 31.3013
244 31.2234
245 31.1454
246 31.0674
247 30.9893
248 30.9112
249 30.8331
250 30.7548
251 30.6766
252 30.5983
253 30.52
254 30.4417
255 30.3633
256 30.2849
257 30.2065
258 30.128
259 30.0496
260 29.9711
261 29.8926
262 29.814
263 29.7355
264 29.6569
265 29.5784
266 29.4998
267 29.4212
268 29.3426
269 29.264
270 29.1853
271 29.1067
272 29.0281
273 28.9495
274 28.8708
275 28.7922
276 28.7136
277 28.635
278 28.5565
279 28.4779
280 28.3994
281 28.3208
282 28.2423
283 28.1639
284 28.0854
285 28.007
286 27.9287
287 27.8503
288 27.772
289 27.6937
290 27.6155
291 27.5373
292 27.4592
293 27.381
294 27.303
295 27.225
296 27.147
297 27.069
298 26.9912
299 26.9133
300 26.8355
301 26.7578
302 26.6801
303 26.6025
304 26.5249
305 26.4474
306 26.37
307 26.2926
308 26.2153
309 26.138
310 26.0609
311 25.9837
312 25.9067
313 25.8297
314 25.7528
315 25.676
316 25.5993
317 25.5226
318 25.446
319 25.3695
320 25.2931
321 25.2168
322 25.1405
323 25.0643
324 24.9883
325 24.9123
326 24.8364
327 24.7606
328 24.6849
329 24.6094
330 24.5339
331 24.4585
332 24.3832
333 24.308
334 24.2329
335 24.1579
336 24.0831
337 24.0083
338 23.9336
339 23.8591
340 23.7846
341 23.7103
342 23.6361
343 23.562
344 23.488
345 23.4141
346 23.3403
347 23.2666
348 23.1931
349 23.1196
350 23.0463
351 22.9731
352 22.9
353 22.8271
354 22.7542
355 22.6815
356 22.609
357 22.5365
358 22.4642
359 22.392
360 22.3199
361 22.248
362 22.1763
363 22.1046
364 22.0331
365 21.9617
366 21.8905
367 21.8194
368 21.7485
369 21.6777
370 21.607
371 21.5365
372 21.4661
373 21.3958
374 21.3257
375 21.2558
376 21.1859
377 21.1163
378 21.0467
379 20.9773
380 20.9081
381 20.839
382 20.7701
383 20.7013
384 20.6326
385 20.5641
386 20.4958
387 20.4276
388 20.3596
389 20.2917
390 20.2239
391 20.1564
392 20.089
393 20.0217
394 19.9546
395 19.8877
396 19.8209
397 19.7543
398 19.6879
399 19.6216
400 19.5555
401 19.4895
402 19.4237
403 19.3581
404 19.2926
405 19.2273
406 19.1621
407 19.0971
408 19.0323
409 18.9676
410 18.9031
411 18.8388
412 18.7746
413 18.7106
414 18.6467
415 18.5831
416 18.5196
417 18.4562
418 18.393
419 18.33
420 18.2672
421 18.2045
422 18.142
423 18.0796
424 18.0175
425 17.9555
426 17.8937
427 17.832
428 17.7705
429 17.7092
430 17.6481
431 17.5871
432 17.5263
433 17.4657
434 17.4053
435 17.345
436 17.2849
437 17.225
438 17.1652
439 17.1056
440 17.0462
441 16.987
442 16.9279
443 16.869
444 16.8103
445 16.7518
446 16.6934
447 16.6352
448 16.5772
449 16.5194
450 16.4617
451 16.4042
452 16.3469
453 16.2898
454 16.2328
455 16.176
456 16.1194
457 16.063
458 16.0068
459 15.9507
460 15.8948
461 15.8391
462 15.7835
463 15.7282
464 15.673
465 15.618
466 15.5631
467 15.5085
468 15.454
469 15.3997
470 15.3456
471 15.2916
472 15.2378
473 15.1842
474 15.1307
475 15.0775
476 15.0244
477 14.9715
478 14.9187
479 14.8661
480 14.8137
481 14.7615
482 14.7095
483 14.6576
484 14.6059
485 14.5543
486 14.503
487 14.4518
488 14.4008
489 14.35
490 14.2993
491 14.2488
492 14.1985
493 14.1484
494 14.0985
495 14.0487
496 13.9991
497 13.9496
498 13.9004
499 13.8513
500 13.8024
501 13.7536
502 13.705
503 13.6566
504 13.6084
505 13.5603
506 13.5124
507 13.4647
508 13.4171
509 13.3698
510 13.3225
511 13.2755
512 13.2286
513 13.1819
514 13.1353
515 13.089
516 13.0427
517 12.9967
518 12.9508
519 12.9051
520 12.8596
521 12.8142
522 12.769
523 12.7239
524 12.6791
525 12.6344
526 12.5898
527 12.5454
528 12.5012
529 12.4572
530 12.4133
531 12.3696
532 12.3261
533 12.2827
534 12.2394
535 12.1964
536 12.1535
537 12.1107
538 12.0682
539 12.0257
540 11.9835
541 11.9414
542 11.8995
543 11.8577
544 11.816
545 11.7746
546 11.7333
547 11.6921
548 11.6511
549 11.6103
550 11.5696
551 11.5291
552 11.4887
553 11.4485
554 11.4085
555 11.3686
556 11.3288
557 11.2893
558 11.2498
559 11.2106
560 11.1714
561 11.1325
562 11.0937
563 11.055
564 11.0165
565 10.9781
566 10.9399
567 10.9019
568 10.864
569 10.8262
570 10.7886
571 10.7512
572 10.7138
573 10.6767
574 10.6397
575 10.6028
576 10.5661
577 10.5295
578 10.4931
579 10.4568
580 10.4207
581 10.3847
582 10.3488
583 10.3131
584 10.2776
585 10.2421
586 10.2069
587 10.1717
588 10.1367
589 10.1019
590 10.0672
591 10.0326
592 9.9982
593 9.96391
594 9.92977
595 9.89577
596 9.8619
597 9.82818
598 9.79459
599 9.76114
600 9.72783
601 9.69465
602 9.66161
603 9.6287
604 9.59593
605 9.56329
606 9.53079
607 9.49842
608 9.46618
609 9.43408
610 9.4021
611 9.37026
612 9.33855
613 9.30697
614 9.27552
615 9.24419
616 9.213
617 9.18194
618 9.151
619 9.1202
620 9.08952
621 9.05897
622 9.02854
623 8.99825
624 8.96808
625 8.93803
626 8.90812
627 8.87832
628 8.84866
629 8.81912
630 8.7897
631 8.76041
632 8.73124
633 8.70219
634 8.67327
635 8.64446
636 8.61578
637 8.58722
638 8.55878
639 8.53046
640 8.50225
641 8.47417
642 8.4462
643 8.41836
644 8.39062
645 8.36301
646 8.33551
647 8.30812
648 8.28086
649 8.2537
650 8.22666
651 8.19973
652 8.17292
653 8.14622
654 8.11964
655 8.09316
656 8.0668
657 8.04055
658 8.01441
659 7.98839
660 7.96247
661 7.93667
662 7.91097
663 7.88539
664 7.85991
665 7.83454
666 7.80928
667 7.78413
668 7.75909
669 7.73415
670 7.70933
671 7.6846
672 7.65998
673 7.63547
674 7.61106
675 7.58676
676 7.56256
677 7.53846
678 7.51447
679 7.49058
680 7.46679
681 7.4431
682 7.41951
683 7.39602
684 7.37263
685 7.34934
686 7.32615
687 7.30306
688 7.28007
689 7.25718
690 7.23438
691 7.21168
692 7.18908
693 7.16658
694 7.14417
695 7.12185
696 7.09964
697 7.07752
698 7.05549
699 7.03356
700 7.01172
701 6.98998
702 6.96833
703 6.94677
704 6.9253
705 6.90393
706 6.88265
707 6.86146
708 6.84036
709 6.81936
710 6.79844
711 6.77761
712 6.75687
713 6.73622
714 6.71566
715 6.69518
716 6.6748
717 6.6545
718 6.63428
719 6.61416
720 6.59412
721 6.57416
722 6.55429
723 6.5345
724 6.5148
725 6.49519
726 6.47565
727 6.4562
728 6.43684
729 6.41755
730 6.39835
731 6.37923
732 6.3602
733 6.34124
734 6.32237
735 6.30358
736 6.28486
737 6.26623
738 6.24768
739 6.22921
740 6.21081
741 6.1925
742 6.17426
743 6.15611
744 6.13803
745 6.12002
746 6.1021
747 6.08425
748 6.06647
749 6.04877
750 6.03115
751 6.0136
752 5.99613
753 5.97873
754 5.96141
755 5.94415
756 5.92697
757 5.90987
758 5.89283
759 5.87587
760 5.85898
761 5.84216
762 5.82541
763 5.80873
764 5.79212
765 5.77558
766 5.75912
767 5.74272
768 5.72639
769 5.71013
770 5.69394
771 5.67782
772 5.66177
773 5.64578
774 5.62986
775 5.61401
776 5.59823
777 5.58252
778 5.56687
779 5.55129
780 5.53577
781 5.52032
782 5.50493
783 5.48961
784 5.47436
785 5.45917
786 5.44404
787 5.42898
788 5.41398
789 5.39904
790 5.38416
791 5.36935
792 5.3546
793 5.33991
794 5.32528
795 5.31071
796 5.29621
797 5.28176
798 5.26737
799 5.25305
800 5.23878
801 5.22457
802 5.21042
803 5.19633
804 5.1823
805 5.16832
806 5.15441
807 5.14055
808 5.12675
809 5.113
810 5.09932
811 5.08569
812 5.07212
813 5.0586
814 5.04514
815 5.03173
816 5.01839
817 5.00509
818 4.99186
819 4.97867
820 4.96554
821 4.95247
822 4.93945
823 4.92648
824 4.91357
825 4.90071
826 4.8879
827 4.87515
828 4.86245
829 4.8498
830 4.8372
831 4.82465
832 4.81215
833 4.79971
834 4.78731
835 4.77497
836 4.76268
837 4.75043
838 4.73824
839 4.72609
840 4.71399
841 4.70195
842 4.68995
843 4.678
844 4.66609
845 4.65424
846 4.64243
847 4.63067
848 4.61896
849 4.6073
850 4.59568
851 4.58411
852 4.57259
853 4.56111
854 4.54968
855 4.53829
856 4.52695
857 4.51566
858 4.50441
859 4.49321
860 4.48205
861 4.47094
862 4.45987
863 4.44884
864 4.43786
865 4.42692
866 4.41603
867 4.40518
868 4.39437
869 4.38361
870 4.37289
871 4.36221
872 4.35157
873 4.34097
874 4.33042
875 4.31991
876 4.30944
877 4.29901
878 4.28862
879 4.27827
880 4.26796
881 4.25769
882 4.24747
883 4.23728
884 4.22713
885 4.21702
886 4.20695
887 4.19692
888 4.18693
889 4.17698
890 4.16707
891 4.15719
892 4.14735
893 4.13756
894 4.1278
895 4.11807
896 4.10839
897 4.09874
898 4.08913
899 4.07956
900 4.07002
901 4.06052
902 4.05106
903 4.04163
904 4.03224
905 4.02288
906 4.01357
907 4.00428
908 3.99503
909 3.98582
910 3.97664
911 3.9675
912 3.95839
913 3.94932
914 3.94028
915 3.93128
916 3.92231
917 3.91337
918 3.90447
919 3.8956
920 3.88676
921 3.87796
922 3.86918
923 3.86045
924 3.85174
925 3.84307
926 3.83443
927 3.82582
928 3.81724
929 3.8087
930 3.80019
931 3.79171
932 3.78326
933 3.77484
934 3.76645
935 3.7581
936 3.74977
937 3.74148
938 3.73321
939 3.72498
940 3.71678
941 3.7086
942 3.70046
943 3.69235
944 3.68426
945 3.67621
946 3.66818
947 3.66019
948 3.65222
949 3.64429
950 3.63638
951 3.6285
952 3.62065
953 3.61282
954 3.60503
955 3.59726
956 3.58953
957 3.58182
958 3.57413
959 3.56648
960 3.55885
961 3.55125
962 3.54368
963 3.53613
964 3.52862
965 3.52112
966 3.51366
967 3.50622
968 3.49881
969 3.49142
970 3.48406
971 3.47673
972 3.46942
973 3.46214
974 3.45488
975 3.44765
976 3.44045
977 3.43327
978 3.42611
979 3.41898
980 3.41187
981 3.40479
982 3.39774
983 3.3907
984 3.3837
985 3.37671
986 3.36975
987 3.36282
988 3.3559
989 3.34902
990 3.34215
991 3.33531
992 3.32849
993 3.3217
994 3.31492
995 3.30818
996 3.30145
997 3.29475
998 3.28807
999 3.28141
1000 3.27478
1001 3.26817
1002 3.26158
1003 3.25502
1004 3.24847
1005 3.24195
1006 3.23546
1007 3.22898
1008 3.22253
1009 3.21609
1010 3.20968
1011 3.20329
1012 3.19693
1013 3.19058
1014 3.18426
1015 3.17796
1016 3.17167
1017 3.16541
1018 3.15917
1019 3.15295
1020 3.14675
1021 3.14058
1022 3.13442
1023 3.12828
1024 3.12216
1025 3.11606
1026 3.10999
1027 3.10393
1028 3.09789
1029 3.09187
1030 3.08587
1031 3.07989
1032 3.07393
1033 3.06798
1034 3.06206
1035 3.05615
1036 3.05027
1037 3.0444
1038 3.03855
1039 3.03272
1040 3.02691
1041 3.02112
1042 3.01534
1043 3.00959
1044 3.00385
1045 2.99813
1046 2.99243
1047 2.98674
1048 2.98108
1049 2.97543
1050 2.9698
1051 2.96419
1052 2.9586
1053 2.95302
1054 2.94747
1055 2.94193
1056 2.9364
1057 2.9309
1058 2.92541
1059 2.91994
1060 2.91449
1061 2.90905
1062 2.90364
1063 2.89824
1064 2.89285
1065 2.88748
1066 2.88213
1067 2.8768
1068 2.87148
1069 2.86618
1070 2.86089
1071 2.85562
1072 2.85037
1073 2.84513
1074 2.83991
1075 2.83471
1076 2.82952
1077 2.82435
1078 2.81919
1079 2.81405
1080 2.80892
1081 2.80381
1082 2.79872
1083 2.79363
1084 2.78857
1085 2.78352
1086 2.77848
1087 2.77346
1088 2.76846
1089 2.76347
1090 2.75849
1091 2.75353
1092 2.74859
1093 2.74365
1094 2.73874
1095 2.73383
1096 2.72894
1097 2.72407
1098 2.71921
1099 2.71436
1100 2.70953
1101 2.70471
1102 2.69991
1103 2.69512
1104 2.69034
1105 2.68557
1106 2.68082
1107 2.67609
1108 2.67137
1109 2.66666
1110 2.66196
1111 2.65728
1112 2.65261
1113 2.64795
1114 2.64331
1115 2.63868
1116 2.63407
1117 2.62946
1118 2.62487
1119 2.6203
1120 2.61573
1121 2.61118
1122 2.60665
1123 2.60212
1124 2.59761
1125 2.59311
1126 2.58862
1127 2.58415
1128 2.57969
1129 2.57524
1130 2.57081
1131 2.56639
1132 2.56198
1133 2.55758
1134 2.55319
1135 2.54882
1136 2.54446
1137 2.54011
1138 2.53577
1139 2.53145
1140 2.52714
1141 2.52284
1142 2.51855
1143 2.51427
1144 2.51001
1145 2.50575
1146 2.50151
1147 2.49728
1148 2.49306
1149 2.48886
1150 2.48466
1151 2.48047
1152 2.4763
1153 2.47214
1154 2.46799
1155 2.46385
1156 2.45972
1157 2.4556
1158 2.45149
1159 2.4474
1160 2.44331
1161 2.43924
1162 2.43517
1163 2.43112
1164 2.42708
1165 2.42305
1166 2.41903
1167 2.41502
1168 2.41102
1169 2.40703
1170 2.40305
1171 2.39908
1172 2.39512
1173 2.39118
1174 2.38724
1175 2.38331
1176 2.37939
1177 2.37549
1178 2.37159
1179 2.3677
1180 2.36383
1181 2.35996
1182 2.3561
1183 2.35226
1184 2.34842
1185 2.34459
1186 2.34077
1187 2.33697
1188 2.33317
1189 2.32938
1190 2.3256
1191 2.32183
1192 2.31807
1193 2.31433
1194 2.31059
1195 2.30685
1196 2.30313
1197 2.29942
1198 2.29572
1199 2.29203
1200 2.28834
1201 2.28467
1202 2.281
1203 2.27735
1204 2.2737
1205 2.27006
1206 2.26644
1207 2.26282
1208 2.25921
1209 2.2556
1210 2.25201
1211 2.24843
1212 2.24485
1213 2.24129
1214 2.23773
1215 2.23418
1216 2.23064
1217 2.22711
1218 2.22359
1219 2.22008
1220 2.21657
1221 2.21307
1222 2.20958
1223 2.2061
1224 2.20263
1225 2.19917
1226 2.19571
1227 2.19226
1228 2.18882
1229 2.18539
1230 2.18197
1231 2.17856
1232 2.17515
1233 2.17175
1234 2.16836
1235 2.16497
1236 2.1616
1237 2.15823
1238 2.15487
1239 2.15152
1240 2.14818
1241 2.14484
1242 2.14151
1243 2.13819
1244 2.13488
1245 2.13158
1246 2.12828
1247 2.12499
1248 2.12171
1249 2.11843
1250 2.11517
1251 2.11191
1252 2.10866
1253 2.10541
1254 2.10218
1255 2.09895
1256 2.09573
1257 2.09251
1258 2.08931
1259 2.08611
1260 2.08292
1261 2.07973
1262 2.07656
1263 2.07339
1264 2.07023
1265 2.06707
1266 2.06392
1267 2.06078
1268 2.05765
1269 2.05453
1270 2.05141
1271 2.0483
1272 2.04519
1273 2.04209
1274 2.039
1275 2.03592
1276 2.03284
1277 2.02977
1278 2.02671
1279 2.02365
1280 2.0206
1281 2.01756
1282 2.01452
1283 2.01149
1284 2.00847
1285 2.00545
1286 2.00244
1287 1.99944
1288 1.99644
1289 1.99345
1290 1.99047
1291 1.98749
1292 1.98452
1293 1.98156
1294 1.9786
1295 1.97565
1296 1.9727
1297 1.96976
1298 1.96683
1299 1.9639
1300 1.96099
1301 1.95807
1302 1.95516
1303 1.95226
1304 1.94937
1305 1.94648
1306 1.9436
1307 1.94072
1308 1.93785
1309 1.93499
1310 1.93213
1311 1.92928
1312 1.92644
1313 1.9236
1314 1.92076
1315 1.91794
1316 1.91511
1317 1.9123
1318 1.90949
1319 1.90669
1320 1.90389
1321 1.9011
1322 1.89831
1323 1.89553
1324 1.89276
1325 1.88999
1326 1.88723
1327 1.88447
1328 1.88172
1329 1.87898
1330 1.87624
1331 1.8735
1332 1.87078
1333 1.86805
1334 1.86534
1335 1.86263
1336 1.85992
1337 1.85722
1338 1.85453
1339 1.85184
1340 1.84915
1341 1.84647
1342 1.8438
1343 1.84113
1344 1.83847
1345 1.83581
1346 1.83316
1347 1.83052
1348 1.82788
1349 1.82524
1350 1.82261
1351 1.81999
1352 1.81737
1353 1.81475
1354 1.81214
1355 1.80954
1356 1.80694
1357 1.80435
1358 1.80176
1359 1.79918
1360 1.7966
1361 1.79403
1362 1.79146
1363 1.7889
1364 1.78634
1365 1.78379
1366 1.78124
1367 1.7787
1368 1.77616
1369 1.77363
1370 1.77111
1371 1.76859
1372 1.76607
1373 1.76356
1374 1.76106
1375 1.75855
1376 1.75606
1377 1.75357
1378 1.75108
1379 1.7486
1380 1.74613
1381 1.74366
1382 1.74119
1383 1.73873
1384 1.73627
1385 1.73382
1386 1.73137
1387 1.72893
1388 1.72649
1389 1.72406
1390 1.72163
1391 1.71921
1392 1.71679
1393 1.71438
1394 1.71197
1395 1.70956
1396 1.70716
1397 1.70477
1398 1.70237
1399 1.69999
1400 1.69761
1401 1.69523
1402 1.69285
1403 1.69048
1404 1.68812
1405 1.68576
1406 1.6834
1407 1.68105
1408 1.6787
1409 1.67636
1410 1.67402
1411 1.67169
1412 1.66936
1413 1.66703
1414 1.66471
1415 1.66239
1416 1.66008
1417 1.65777
1418 1.65547
1419 1.65317
1420 1.65087
1421 1.64858
1422 1.6463
1423 1.64401
1424 1.64174
1425 1.63946
1426 1.63719
1427 1.63493
1428 1.63266
1429 1.63041
1430 1.62815
1431 1.6259
1432 1.62366
1433 1.62142
1434 1.61918
1435 1.61695
1436 1.61472
1437 1.6125
1438 1.61028
1439 1.60806
1440 1.60585
1441 1.60364
1442 1.60144
1443 1.59924
1444 1.59705
1445 1.59485
1446 1.59267
1447 1.59048
1448 1.5883
1449 1.58613
1450 1.58396
1451 1.58179
1452 1.57963
1453 1.57747
1454 1.57531
1455 1.57316
1456 1.57101
1457 1.56887
1458 1.56673
1459 1.56459
1460 1.56246
1461 1.56033
1462 1.55821
1463 1.55609
1464 1.55397
1465 1.55185
1466 1.54975
1467 1.54764
1468 1.54554
1469 1.54344
1470 1.54134
1471 1.53925
1472 1.53717
1473 1.53508
1474 1.533
1475 1.53093
1476 1.52885
1477 1.52679
1478 1.52472
1479 1.52266
1480 1.5206
1481 1.51855
1482 1.5165
1483 1.51445
1484 1.5124
1485 1.51037
1486 1.50833
1487 1.5063
1488 1.50427
1489 1.50224
1490 1.50022
1491 1.4982
1492 1.49619
1493 1.49417
1494 1.49217
1495 1.49016
1496 1.48816
1497 1.48616
1498 1.48417
1499 1.48218
1500 1.48019
1501 1.47821
1502 1.47623
1503 1.47425
1504 1.47228
1505 1.47031
1506 1.46834
1507 1.46637
1508 1.46441
1509 1.46246
1510 1.4605
1511 1.45855
1512 1.45661
1513 1.45466
1514 1.45272
1515 1.45079
1516 1.44885
1517 1.44692
1518 1.445
1519 1.44307
1520 1.44115
1521 1.43924
1522 1.43732
1523 1.43541
1524 1.43351
1525 1.4316
1526 1.4297
1527 1.4278
1528 1.42591
1529 1.42402
1530 1.42213
1531 1.42024
1532 1.41836
1533 1.41648
1534 1.41461
1535 1.41274
1536 1.41087
1537 1.409
1538 1.40714
1539 1.40528
1540 1.40342
1541 1.40157
1542 1.39972
1543 1.39787
1544 1.39603
1545 1.39419
1546 1.39235
1547 1.39051
1548 1.38868
1549 1.38685
1550 1.38503
1551 1.3832
1552 1.38139
1553 1.37957
1554 1.37775
1555 1.37594
1556 1.37414
1557 1.37233
1558 1.37053
1559 1.36873
1560 1.36694
1561 1.36514
1562 1.36335
1563 1.36157
1564 1.35978
1565 1.358
1566 1.35623
1567 1.35445
1568 1.35268
1569 1.35091
1570 1.34914
1571 1.34738
1572 1.34562
1573 1.34386
1574 1.34211
1575 1.34036
1576 1.33861
1577 1.33686
1578 1.33512
1579 1.33338
1580 1.33164
1581 1.32991
1582 1.32818
1583 1.32645
1584 1.32472
1585 1.323
1586 1.32128
1587 1.31956
1588 1.31785
1589 1.31614
1590 1.31443
1591 1.31272
1592 1.31102
1593 1.30932
1594 1.30762
1595 1.30592
1596 1.30423
1597 1.30254
1598 1.30085
1599 1.29917
1600 1.29749
1601 1.29581
1602 1.29413
1603 1.29246
1604 1.29079
1605 1.28912
1606 1.28745
1607 1.28579
1608 1.28413
1609 1.28247
1610 1.28082
1611 1.27917
1612 1.27752
1613 1.27587
1614 1.27423
1615 1.27258
1616 1.27094
1617 1.26931
1618 1.26767
1619 1.26604
1620 1.26441
1621 1.26279
1622 1.26116
1623 1.25954
1624 1.25793
1625 1.25631
1626 1.2547
1627 1.25309
1628 1.25148
1629 1.24987
1630 1.24827
1631 1.24667
1632 1.24507
1633 1.24348
1634 1.24188
1635 1.24029
1636 1.2387
1637 1.23712
1638 1.23554
1639 1.23396
1640 1.23238
1641 1.2308
1642 1.22923
1643 1.22766
1644 1.22609
1645 1.22453
1646 1.22296
1647 1.2214
1648 1.21984
1649 1.21829
1650 1.21673
1651 1.21518
1652 1.21364
1653 1.21209
1654 1.21055
1655 1.209
1656 1.20747
1657 1.20593
1658 1.2044
1659 1.20286
1660 1.20133
1661 1.19981
1662 1.19828
1663 1.19676
1664 1.19524
1665 1.19372
1666 1.19221
1667 1.1907
1668 1.18919
1669 1.18768
1670 1.18617
1671 1.18467
1672 1.18317
1673 1.18167
1674 1.18017
1675 1.17868
1676 1.17719
1677 1.1757
1678 1.17421
1679 1.17273
1680 1.17124
1681 1.16976
1682 1.16829
1683 1.16681
1684 1.16534
1685 1.16387
1686 1.1624
1687 1.16093
1688 1.15947
1689 1.15801
1690 1.15655
1691 1.15509
1692 1.15363
1693 1.15218
1694 1.15073
1695 1.14928
1696 1.14783
1697 1.14639
1698 1.14495
1699 1.14351
1700 1.14207
1701 1.14064
1702 1.1392
1703 1.13777
1704 1.13634
1705 1.13492
1706 1.13349
1707 1.13207
1708 1.13065
1709 1.12923
1710 1.12781
1711 1.1264
1712 1.12499
1713 1.12358
1714 1.12217
1715 1.12077
1716 1.11936
1717 1.11796
1718 1.11657
1719 1.11517
1720 1.11377
1721 1.11238
1722 1.11099
1723 1.1096
1724 1.10822
1725 1.10683
1726 1.10545
1727 1.10407
1728 1.10269
1729 1.10132
1730 1.09994
1731 1.09857
1732 1.0972
1733 1.09584
1734 1.09447
1735 1.09311
1736 1.09175
1737 1.09039
1738 1.08903
1739 1.08767
1740 1.08632
1741 1.08497
1742 1.08362
1743 1.08227
1744 1.08093
1745 1.07959
1746 1.07825
1747 1.07691
1748 1.07557
1749 1.07423
1750 1.0729
1751 1.07157
1752 1.07024
1753 1.06892
1754 1.06759
1755 1.06627
1756 1.06495
1757 1.06363
1758 1.06231
1759 1.061
1760 1.05968
1761 1.05837
1762 1.05706
1763 1.05576
1764 1.05445
1765 1.05315
1766 1.05185
1767 1.05055
1768 1.04925
1769 1.04795
1770 1.04666
1771 1.04537
1772 1.04408
1773 1.04279
1774 1.0415
1775 1.04022
1776 1.03894
1777 1.03766
1778 1.03638
1779 1.0351
1780 1.03383
1781 1.03256
1782 1.03129
1783 1.03002
1784 1.02875
1785 1.02749
1786 1.02622
1787 1.02496
1788 1.0237
1789 1.02244
1790 1.02119
1791 1.01993
1792 1.01868
1793 1.01743
1794 1.01618
1795 1.01494
1796 1.01369
1797 1.01245
1798 1.01121
1799 1.00997
1800 1.00873
1801 1.00749
1802 1.00626
1803 1.00503
1804 1.0038
1805 1.00257
1806 1.00134
1807 1.00012
1808 0.998896
1809 0.997675
1810 0.996455
1811 0.995238
1812 0.994022
1813 0.992808
1814 0.991596
1815 0.990385
1816 0.989177
1817 0.98797
1818 0.986764
1819 0.985561
1820 0.984359
1821 0.98316
1822 0.981962
1823 0.980765
1824 0.979571
1825 0.978378
1826 0.977187
1827 0.975997
1828 0.97481
1829 0.973624
1830 0.97244
1831 0.971257
1832 0.970077
1833 0.968898
1834 0.96772
1835 0.966545
1836 0.965371
1837 0.964199
1838 0.963029
1839 0.96186
1840 0.960693
1841 0.959528
1842 0.958364
1843 0.957202
1844 0.956042
1845 0.954884
1846 0.953727
1847 0.952572
1848 0.951418
1849 0.950267
1850 0.949117
1851 0.947968
1852 0.946821
1853 0.945676
1854 0.944533
1855 0.943391
1856 0.942251
1857 0.941112
1858 0.939975
1859 0.93884
1860 0.937707
1861 0.936575
1862 0.935444
1863 0.934316
1864 0.933188
1865 0.932063
1866 0.930939
1867 0.929817
1868 0.928696
1869 0.927577
1870 0.92646
1871 0.925344
1872 0.92423
1873 0.923117
1874 0.922006
1875 0.920897
1876 0.919789
1877 0.918683
1878 0.917578
1879 0.916475
1880 0.915373
1881 0.914273
1882 0.913175
1883 0.912078
1884 0.910983
1885 0.909889
1886 0.908797
1887 0.907706
1888 0.906617
1889 0.90553
1890 0.904444
1891 0.90336
1892 0.902277
1893 0.901196
1894 0.900116
1895 0.899038
1896 0.897961
1897 0.896886
1898 0.895812
1899 0.89474
1900 0.89367
1901 0.892601
1902 0.891533
1903 0.890468
1904 0.889403
1905 0.88834
1906 0.887279
1907 0.886219
1908 0.885161
1909 0.884104
1910 0.883049
1911 0.881995
1912 0.880942
1913 0.879892
1914 0.878842
1915 0.877794
1916 0.876748
1917 0.875703
1918 0.87466
1919 0.873618
1920 0.872578
1921 0.871539
1922 0.870501
1923 0.869465
1924 0.868431
1925 0.867398
1926 0.866366
1927 0.865336
1928 0.864308
1929 0.86328
1930 0.862255
1931 0.86123
1932 0.860208
1933 0.859186
1934 0.858166
1935 0.857148
1936 0.856131
1937 0.855115
1938 0.854101
1939 0.853089
1940 0.852077
1941 0.851068
1942 0.850059
1943 0.849052
1944 0.848047
1945 0.847043
1946 0.84604
1947 0.845039
1948 0.844039
1949 0.843041
1950 0.842044
1951 0.841048
1952 0.840054
1953 0.839061
1954 0.83807
1955 0.83708
1956 0.836091
1957 0.835104
1958 0.834118
1959 0.833133
1960 0.83215
1961 0.831169
1962 0.830189
1963 0.82921
1964 0.828232
1965 0.827256
1966 0.826281
1967 0.825308
1968 0.824336
1969 0.823365
1970 0.822396
1971 0.821428
1972 0.820461
1973 0.819496
1974 0.818532
1975 0.81757
1976 0.816609
1977 0.815649
1978 0.81469
1979 0.813733
1980 0.812777
1981 0.811823
1982 0.81087
1983 0.809918
1984 0.808968
1985 0.808019
1986 0.807071
1987 0.806124
1988 0.805179
1989 0.804235
1990 0.803293
1991 0.802352
1992 0.801412
1993 0.800473
1994 0.799536
1995 0.7986
1996 0.797665
1997 0.796732
1998 0.7958
1999 0.794869
2000 0.79394
2001 0.793012
2002 0.792085
2003 0.791159
2004 0.790235
2005 0.789312
2006 0.78839
2007 0.78747
2008 0.786551
2009 0.785633
2010 0.784716
2011 0.783801
2012 0.782887
2013 0.781974
2014 0.781062
2015 0.780152
2016 0.779243
2017 0.778335
2018 0.777428
2019 0.776523
2020 0.775619
2021 0.774716
2022 0.773815
2023 0.772915
2024 0.772016
2025 0.771118
2026 0.770221
2027 0.769326
2028 0.768432
2029 0.767539
2030 0.766647
2031 0.765757
2032 0.764868
2033 0.76398
2034 0.763093
2035 0.762208
2036 0.761324
2037 0.760441
2038 0.759559
2039 0.758678
2040 0.757799
2041 0.756921
2042 0.756044
2043 0.755168
2044 0.754294
2045 0.753421
2046 0.752549
2047 0.751678
2048 0.750808
2049 0.74994
2050 0.749072
2051 0.748206
2052 0.747342
2053 0.746478
2054 0.745615
2055 0.744754
2056 0.743894
2057 0.743035
2058 0.742177
2059 0.741321
2060 0.740466
2061 0.739611
2062 0.738758
2063 0.737907
2064 0.737056
2065 0.736206
2066 0.735358
2067 0.734511
2068 0.733665
2069 0.73282
2070 0.731977
2071 0.731134
2072 0.730293
2073 0.729453
2074 0.728614
2075 0.727776
2076 0.726939
2077 0.726104
2078 0.725269
2079 0.724436
2080 0.723604
2081 0.722773
2082 0.721943
2083 0.721115
2084 0.720287
2085 0.719461
2086 0.718636
2087 0.717811
2088 0.716988
2089 0.716167
2090 0.715346
2091 0.714526
2092 0.713708
2093 0.712891
2094 0.712074
2095 0.711259
2096 0.710445
2097 0.709632
2098 0.708821
2099 0.70801
2100 0.7072
2101 0.706392
2102 0.705585
2103 0.704778
2104 0.703973
2105 0.703169
2106 0.702366
2107 0.701565
2108 0.700764
2109 0.699964
2110 0.699166
2111 0.698368
2112 0.697572
2113 0.696777
2114 0.695983
2115 0.695189
2116 0.694397
2117 0.693606
2118 0.692817
2119 0.692028
2120 0.69124
2121 0.690454
2122 0.689668
2123 0.688883
2124 0.6881
2125 0.687318
2126 0.686536
2127 0.685756
2128 0.684977
2129 0.684199
2130 0.683422
2131 0.682646
2132 0.681871
2133 0.681097
2134 0.680324
2135 0.679552
2136 0.678782
2137 0.678012
2138 0.677243
2139 0.676476
2140 0.675709
2141 0.674943
2142 0.674179
2143 0.673415
2144 0.672653
2145 0.671892
2146 0.671131
2147 0.670372
2148 0.669614
2149 0.668856
2150 0.6681
2151 0.667345
2152 0.66659
2153 0.665837
2154 0.665085
2155 0.664334
2156 0.663583
2157 0.662834
2158 0.662086
2159 0.661339
2160 0.660593
2161 0.659848
2162 0.659103
2163 0.65836
2164 0.657618
2165 0.656877
2166 0.656137
2167 0.655397
2168 0.654659
2169 0.653922
2170 0.653186
2171 0.652451
2172 0.651716
2173 0.650983
2174 0.650251
2175 0.649519
2176 0.648789
2177 0.64806
2178 0.647331
2179 0.646604
2180 0.645878
2181 0.645152
2182 0.644428
2183 0.643704
2184 0.642982
2185 0.64226
2186 0.64154
2187 0.64082
2188 0.640101
2189 0.639384
2190 0.638667
2191 0.637951
2192 0.637236
2193 0.636523
2194 0.63581
2195 0.635098
2196 0.634387
2197 0.633677
2198 0.632968
2199 0.63226
2200 0.631553
2201 0.630846
2202 0.630141
2203 0.629437
2204 0.628733
2205 0.628031
2206 0.627329
2207 0.626629
2208 0.625929
2209 0.625231
2210 0.624533
2211 0.623836
2212 0.62314
2213 0.622445
2214 0.621751
2215 0.621058
2216 0.620366
2217 0.619675
2218 0.618985
2219 0.618295
2220 0.617607
2221 0.616919
2222 0.616233
2223 0.615547
2224 0.614862
2225 0.614179
2226 0.613496
2227 0.612814
2228 0.612133
2229 0.611452
2230 0.610773
2231 0.610095
2232 0.609417
2233 0.608741
2234 0.608065
2235 0.60739
2236 0.606717
2237 0.606044
2238 0.605371
2239 0.6047
2240 0.60403
2241 0.603361
2242 0.602692
2243 0.602025
2244 0.601358
2245 0.600692
2246 0.600027
2247 0.599363
2248 0.5987
2249 0.598037
2250 0.597376
2251 0.596715
2252 0.596056
2253 0.595397
2254 0.594739
2255 0.594082
2256 0.593426
2257 0.59277
2258 0.592116
2259 0.591462
2260 0.590809
2261 0.590157
2262 0.589506
2263 0.588856
2264 0.588207
2265 0.587558
2266 0.586911
2267 0.586264
2268 0.585618
2269 0.584973
2270 0.584329
2271 0.583685
2272 0.583043
2273 0.582401
2274 0.58176
2275 0.58112
2276 0.580481
2277 0.579843
2278 0.579205
2279 0.578569
2280 0.577933
2281 0.577298
2282 0.576663
2283 0.57603
2284 0.575398
2285 0.574766
2286 0.574135
2287 0.573505
2288 0.572876
2289 0.572248
2290 0.57162
2291 0.570993
2292 0.570367
2293 0.569742
2294 0.569118
2295 0.568495
2296 0.567872
2297 0.56725
2298 0.566629
2299 0.566009
2300 0.56539
2301 0.564772
2302 0.564154
2303 0.563537
2304 0.562921
2305 0.562306
2306 0.561691
2307 0.561078
2308 0.560465
2309 0.559853
2310 0.559242
2311 0.558632
2312 0.558022
2313 0.557413
2314 0.556805
2315 0.556198
2316 0.555592
2317 0.554987
2318 0.554382
2319 0.553778
2320 0.553175
2321 0.552573
2322 0.551971
2323 0.55137
2324 0.550771
2325 0.550171
2326 0.549573
2327 0.548976
2328 0.548379
2329 0.547783
2330 0.547188
2331 0.546594
2332 0.546
2333 0.545407
2334 0.544816
2335 0.544224
2336 0.543634
2337 0.543044
2338 0.542456
2339 0.541868
2340 0.54128
2341 0.540694
2342 0.540108
2343 0.539523
2344 0.538939
2345 0.538356
2346 0.537773
2347 0.537191
2348 0.53661
2349 0.53603
2350 0.53545
2351 0.534871
2352 0.534293
2353 0.533716
2354 0.533139
2355 0.532563
2356 0.531988
2357 0.531414
2358 0.53084
2359 0.530267
2360 0.529695
2361 0.529124
2362 0.528553
2363 0.527983
2364 0.527414
2365 0.526845
2366 0.526277
2367 0.52571
2368 0.525144
2369 0.524578
2370 0.524013
2371 0.523449
2372 0.522885
2373 0.522322
2374 0.52176
2375 0.521199
2376 0.520638
2377 0.520078
2378 0.519518
2379 0.51896
2380 0.518402
2381 0.517845
2382 0.517288
2383 0.516732
2384 0.516177
2385 0.515622
2386 0.515068
2387 0.514515
2388 0.513963
2389 0.513411
2390 0.51286
2391 0.512309
2392 0.511759
2393 0.51121
2394 0.510661
2395 0.510114
2396 0.509566
2397 0.50902
2398 0.508474
2399 0.507929
2400 0.507384
2401 0.50684
2402 0.506297
2403 0.505755
2404 0.505213
2405 0.504672
2406 0.504132
2407 0.503592
2408 0.503053
2409 0.502515
2410 0.501977
2411 0.50144
2412 0.500904
2413 0.500369
2414 0.499834
2415 0.4993
2416 0.498767
2417 0.498234
2418 0.497702
2419 0.497171
2420 0.49664
2421 0.496111
2422 0.495582
2423 0.495053
2424 0.494526
2425 0.493999
2426 0.493473
2427 0.492948
2428 0.492423
2429 0.491899
2430 0.491376
2431 0.490854
2432 0.490332
2433 0.489812
2434 0.489291
2435 0.488772
2436 0.488254
2437 0.487736
2438 0.487219
2439 0.486702
2440 0.486187
2441 0.485672
2442 0.485158
2443 0.484645
2444 0.484133
2445 0.483621
2446 0.48311
2447 0.4826
2448 0.482091
2449 0.481582
2450 0.481075
2451 0.480568
2452 0.480062
2453 0.479556
2454 0.479052
2455 0.478548
2456 0.478045
2457 0.477543
2458 0.477042
2459 0.476541
2460 0.476042
2461 0.475543
2462 0.475044
2463 0.474547
2464 0.47405
2465 0.473554
2466 0.473058
2467 0.472563
2468 0.472069
2469 0.471576
2470 0.471083
2471 0.470591
2472 0.470099
2473 0.469608
2474 0.469118
2475 0.468628
2476 0.468139
2477 0.46765
2478 0.467162
2479 0.466675
2480 0.466188
2481 0.465701
2482 0.465215
2483 0.46473
2484 0.464245
2485 0.46376
2486 0.463276
2487 0.462792
2488 0.462309
2489 0.461826
2490 0.461344
2491 0.460862
2492 0.46038
2493 0.459899
2494 0.459418
2495 0.458938
2496 0.458457
2497 0.457978
2498 0.457498
2499 0.457019
2500 0.45654
2501 0.456061
2502 0.455583
2503 0.455105
2504 0.454627
2505 0.454149
2506 0.453671
2507 0.453194
2508 0.452717
2509 0.45224
2510 0.451764
2511 0.451287
2512 0.450811
2513 0.450334
2514 0.449858
2515 0.449382
2516 0.448906
2517 0.44843
2518 0.447955
2519 0.447479
2520 0.447003
2521 0.446528
2522 0.446052
2523 0.445577
2524 0.445101
2525 0.444626
2526 0.44415
2527 0.443675
2528 0.443199
2529 0.442724
2530 0.442248
2531 0.441773
2532 0.441298
2533 0.440822
2534 0.440347
2535 0.439872
2536 0.439397
2537 0.438921
2538 0.438446
2539 0.437971
2540 0.437496
2541 0.43702
2542 0.436545
2543 0.43607
2544 0.435595
2545 0.43512
2546 0.434645
2547 0.43417
2548 0.433695
2549 0.43322
2550 0.432745
2551 0.43227
2552 0.431795
2553 0.43132
2554 0.430845
2555 0.43037
2556 0.429895
2557 0.429421
2558 0.428946
2559 0.428471
2560 0.427996
2561 0.427521
2562 0.427047
2563 0.426572
2564 0.426097
2565 0.425623
2566 0.425148
2567 0.424673
2568 0.424199
2569 0.423724
2570 0.42325
2571 0.422775
2572 0.422301
2573 0.421826
2574 0.421352
2575 0.420877
2576 0.420403
2577 0.419928
2578 0.419454
2579 0.418979
2580 0.418505
2581 0.418031
2582 0.417556
2583 0.417082
2584 0.416608
2585 0.416134
2586 0.415659
2587 0.415185
2588 0.414711
2589 0.414237
2590 0.413763
2591 0.413288
2592 0.412814
2593 0.41234
2594 0.411866
2595 0.411392
2596 0.410918
2597 0.410444
2598 0.40997
2599 0.409496
2600 0.409022
2601 0.408548
2602 0.408074
2603 0.4076
2604 0.407127
2605 0.406653
2606 0.406179
2607 0.405705
2608 0.405231
2609 0.404758
2610 0.404284
2611 0.40381
2612 0.403336
2613 0.402863
2614 0.402389
2615 0.401915
2616 0.401442
2617 0.400968
2618 0.400495
2619 0.400021
2620 0.399548
2621 0.399074
2622 0.398601
2623 0.398127
2624 0.397654
2625 0.39718
2626 0.396707
2627 0.396233
2628 0.39576
2629 0.395287
2630 0.394813
2631 0.39434
2632 0.393867
2633 0.393394
2634 0.39292
2635 0.392447
2636 0.391974
2637 0.391501
2638 0.391028
2639 0.390554
2640 0.390081
2641 0.389608
2642 0.389135
2643 0.388662
2644 0.388189
2645 0.387716
2646 0.387243
2647 0.38677
2648 0.386297
2649 0.385824
2650 0.385351
2651 0.384878
2652 0.384405
2653 0.383933
2654 0.38346
2655 0.382987
2656 0.382514
2657 0.382041
2658 0.381569
2659 0.381096
2660 0.380623
2661 0.38015
2662 0.379678
2663 0.379205
2664 0.378733
2665 0.37826
2666 0.377787
2667 0.377315
2668 0.376842
2669 0.37637
2670 0.375897
2671 0.375425
2672 0.374952
2673 0.37448
2674 0.374007
2675 0.373535
2676 0.373063
2677 0.37259
2678 0.372118
2679 0.371646
2680 0.371173
2681 0.370701
2682 0.370229
2683 0.369757
2684 0.369284
2685 0.368812
2686 0.36834
2687 0.367868
2688 0.367396
2689 0.366924
2690 0.366451
2691 0.365979
2692 0.365507
2693 0.365035
2694 0.364563
2695 0.364091
2696 0.363619
2697 0.363147
2698 0.362676
2699 0.362204
2700 0.361732
2701 0.36126
2702 0.360788
2703 0.360316
2704 0.359844
2705 0.359373
2706 0.358901
2707 0.358429
2708 0.357957
2709 0.357486
2710 0.357014
2711 0.356542
2712 0.356071
2713 0.355599
2714 0.355128
2715 0.354656
2716 0.354184
2717 0.353713
2718 0.353241
2719 0.35277
2720 0.352298
2721 0.351827
2722 0.351355
2723 0.350884
2724 0.350413
2725 0.349941
2726 0.34947
2727 0.348999
2728 0.348527
2729 0.348056
2730 0.347585
2731 0.347114
2732 0.346642
2733 0.346171
2734 0.3457
2735 0.345229
2736 0.344758
2737 0.344287
2738 0.343815
2739 0.343344
2740 0.342873
2741 0.342402
2742 0.341931
2743 0.34146
2744 0.340989
2745 0.340518
2746 0.340047
2747 0.339576
2748 0.339106
2749 0.338635
2750 0.338164
2751 0.337693
2752 0.337222
2753 0.336751
2754 0.336281
2755 0.33581
2756 0.335339
2757 0.334868
2758 0.334398
2759 0.333927
2760 0.333456
2761 0.332986
2762 0.332515
2763 0.332045
2764 0.331574
2765 0.331104
2766 0.330633
2767 0.330162
2768 0.329692
2769 0.329222
2770 0.328751
2771 0.328281
2772 0.32781
2773 0.32734
2774 0.32687
2775 0.326399
2776 0.325929
2777 0.325459
2778 0.324988
2779 0.324518
2780 0.324048
2781 0.323578
2782 0.323107
2783 0.322637
2784 0.322167
2785 0.321697
2786 0.321227
2787 0.320757
2788 0.320287
2789 0.319817
2790 0.319347
2791 0.318877
2792 0.318407
2793 0.317937
2794 0.317467
2795 0.316997
2796 0.316527
2797 0.316057
2798 0.315587
2799 0.315117
2800 0.314647
2801 0.314178
2802 0.313708
2803 0.313238
2804 0.312768
2805 0.312299
2806 0.311829
2807 0.311359
2808 0.31089
2809 0.31042
2810 0.30995
2811 0.309481
2812 0.309011
2813 0.308542
2814 0.308072
2815 0.307603
2816 0.307133
2817 0.306664
2818 0.306194
2819 0.305725
2820 0.305255
2821 0.304786
2822 0.304317
2823 0.303847
2824 0.303378
2825 0.302909
2826 0.302439
2827 0.30197
2828 0.301501
2829 0.301032
2830 0.300562
2831 0.300093
2832 0.299624
2833 0.299155
2834 0.298686
2835 0.298217
2836 0.297748
2837 0.297279
2838 0.296809
2839 0.29634
2840 0.295871
2841 0.295402
2842 0.294934
2843 0.294465
2844 0.293996
2845 0.293527
2846 0.293058
2847 0.292589
2848 0.29212
2849 0.291651
2850 0.291183
2851 0.290714
2852 0.290245
2853 0.289776
2854 0.289308
2855 0.288839
2856 0.28837
2857 0.287902
2858 0.287433
2859 0.286964
2860 0.286496
2861 0.286027
2862 0.285559
2863 0.28509
2864 0.284622
2865 0.284153
2866 0.283685
2867 0.283216
2868 0.282748
2869 0.282279
2870 0.281811
2871 0.281343
2872 0.280874
2873 0.280406
2874 0.279938
2875 0.279469
2876 0.279001
2877 0.278533
2878 0.278065
2879 0.277597
2880 0.277128
2881 0.27666
2882 0.276192
2883 0.275724
2884 0.275256
2885 0.274788
2886 0.27432
2887 0.273852
2888 0.273384
2889 0.272916
2890 0.272448
2891 0.27198
2892 0.271512
2893 0.271044
2894 0.270576
2895 0.270108
2896 0.26964
2897 0.269173
2898 0.268705
2899 0.268237
2900 0.267769
2901 0.267301
2902 0.266834
2903 0.266366
2904 0.265898
2905 0.265431
2906 0.264963
2907 0.264495
2908 0.264028
2909 0.26356
2910 0.263093
2911 0.262625
2912 0.262158
2913 0.26169
2914 0.261223
2915 0.260755
2916 0.260288
2917 0.25982
2918 0.259353
2919 0.258886
2920 0.258418
2921 0.257951
2922 0.257484
2923 0.257016
2924 0.256549
2925 0.256082
2926 0.255615
2927 0.255147
2928 0.25468
2929 0.254213
2930 0.253746
2931 0.253279
2932 0.252812
2933 0.252344
2934 0.251877
2935 0.25141
2936 0.250943
2937 0.250476
2938 0.250009
2939 0.249542
2940 0.249075
2941 0.248609
2942 0.248142
2943 0.247675
2944 0.247208
2945 0.246741
2946 0.246274
2947 0.245807
2948 0.245341
2949 0.244874
2950 0.244407
2951 0.24394
2952 0.243474
2953 0.243007
2954 0.24254
2955 0.242074
2956 0.241607
2957 0.241141
2958 0.240674
2959 0.240207
2960 0.239741
2961 0.239274
2962 0.238808
2963 0.238341
2964 0.237875
2965 0.237409
2966 0.236942
2967 0.236476
2968 0.236009
2969 0.235543
2970 0.235077
2971 0.23461
2972 0.234144
2973 0.233678
2974 0.233212
2975 0.232745
2976 0.232279
2977 0.231813
2978 0.231347
2979 0.230881
2980 0.230415
2981 0.229949
2982 0.229482
2983 0.229016
2984 0.22855
2985 0.228084
2986 0.227618
2987 0.227152
2988 0.226686
2989 0.22622
2990 0.225755
2991 0.225289
2992 0.224823
2993 0.224357
2994 0.223891
2995 0.223425
2996 0.222959
2997 0.222494
2998 0.222028
2999 0.221562
3000 0.221097
3001 0.220631
3002 0.220165
3003 0.2197
3004 0.219234
3005 0.218768
3006 0.218303
3007 0.217837
3008 0.217372
3009 0.216906
3010 0.216441
3011 0.215975
3012 0.21551
3013 0.215044
3014 0.214579
3015 0.214113
3016 0.213648
3017 0.213183
3018 0.212717
3019 0.212252
3020 0.211787
3021 0.211321
3022 0.210856
3023 0.210391
3024 0.209926
3025 0.20946
3026 0.208995
3027 0.20853
3028 0.208065
3029 0.2076
3030 0.207135
3031 0.20667
3032 0.206205
3033 0.20574
3034 0.205275
3035 0.20481
3036 0.204345
3037 0.20388
3038 0.203415
3039 0.20295
3040 0.202485
3041 0.20202
3042 0.201555
3043 0.20109
3044 0.200626
3045 0.200161
3046 0.199696
3047 0.199231
3048 0.198767
3049 0.198302
3050 0.197837
3051 0.197373
3052 0.196908
3053 0.196443
3054 0.195979
3055 0.195514
3056 0.19505
3057 0.194585
3058 0.19412
3059 0.193656
3060 0.193192
3061 0.192727
3062 0.192263
3063 0.191798
3064 0.191334
3065 0.190869
3066 0.190405
3067 0.189941
3068 0.189476
3069 0.189012
3070 0.188548
3071 0.188084
3072 0.187619
3073 0.187155
3074 0.186691
3075 0.186227
3076 0.185763
3077 0.185299
3078 0.184834
3079 0.18437
3080 0.183906
3081 0.183442
3082 0.182978
3083 0.182514
3084 0.18205
3085 0.181586
3086 0.181122
3087 0.180658
3088 0.180194
3089 0.179731
3090 0.179267
3091 0.178803
3092 0.178339
3093 0.177875
3094 0.177411
3095 0.176948
3096 0.176484
3097 0.17602
3098 0.175557
3099 0.175093
3100 0.174629
3101 0.174166
3102 0.173702
3103 0.173238
3104 0.172775
3105 0.172311
3106 0.171848
3107 0.171384
3108 0.170921
3109 0.170457
3110 0.169994
3111 0.16953
3112 0.169067
3113 0.168604
3114 0.16814
3115 0.167677
3116 0.167213
3117 0.16675
3118 0.166287
3119 0.165824
3120 0.16536
3121 0.164897
3122 0.164434
3123 0.163971
3124 0.163508
3125 0.163044
3126 0.162581
3127 0.162118
3128 0.161655
3129 0.161192
3130 0.160729
3131 0.160266
3132 0.159803
3133 0.15934
3134 0.158877
3135 0.158414
3136 0.157951
3137 0.157488
3138 0.157025
3139 0.156563
3140 0.1561
3141 0.155637
3142 0.155174
3143 0.154711
3144 0.154249
3145 0.153786
3146 0.153323
3147 0.15286
3148 0.152398
3149 0.151935
3150 0.151472
3151 0.15101
3152 0.150547
3153 0.150085
3154 0.149622
3155 0.14916
3156 0.148697
3157 0.148235
3158 0.147772
3159 0.14731
3160 0.146847
3161 0.146385
3162 0.145922
3163 0.14546
3164 0.144998
3165 0.144535
3166 0.144073
3167 0.143611
3168 0.143149
3169 0.142686
3170 0.142224
3171 0.141762
3172 0.1413
3173 0.140838
3174 0.140375
3175 0.139913
3176 0.139451
3177 0.138989
3178 0.138527
3179 0.138065
3180 0.137603
3181 0.137141
3182 0.136679
3183 0.136217
3184 0.135755
3185 0.135293
3186 0.134831
3187 0.134369
3188 0.133908
3189 0.133446
3190 0.132984
3191 0.132522
3192 0.13206
3193 0.131599
3194 0.131137
3195 0.130675
3196 0.130213
3197 0.129752
3198 0.12929
3199 0.128829
3200 0.128367
3201 0.127905
3202 0.127444
3203 0.126982
3204 0.126521
3205 0.126059
3206 0.125598
3207 0.125136
3208 0.124675
3209 0.124213
3210 0.123752
3211 0.123291
3212 0.122829
3213 0.122368
3214 0.121907
3215 0.121445
3216 0.120984
3217 0.120523
3218 0.120061
3219 0.1196
3220 0.119139
3221 0.118678
3222 0.118217
3223 0.117756
3224 0.117294
3225 0.116833
3226 0.116372
3227 0.115911
3228 0.11545
3229 0.114989
3230 0.114528
3231 0.114067
3232 0.113606
3233 0.113145
3234 0.112684
3235 0.112224
3236 0.111763
3237 0.111302
3238 0.110841
3239 0.11038
3240 0.109919
3241 0.109459
3242 0.108998
3243 0.108537
3244 0.108076
3245 0.107616
3246 0.107155
3247 0.106694
3248 0.106234
3249 0.105773
3250 0.105313
3251 0.104852
3252 0.104391
3253 0.103931
3254 0.10347
3255 0.10301
3256 0.102549
3257 0.102089
3258 0.101629
3259 0.101168
3260 0.100708
3261 0.100247
3262 0.0997871
3263 0.0993268
3264 0.0988665
3265 0.0984062
3266 0.097946
3267 0.0974858
3268 0.0970255
3269 0.0965653
3270 0.0961052
3271 0.095645
3272 0.0951849
3273 0.0947248
3274 0.0942647
3275 0.0938046
3276 0.0933445
3277 0.0928845
3278 0.0924245
3279 0.0919645
3280 0.0915045
3281 0.0910446
3282 0.0905846
3283 0.0901247
3284 0.0896648
3285 0.089205
3286 0.0887451
3287 0.0882853
3288 0.0878255
3289 0.0873657
3290 0.0869059
3291 0.0864462
3292 0.0859865
3293 0.0855267
3294 0.0850671
3295 0.0846074
3296 0.0841478
3297 0.0836881
3298 0.0832285
3299 0.0827689
3300 0.0823094
3301 0.0818498
3302 0.0813903
3303 0.0809308
3304 0.0804713
3305 0.0800119
3306 0.0795524
3307 0.079093
3308 0.0786336
3309 0.0781742
3310 0.0777149
3311 0.0772555
3312 0.0767962
3313 0.0763369
3314 0.0758776
3315 0.0754184
3316 0.0749591
3317 0.0744999
3318 0.0740407
3319 0.0735816
3320 0.0731224
3321 0.0726633
3322 0.0722042
3323 0.0717451
3324 0.071286
3325 0.0708269
3326 0.0703679
3327 0.0699089
3328 0.0694499
3329 0.0689909
3330 0.068532
3331 0.0680731
3332 0.0676142
3333 0.0671553
3334 0.0666964
3335 0.0662375
3336 0.0657787
3337 0.0653199
3338 0.0648611
3339 0.0644024
3340 0.0639436
3341 0.0634849
3342 0.0630262
3343 0.0625675
3344 0.0621088
3345 0.0616502
3346 0.0611916
3347 0.060733
3348 0.0602744
3349 0.0598158
3350 0.0593573
3351 0.0588988
3352 0.0584403
3353 0.0579818
3354 0.0575233
3355 0.0570649
3356 0.0566065
3357 0.0561481
3358 0.0556897
3359 0.0552313
3360 0.054773
3361 0.0543147
3362 0.0538564
3363 0.0533981
3364 0.0529399
3365 0.0524816
3366 0.0520234
3367 0.0515652
3368 0.051107
3369 0.0506489
3370 0.0501907
3371 0.0497326
3372 0.0492745
3373 0.0488165
3374 0.0483584
3375 0.0479004
3376 0.0474424
3377 0.0469844
3378 0.0465264
3379 0.0460685
3380 0.0456105
3381 0.0451526
3382 0.0446947
3383 0.0442369
3384 0.043779
3385 0.0433212
3386 0.0428634
3387 0.0424056
3388 0.0419479
3389 0.0414901
3390 0.0410324
3391 0.0405747
3392 0.040117
3393 0.0396593
3394 0.0392017
3395 0.0387441
3396 0.0382865
3397 0.0378289
3398 0.0373713
3399 0.0369138
3400 0.0364563
3401 0.0359988
3402 0.0355413
3403 0.0350838
3404 0.0346264
3405 0.034169
3406 0.0337116
3407 0.0332542
3408 0.0327968
3409 0.0323395
3410 0.0318822
3411 0.0314249
3412 0.0309676
3413 0.0305104
3414 0.0300531
3415 0.0295959
3416 0.0291387
3417 0.0286815
3418 0.0282244
3419 0.0277673
3420 0.0273101
3421 0.0268531
3422 0.026396
3423 0.0259389
3424 0.0254819
3425 0.0250249
3426 0.0245679
3427 0.0241109
3428 0.023654
3429 0.0231971
3430 0.0227401
3431 0.0222833
3432 0.0218264
3433 0.0213695
3434 0.0209127
3435 0.0204559
3436 0.0199991
3437 0.0195424
3438 0.0190856
3439 0.0186289
3440 0.0181722
3441 0.0177155
3442 0.0172588
3443 0.0168022
3444 0.0163456
3445 0.015889
3446 0.0154324
3447 0.0149758
3448 0.0145193
3449 0.0140628
3450 0.0136063
3451 0.0131498
3452 0.0126933
3453 0.0122369
3454 0.0117805
3455 0.0113241
3456 0.0108677
3457 0.0104113
3458 0.009955
3459 0.00949869
3460 0.00904239
3461 0.00858611
3462 0.00812986
3463 0.00767362
3464 0.00721741
3465 0.00676122
3466 0.00630504
3467 0.00584889
3468 0.00539276
3469 0.00493664
3470 0.00448055
3471 0.00402448
3472 0.00356843
3473 0.0031124
3474 0.00265639
3475 0.0022004
3476 0.00174443
3477 0.00128848
3478 0.000832549
3479 0.00037664
3480 0
3481 0
3482 0
3483 0
3484 0
3485 0
3486 0
3487 0
3488 0
3489 0
3490 0
3491 0
3492 0
3493 0
3494 0
3495 0
3496 0
3497 0
3498 0
3499 0
3500 0
3501 0
3502 0
3503 0
3504 0
3505 0
3506 0
3507 0
3508 0
3509 0
3510 0
3511 0
3512 0
3513 0
3514 0
3515 0
3516 0
3517 0
3518 0
3519 0
3520 0
3521 0
3522 0
3523 0
3524 0
3525 0
3526 0
3527 0
3528 0
3529 0
3530 0
3531 0
3532 0
3533 0
3534 0
3535 0
3536 0
3537 0
3538 0
3539 0
3540 0
3541 0
3542 0
3543 0
3544 0
3545 0
3546 0
3547 0
3548 0
3549 0
3550 0
3551 0
3552 0
3553 0
3554 0
3555 0
3556 0
3557 0
3558 0
3559 0
3560 0
3561 0
3562 0
3563 0
3564 0
3565 0
3566 0
3567 0
3568 0
3569 0
3570 0
3571 0
3572 0
3573 0
3574 0
3575 0
3576 0
3577 0
3578 0
3579 0
3580 0
3581 0
3582 0
3583 0
3584 0
3585 0
3586 0
3587 0
3588 0
3589 0
3590 0
3591 0
3592 0
3593 0
3594 0
3595 0
3596 0
3597 0
3598 0
3599 0
3600 0
3601 0
3602 0
3603 0
3604 0
3605 0
3606 0
3607 0
3608 0
3609 0
3610 0
3611 0
3612 0
3613 0
3614 0
3615 0
3616 0
3617 0
3618 0
3619 0
3620 0
3621 0
3622 0
3623 0
3624 0
3625 0
3626 0
3627 0
3628 0
3629 0
3630 0
3631 0
3632 0
3633 0
3634 0
3635 0
3636 0
3637 0
3638 0
3639 0
3640 0
3641 0
3642 0
3643 0
3644 0
3645 0
3646 0
3647 0
3648 0
3649 0
3650 0
3651 0
3652 0
3653 0
3654 0
3655 0
3656 0
3657 0
3658 0
3659 0
3660 0
3661 0
3662 0
3663 0
3664 0
3665 0
3666 0
3667 0
3668 0
3669 0
3670 0
3671 0
3672 0
3673 0
3674 0
3675 0
3676 0
3677 0
3678 0
3679 0
3680 0
3681 0
3682 0
3683 0
3684 0
3685 0
3686 0
3687 0
3688 0
3689 0
3690 0
3691 0
3692 0
3693 0
3694 0
3695 0
3696 0
3697 0
3698 0
3699 0
3700 0
3701 0
3702 0
3703 0
3704 0
3705 0
3706 0
3707 0
3708 0
3709 0
3710 0
3711 0
3712 0
3713 0
3714 0
3715 0
3716 0
3717 0
3718 0
3719 0
3720 0
3721 0
3722 0
3723 0
3724 0
3725 0
3726 0
3727 0
3728 0
3729 0
3730 0
3731 0
3732 0
3733 0
3734 0
3735 0
3736 0
3737 0
3738 0
3739 0
3740 0
3741 0
3742 0
3743 0
3744 0
3745 0
3746 0
3747 0
3748 0
3749 0
3750 0
3751 0
3752 0
3753 0
3754 0
3755 0
3756 0
3757 0
3758 0
3759 0
3760 0
3761 0
3762 0
3763 0
3764 0
3765 0
3766 0
3767 0
3768 0
3769 0
3770 0
3771 0
3772 0
3773 0
3774 0
3775 0
3776 0
3777 0
3778 0
3779 0
3780 0
3781 0
3782 0
3783 0
3784 0
3785 0
3786 0
3787 0
3788 0
3789 0
3790 0
3791 0
3792 0
3793 0
3794 0
3795 0
3796 0
3797 0
3798 0
3799 0
3800 0
3801 0
3802 0
3803 0
3804 0
3805 0
3806 0
3807 0
3808 0
3809 0
3810 0
3811 0
3812 0
3813 0
3814 0
3815 0
3816 0
3817 0
3818 0
3819 0
3820 0
3821 0
3822 0
3823 0
3824 0
3825 0
3826 0
3827 0
3828 0
3829 0
3830 0
3831 0
3832 0
3833 0
3834 0
3835 0
3836 0
3837 0
3838 0
3839 0
3840 0
3841 0
3842 0
3843 0
3844 0
3845 0
3846 0
3847 0
3848 0
3849 0
3850 0
3851 0
3852 0
3853 0
3854 0
3855 0
3856 0
3857 0
3858 0
3859 0
3860 0
3861 0
3862 0
3863 0
3864 0
3865 0
3866 0
3867 0
3868 0
3869 0
3870 0
3871 0
3872 0
3873 0
3874 0
3875 0
3876 0
3877 0
3878 0
3879 0
3880 0
3881 0
3882 0
3883 0
3884 0
3885 0
3886 0
3887 0
3888 0
3889 0
3890 0
3891 0
3892 0
3893 0
3894 0
3895 0
3896 0
3897 0
3898 0
3899 0
3900 0
3901 0
3902 0
3903 0
3904 0
3905 0
3906 0
3907 0
3908 0
3909 0
3910 0
3911 0
3912 0
3913 0
3914 0
3915 0
3916 0
3917 0
3918 0
3919 0
3920 0
3921 0
3922 0
3923 0
3924 0
3925 0
3926 0
3927 0
3928 0
3929 0
3930 0
3931 0
3932 0
3933 0
3934 0
3935 0
3936 0
3937 0
3938 0
3939 0
3940 0
3941 0
3942 0
3943 0
3944 0
3945 0
3946 0
3947 0
3948 0
3949 0
3950 0
3951 0
3952 0
3953 0
3954 0
3955 0
3956 0
3957 0
3958 0
3959 0
3960 0
3961 0
3962 0
3963 0
3964 0
3965 0
3966 0
3967 0
3968 0
3969 0
3970 0
3971 0
3972 0
3973 0
3974 0
3975 0
3976 0
3977 0
3978 0
3979 0
3980 0
3981 0
3982 0
3983 0
3984 0
3985 0
3986 0
3987 0
3988 0
3989 0
3990 0
3991 0
3992 0
3993 0
3994 0
3995 0
3996 0
3997 0
3998 0
3999 0
4000 0
4001 0
4002 0
4003 0
4004 0
4005 0
4006 0
4007 0
4008 0
4009 0
4010 0
4011 0
4012 0
4013 0
4014 0
4015 0
4016 0
4017 0
4018 0
4019 0
4020 0
4021 0
4022 0
4023 0
4024 0
4025 0
4026 0
4027 0
4028 0
4029 0
4030 0
4031 0
4032 0
4033 0
4034 0
4035 0
4036 0
4037 0
4038 0
4039 0
4040 0
4041 0
4042 0
4043 0
4044 0
4045 0
4046 0
4047 0
4048 0
4049 0
4050 0
4051 0
4052 0
4053 0
4054 0
4055 0
4056 0
4057 0
4058 0
4059 0
4060 0
4061 0
4062 0
4063 0
4064 0
4065 0
4066 0
4067 0
4068 0
4069 0
4070 0
4071 0
4072 0
4073 0
4074 0
4075 0
4076 0
4077 0
4078 0
4079 0
4080 0
4081 0
4082 0
4083 0
4084 0
4085 0
4086 0
4087 0
4088 0
4089 0
4090 0
4091 0
4092 0
4093 0
4094 0
4095 0
4096 0
4097 0
4098 0
4099 0
4100 0
4101 0
4102 0
4103 0
4104 0
4105 0
4106 0
4107 0
4108 0
4109 0
4110 0
4111 0
4112 0
4113 0
4114 0
4115 0
4116 0
4117 0
4118 0
4119 0
4120 0
4121 0
4122 0
4123 0
4124 0
4125 0
4126 0
4127 0
4128 0
4129 0
4130 0
4131 0
4132 0
4133 0
4134 0
4135 0
4136 0
4137 0
4138 0
4139 0
4140 0
4141 0
4142 0
4143 0
4144 0
4145 0
4146 0
4147 0
4148 0
4149 0
4150 0
4151 0
4152 0
4153 0
4154 0
4155 0
4156 0
4157 0
4158 0
4159 0
4160 0
4161 0
4162 0
4163 0
4164 0
4165 0
4166 0
4167 0
4168 0
4169 0
4170 0
4171 0
4172 0
4173 0
4174 0
4175 0
4176 0
4177 0
4178 0
4179 0
4180 0
4181 0
4182 0
4183 0
4184 0
4185 0
4186 0
4187 0
4188 0
4189 0
4190 0
4191 0
4192 0
4193 0
4194 0
4195 0
4196 0
4197 0
4198 0
4199 0
4200 0
4201 0
4202 0
4203 0
4204 0
4205 0
4206 0
4207 0
4208 0
4209 0
4210 0
4211 0
4212 0
4213 0
4214 0
4215 0
4216 0
4217 0
4218 0
4219 0
4220 0
4221 0
4222 0
4223 0
4224 0
4225 0
4226 0
4227 0
4228 0
4229 0
4230 0
4231 0
4232 0
4233 0
4234 0
4235 0
4236 0
4237 0
4238 0
4239 0
4240 0
4241 0
4242 0
4243 0
4244 0
4245 0
4246 0
4247 0
4248 0
4249 0
4250 0
4251 0
4252 0
4253 0
4254 0
4255 0
4256 0
4257 0
4258 0
4259 0
4260 0
4261 0
4262 0
4263 0
4264 0
4265 0
4266 0
4267 0
4268 0
4269 0
4270 0
4271 0
4272 0
4273 0
4274 0
4275 0
4276 0
4277 0
4278 0
4279 0
4280 0
4281 0
4282 0
4283 0
4284 0
4285 0
4286 0
4287 0
4288 0
4289 0
4290 0
4291 0
4292 0
4293 0
4294 0
4295 0
4296 0
4297 0
4298 0
4299 0
4300 0
4301 0
4302 0
4303 0
4304 0
4305 0
4306 0
4307 0
4308 0
4309 0
4310 0
4311 0
4312 0
4313 0
4314 0
4315 0
4316 0
4317 0
4318 0
4319 0
4320 0
4321 0
4322 0
4323 0
4324 0
4325 0
4326 0
4327 0
4328 0
4329 0
4330 0
4331 0
4332 0
4333 0
4334 0
4335 0
4336 0
4337 0
4338 0
4339 0
4340 0
4341 0
4342 0
4343 0
4344 0
4345 0
4346 0
4347 0
4348 0
4349 0
4350 0
4351 0
4352 0
4353 0
4354 0
4355 0
4356 0
4357 0
4358 0
4359 0
4360 0
4361 0
4362 0
4363 0
4364 0
4365 0
4366 0
4367 0
4368 0
4369 0
4370 0
4371 0
4372 0
4373 0
4374 0
4375 0
4376 0
4377 0
4378 0
4379 0
4380 0
4381 0
4382 0
4383 0
4384 0
4385 0
4386 0
4387 0
4388 0
4389 0
4390 0
4391 0
4392 0
4393 0
4394 0
4395 0
4396 0
4397 0
4398 0
4399 0
4400 0
4401 0
4402 0
4403 0
4404 0
4405 0
4406 0
4407 0
4408 0
4409 0
4410 0
4411 0
4412 0
4413 0
4414 0
4415 0
4416 0
4417 0
4418 0
4419 0
4420 0
4421 0
4422 0
4423 0
4424 0
4425 0
4426 0
4427 0
4428 0
4429 0
4430 0
4431 0
4432 0
4433 0
4434 0
4435 0
4436 0
4437 0
4438 0
4439 0
4440 0
4441 0
4442 0
4443 0
4444 0
4445 0
4446 0
4447 0
4448 0
4449 0
4450 0
4451 0
4452 0
4453 0
4454 0
4455 0
4456 0
4457 0
4458 0
4459 0
4460 0
4461 0
4462 0
4463 0
4464 0
4465 0
4466 0
4467 0
4468 0
4469 0
4470 0
4471 0
4472 0
4473 0
4474 0
4475 0
4476 0
4477 0
4478 0
4479 0
4480 0
4481 0
4482 0
4483 0
4484 0
4485 0
4486 0
4487 0
4488 0
4489 0
4490 0
4491 0
4492 0
4493 0
4494 0
4495 0
4496 0
4497 0
4498 0
4499 0
4500 0
4501 0
4502 0
4503 0
4504 0
4505 0
4506 0
4507 0
4508 0
4509 0
4510 0
4511 0
4512 0
4513 0
4514 0
4515 0
4516 0
4517 0
4518 0
4519 0
4520 0
4521 0
4522 0
4523 0
4524 0
4525 0
4526 0
4527 0
4528 0
4529 0
4530 0
4531 0
4532 0
4533 0
4534 0
4535 0
4536 0
4537 0
4538 0
4539 0
4540 0
4541 0
4542 0
4543 0
4544 0
4545 0
4546 0
4547 0
4548 0
4549 0
4550 0
4551 0
4552 0
4553 0
4554 0
4555 0
4556 0
4557 0
4558 0
4559 0
4560 0
4561 0
4562 0
4563 0
4564 0
4565 0
4566 0
4567 0
4568 0
4569 0
4570 0
4571 0
4572 0
4573 0
4574 0
4575 0
4576 0
4577 0
4578 0
4579 0
4580 0
4581 0
4582 0
4583 0
4584 0
4585 0
4586 0
4587 0
4588 0
4589 0
4590 0
4591 0
4592 0
4593 0
4594 0
4595 0
4596 0
4597 0
4598 0
4599 0
4600 0
4601 0
4602 0
4603 0
4604 0
4605 0
4606 0
4607 0
4608 0
4609 0
4610 0
4611 0
4612 0
4613 0
4614 0
4615 0
4616 0
4617 0
4618 0
4619 0
4620 0
4621 0
4622 0
4623 0
4624 0
4625 0
4626 0
4627 0
4628 0
4629 0
4630 0
4631 0
4632 0
4633 0
4634 0
4635 0
4636 0
4637 0
4638 0
4639 0
4640 0
4641 0
4642 0
4643 0
4644 0
4645 0
4646 0
4647 0
4648 0
4649 0
4650 0
4651 0
4652 0
4653 0
4654 0
4655 0
4656 0
4657 0
4658 0
4659 0
4660 0
4661 0
4662 0
4663 0
4664 0
4665 0
4666 0
4667 0
4668 0
4669 0
4670 0
4671 0
4672 0
4673 0
4674 0
4675 0
4676 0
4677 0
4678 0
4679 0
4680 0
4681 0
4682 0
4683 0
4684 0
4685 0
4686 0
4687 0
4688 0
4689 0
4690 0
4691 0
4692 0
4693 0
4694 0
4695 0
4696 0
4697 0
4698 0
4699 0
4700 0
4701 0
4702 0
4703 0
4704 0
4705 0
4706 0
4707 0
4708 0
4709 0
4710 0
4711 0
4712 0
4713 0
4714 0
4715 0
4716 0
4717 0
4718 0
4719 0
4720 0
4721 0
4722 0
4723 0
4724 0
4725 0
4726 0
4727 0
4728 0
4729 0
4730 0
4731 0
4732 0
4733 0
4734 0
4735 0
4736 0
4737 0
4738 0
4739 0
4740 0
4741 0
4742 0
4743 0
4744 0
4745 0
4746 0
4747 0
4748 0
4749 0
4750 0
4751 0
4752 0
4753 0
4754 0
4755 0
4756 0
4757 0
4758 0
4759 0
4760 0
4761 0
4762 0
4763 0
4764 0
4765 0
4766 0
4767 0
4768 0
4769 0
4770 0
4771 0
4772 0
4773 0
4774 0
4775 0
4776 0
4777 0
4778 0
4779 0
4780 0
4781 0
4782 0
4783 0
4784 0
4785 0
4786 0
4787 0
4788 0
4789 0
4790 0
4791 0
4792 0
4793 0
4794 0
4795 0
4796 0
4797 0
4798 0
4799 0
4800 0
4801 0
4802 0
4803 0
4804 0
4805 0
4806 0
4807 0
4808 0
4809 0
4810 0
4811 0
4812 0
4813 0
4814 0
4815 0
4816 0
4817 0
4818 0
4819 0
4820 0
4821 0
4822 0
4823 0
4824 0
4825 0
4826 0
4827 0
4828 0
4829 0
4830 0
4831 0
4832 0
4833 0
4834 0
4835 0
4836 0
4837 0
4838 0
4839 0
4840 0
4841 0
4842 0
4843 0
4844 0
4845 0
4846 0
4847 0
4848 0
4849 0
4850 0
4851 0
4852 0
4853 0
4854 0
4855 0
4856 0
4857 0
4858 0
4859 0
4860 0
4861 0
4862 0
4863 0
4864 0
4865 0
4866 0
4867 0
4868 0
4869 0
4870 0
4871 0
4872 0
4873 0
4874 0
4875 0
4876 0
4877 0
4878 0
4879 0
4880 0
4881 0
4882 0
4883 0
4884 0
4885 0
4886 0
4887 0
4888 0
4889 0
4890 0
4891 0
4892 0
4893 0
4894 0
4895 0
4896 0
4897 0
4898 0
4899 0
4900 0
4901 0
4902 0
4903 0
4904 0
4905 0
4906 0
4907 0
4908 0
4909 0
4910 0
4911 0
4912 0
4913 0
4914 0
4915 0
4916 0
4917 0
4918 0
4919 0
4920 0
4921 0
4922 0
4923 0
4924 0
4925 0
4926 0
4927 0
4928 0
4929 0
4930 0
4931 0
4932 0
4933 0
4934 0
4935 0
4936 0
4937 0
4938 0
4939 0
4940 0
4941 0
4942 0
4943 0
4944 0
4945 0
4946 0
4947 0
4948 0
4949 0
4950 0
4951 0
4952 0
4953 0
4954 0
4955 0
4956 0
4957 0
4958 0
4959 0
4960 0
4961 0
4962 0
4963 0
4964 0
4965 0
4966 0
4967 0
4968 0
4969 0
4970 0
4971 0
4972 0
4973 0
4974 0
4975 0
4976 0
4977 0
4978 0
4979 0
4980 0
4981 0
4982 0
4983 0
4984 0
4985 0
4986 0
4987 0
4988 0
4989 0
4990 0
4991 0
4992 0
4993 0
4994 0
4995 0
4996 0
4997 0
4998 0
4999 0
5000 0
5001 0
5002 0
5003 0
5004 0
5005 0
5006 0
5007 0
5008 0
5009 0
5010 0
5011 0
5012 0
5013 0
5014 0
5015 0
5016 0
5017 0
5018 0
5019 0
5020 0
5021 0
5022 0
5023 0
5024 0
5025 0
5026 0
5027 0
5028 0
5029 0
5030 0
5031 0
5032 0
5033 0
5034 0
5035 0
5036 0
5037 0
5038 0
5039 0
5040 0
5041 0
5042 0
5043 0
5044 0
5045 0
5046 0
5047 0
5048 0
5049 0
5050 0
5051 0
5052 0
5053 0
5054 0
5055 0
5056 0
5057 0
5058 0
5059 0
5060 0
5061 0
5062 0
5063 0
5064 0
5065 0
5066 0
5067 0
5068 0
5069 0
5070 0
5071 0
5072 0
5073 0
5074 0
5075 0
5076 0
5077 0
5078 0
5079 0
5080 0
5081 0
5082 0
5083 0
5084 0
5085 0
5086 0
5087 0
5088 0
5089 0
5090 0
5091 0
5092 0
5093 0
5094 0
5095 0
5096 0
5097 0
5098 0
5099 0
5100 0
5101 0
5102 0
5103 0
5104 0
5105 0
5106 0
5107 0
5108 0
5109 0
5110 0
5111 0
5112 0
5113 0
5114 0
5115 0
5116 0
5117 0
5118 0
5119 0
5120 0
5121 0
5122 0
5123 0
5124 0
5125 0
5126 0
5127 0
5128 0
5129 0
5130 0
5131 0
5132 0
5133 0
5134 0
5135 0
5136 0
5137 0
5138 0
5139 0
5140 0
5141 0
5142 0
5143 0
5144 0
5145 0
5146 0
5147 0
5148 0
5149 0
5150 0
5151 0
5152 0
5153 0
5154 0
5155 0
5156 0
5157 0
5158 0
5159 0
5160 0
5161 0
5162 0
5163 0
5164 0
5165 0
5166 0
5167 0
5168 0
5169 0
5170 0
5171 0
5172 0
5173 0
5174 0
5175 0
5176 0
5177 0
5178 0
5179 0
5180 0
5181 0
5182 0
5183 0
5184 0
5185 0
5186 0
5187 0
5188 0
5189 0
5190 0
5191 0
5192 0
5193 0
5194 0
5195 0
5196 0
5197 0
5198 0
5199 0
5200 0
5201 0
5202 0
5203 0
5204 0
5205 0
5206 0
5207 0
5208 0
5209 0
5210 0
5211 0
5212 0
5213 0
5214 0
5215 0
5216 0
5217 0
5218 0
5219 0
5220 0
5221 0
5222 0
5223 0
5224 0
5225 0
5226 0
5227 0
5228 0
5229 0
5230 0
5231 0
5232 0
5233 0
5234 0
5235 0
5236 0
5237 0
5238 0
5239 0
5240 0
5241 0
5242 0
5243 0
5244 0
5245 0
5246 0
5247 0
5248 0
5249 0
5250 0
5251 0
5252 0
5253 0
5254 0
5255 0
5256 0
5257 0
5258 0
5259 0
5260 0
5261 0
5262 0
5263 0
5264 0
5265 0
5266 0
5267 0
5268 0
5269 0
5270 0
5271 0
5272 0
5273 0
5274 0
5275 0
5276 0
5277 0
5278 0
5279 0
5280 0
5281 0
5282 0
5283 0
5284 0
5285 0
5286 0
5287 0
5288 0
5289 0
5290 0
5291 0
5292 0
5293 0
5294 0
5295 0
5296 0
5297 0
5298 0
5299 0
5300 0
5301 0
5302 0
5303 0
5304 0
5305 0
5306 0
5307 0
5308 0
5309 0
5310 0
5311 0
5312 0
5313 0
5314 0
5315 0
5316 0
5317 0
5318 0
5319 0
5320 0
5321 0
5322 0
5323 0
5324 0
5325 0
5326 0
5327 0
5328 0
5329 0
5330 0
5331 0
5332 0
5333 0
5334 0
5335 0
5336 0
5337 0
5338 0
5339 0
5340 0
5341 0
5342 0
5343 0
5344 0
5345 0
5346 0
5347 0
5348 0
5349 0
5350 0
5351 0
5352 0
5353 0
5354 0
5355 0
5356 0
5357 0
5358 0
5359 0
5360 0
5361 0
5362 0
5363 0
5364 0
5365 0
5366 0
5367 0
5368 0
5369 0
5370 0
5371 0
5372 0
5373 0
5374 0
5375 0
5376 0
5377 0
5378 0
5379 0
5380 0
5381 0
5382 0
5383 0
5384 0
5385 0
5386 0
5387 0
5388 0
5389 0
5390 0
5391 0
5392 0
5393 0
5394 0
5395 0
5396 0
5397 0
5398 0
5399 0
5400 0
5401 0
5402 0
5403 0
5404 0
5405 0
5406 0
5407 0
5408 0
5409 0
5410 0
5411 0
5412 0
5413 0
5414 0
5415 0
5416 0
5417 0
5418 0
5419 0
5420 0
5421 0
5422 0
5423 0
5424 0
5425 0
5426 0
5427 0
5428 0
5429 0
5430 0
5431 0
5432 0
5433 0
5434 0
5435 0
5436 0
5437 0
5438 0
5439 0
5440 0
5441 0
5442 0
5443 0
5444 0
5445 0
5446 0
5447 0
5448 0
5449 0
5450 0
5451 0
5452 0
5453 0
5454 0
5455 0
5456 0
5457 0
5458 0
5459 0
5460 0
5461 0
5462 0
5463 0
5464 0
5465 0
5466 0
5467 0
5468 0
5469 0
5470 0
5471 0
5472 0
5473 0
5474 0
5475 0
5476 0
5477 0
5478 0
5479 0
5480 0
5481 0
5482 0
5483 0
5484 0
5485 0
5486 0
5487 0
5488 0
5489 0
5490 0
5491 0
5492 0
5493 0
5494 0
5495 0
5496 0
5497 0
5498 0
5499 0
5500 0
5501 0
5502 0
5503 0
5504 0
5505 0
5506 0
5507 0
5508 0
5509 0
5510 0
5511 0
5512 0
5513 0
5514 0
5515 0
5516 0
5517 0
5518 0
5519 0
5520 0
5521 0
5522 0
5523 0
5524 0
5525 0
5526 0
5527 0
5528 0
5529 0
5530 0
5531 0
5532 0
5533 0
5534 0
5535 0
5536 0
5537 0
5538 0
5539 0
5540 0
5541 0
5542 0
5543 0
5544 0
5545 0
5546 0
5547 0
5548 0
5549 0
5550 0
5551 0
5552 0
5553 0
5554 0
5555 0
5556 0
5557 0
5558 0
5559 0
5560 0
5561 0
5562 0
5563 0
5564 0
5565 0
5566 0
5567 0
5568 0
5569 0
5570 0
5571 0
5572 0
5573 0
5574 0
5575 0
5576 0
5577 0
5578 0
5579 0
5580 0
5581 0
5582 0
5583 0
5584 0
5585 0
5586 0
5587 0
5588 0
5589 0
5590 0
5591 0
5592 0
5593 0
5594 0
5595 0
5596 0
5597 0
5598 0
5599 0
5600 0
5601 0
5602 0
5603 0
5604 0
5605 0
5606 0
5607 0
5608 0
5609 0
5610 0
5611 0
5612 0
5613 0
5614 0
5615 0
5616 0
5617 0
5618 0
5619 0
5620 0
5621 0
5622 0
5623 0
5624 0
5625 0
5626 0
5627 0
5628 0
5629 0
5630 0
5631 0
5632 0
5633 0
5634 0
5635 0
5636 0
5637 0
5638 0
5639 0
5640 0
5641 0
5642 0
5643 0
5644 0
5645 0
5646 0
5647 0
5648 0
5649 0
5650 0
5651 0
5652 0
5653 0
5654 0
5655 0
5656 0
5657 0
5658 0
5659 0
5660 0
5661 0
5662 0
5663 0
5664 0
5665 0
5666 0
5667 0
5668 0
5669 0
5670 0
5671 0
5672 0
5673 0
5674 0
5675 0
5676 0
5677 0
5678 0
5679 0
5680 0
5681 0
5682 0
5683 0
5684 0
5685 0
5686 0
5687 0
5688 0
5689 0
5690 0
5691 0
5692 0
5693 0
5694 0
5695 0
5696 0
5697 0
5698 0
5699 0
5700 0
5701 0
5702 0
5703 0
5704 0
5705 0
5706 0
5707 0
5708 0
5709 0
5710 0
5711 0
5712 0
5713 0
5714 0
5715 0
5716 0
5717 0
5718 0
5719 0
5720 0
5721 0
5722 0
5723 0
5724 0
5725 0
5726 0
5727 0
5728 0
5729 0
5730 0
5731 0
5732 0
5733 0
5734 0
5735 0
5736 0
5737 0
5738 0
5739 0
5740 0
5741 0
5742 0
5743 0
5744 0
5745 0
5746 0
5747 0
5748 0
5749 0
5750 0
5751 0
5752 0
5753 0
5754 0
5755 0
5756 0
5757 0
5758 0
5759 0
5760 0
5761 0
5762 0
5763 0
5764 0
5765 0
5766 0
5767 0
5768 0
5769 0
5770 0
5771 0
5772 0
5773 0
5774 0
5775 0
5776 0
5777 0
5778 0
5779 0
5780 0
5781 0
5782 0
5783 0
5784 0
5785 0
5786 0
5787 0
5788 0
5789 0
5790 0
5791 0
5792 0
5793 0
5794 0
5795 0
5796 0
5797 0
5798 0
5799 0
5800 0
5801 0
5802 0
5803 0
5804 0
5805 0
5806 0
5807 0
5808 0
5809 0
5810 0
5811 0
5812 0
5813 0
5814 0
5815 0
5816 0
5817 0
5818 0
5819 0
5820 0
5821 0
5822 0
5823 0
5824 0
5825 0
5826 0
5827 0
5828 0
5829 0
5830 0
5831 0
5832 0
5833 0
5834 0
5835 0
5836 0
5837 0
5838 0
5839 0
5840 0
5841 0
5842 0
5843 0
5844 0
5845 0
5846 0
5847 0
5848 0
5849 0
5850 0
5851 0
5852 0
5853 0
5854 0
5855 0
5856 0
5857 0
5858 0
5859 0
5860 0
5861 0
5862 0
5863 0
5864 0
5865 0
5866 0
5867 0
5868 0
5869 0
5870 0
5871 0
5872 0
5873 0
5874 0
5875 0
5876 0
5877 0
5878 0
5879 0
5880 0
5881 0
5882 0
5883 0
5884 0
5885 0
5886 0
5887 0
5888 0
5889 0
5890 0
5891 0
5892 0
5893 0
5894 0
5895 0
5896 0
5897 0
5898 0
5899 0
5900 0
5901 0
5902 0
5903 0
5904 0
5905 0
5906 0
5907 0
5908 0
5909 0
5910 0
5911 0
5912 0
5913 0
5914 0
5915 0
5916 0
5917 0
5918 0
5919 0
5920 0
5921 0
5922 0
5923 0
5924 0
5925 0
5926 0
5927 0
5928 0
5929 0
5930 0
5931 0
5932 0
5933 0
5934 0
5935 0
5936 0
5937 0
5938 0
5939 0
5940 0
5941 0
5942 0
5943 0
5944 0
5945 0
5946 0
5947 0
5948 0
5949 0
5950 0
5951 0
5952 0
5953 0
5954 0
5955 0
5956 0
5957 0
5958 0
5959 0
5960 0
5961 0
5962 0
5963 0
5964 0
5965 0
5966 0
5967 0
5968 0
5969 0
5970 0
5971 0
5972 0
5973 0
5974 0
5975 0
5976 0
5977 0
5978 0
5979 0
5980 0
5981 0
5982 0
5983 0
5984 0
5985 0
5986 0
5987 0
5988 0
5989 0
5990 0
5991 0
5992 0
5993 0
5994 0
5995 0
5996 0
5997 0
5998 0
5999 0
6000 0
6001 0
6002 0
6003 0
6004 0
6005 0
6006 0
6007 0
6008 0
6009 0
6010 0
6011 0
6012 0
6013 0
6014 0
6015 0
6016 0
6017 0
6018 0
6019 0
6020 0
6021 0
6022 0
6023 0
6024 0
6025 0
6026 0
6027 0
6028 0
6029 0
6030 0
6031 0
6032 0
6033 0
6034 0
6035 0
6036 0
6037 0
6038 0
6039 0
6040 0
6041 0
6042 0
6043 0
6044 0
6045 0
6046 0
6047 0
6048 0
6049 0
6050 0
6051 0
6052 0
6053 0
6054 0
6055 0
6056 0
6057 0
6058 0
6059 0
6060 0
6061 0
6062 0
6063 0
6064 0
6065 0
6066 0
6067 0
6068 0
6069 0
6070 0
6071 0
6072 0
6073 0
6074 0
6075 0
6076 0
6077 0
6078 0
6079 0
6080 0
6081 0
6082 0
6083 0
6084 0
6085 0
6086 0
6087 0
6088 0
6089 0
6090 0
6091 0
6092 0
6093 0
6094 0
6095 0
6096 0
6097 0
6098 0
6099 0
6100 0
6101 0
6102 0
6103 0
6104 0
6105 0
6106 0
6107 0
6108 0
6109 0
6110 0
6111 0
6112 0
6113 0
6114 0
6115 0
6116 0
6117 0
6118 0
6119 0
6120 0
6121 0
6122 0
6123 0
6124 0
6125 0
6126 0
6127 0
6128 0
6129 0
6130 0
6131 0
6132 0
6133 0
6134 0
6135 0
6136 0
6137 0
6138 0
6139 0
6140 0
6141 0
6142 0
6143 0
6144 0
6145 0
6146 0
6147 0
6148 0
6149 0
6150 0
6151 0
6152 0
6153 0
6154 0
6155 0
6156 0
6157 0
6158 0
6159 0
6160 0
6161 0
6162 0
6163 0
6164 0
6165 0
6166 0
6167 0
6168 0
6169 0
6170 0
6171 0
6172 0
6173 0
6174 0
6175 0
6176 0
6177 0
6178 0
6179 0
6180 0
6181 0
6182 0
6183 0
6184 0
6185 0
6186 0
6187 0
6188 0
6189 0
6190 0
6191 0
6192 0
6193 0
6194 0
6195 0
6196 0
6197 0
6198 0
6199 0
6200 0
6201 0
6202 0
6203 0
6204 0
6205 0
6206 0
6207 0
6208 0
6209 0
6210 0
6211 0
6212 0
6213 0
6214 0
6215 0
6216 0
6217 0
6218 0
6219 0
6220 0
6221 0
6222 0
6223 0
6224 0
6225 0
6226 0
6227 0
6228 0
6229 0
6230 0
6231 0
6232 0
6233 0
6234 0
6235 0
6236 0
6237 0
6238 0
6239 0
6240 0
6241 0
6242 0
6243 0
6244 0
6245 0
6246 0
6247 0
6248 0
6249 0
6250 0
6251 0
6252 0
6253 0
6254 0
6255 0
6256 0
6257 0
6258 0
6259 0
6260 0
6261 0
6262 0
6263 0
6264 0
6265 0
6266 0
6267 0
6268 0
6269 0
6270 0
6271 0
6272 0
6273 0
6274 0
6275 0
6276 0
6277 0
6278 0
6279 0
6280 0
6281 0
6282 0
6283 0
6284 0
6285 0
6286 0
6287 0
6288 0
6289 0
6290 0
6291 0
6292 0
6293 0
6294 0
6295 0
6296 0
6297 0
6298 0
6299 0
6300 0
6301 0
6302 0
6303 0
6304 0
6305 0
6306 0
6307 0
6308 0
6309 0
6310 0
6311 0
6312 0
6313 0
6314 0
6315 0
6316 0
6317 0
6318 0
6319 0
6320 0
6321 0
6322 0
6323 0
6324 0
6325 0
6326 0
6327 0
6328 0
6329 0
6330 0
6331 0
6332 0
6333 0
6334 0
6335 0
6336 0
6337 0
6338 0
6339 0
6340 0
6341 0
6342 0
6343 0
6344 0
6345 0
6346 0
6347 0
6348 0
6349 0
6350 0
6351 0
6352 0
6353 0
6354 0
6355 0
6356 0
6357 0
6358 0
6359 0
6360 0
6361 0
6362 0
6363 0
6364 0
6365 0
6366 0
6367 0
6368 0
6369 0
6370 0
6371 0
6372 0
6373 0
6374 0
6375 0
6376 0
6377 0
6378 0
6379 0
6380 0
6381 0
6382 0
6383 0
6384 0
6385 0
6386 0
6387 0
6388 0
6389 0
6390 0
6391 0
6392 0
6393 0
6394 0
6395 0
6396 0
6397 0
6398 0
6399 0
6400 0
6401 0
6402 0
6403 0
6404 0
6405 0
6406 0
6407 0
6408 0
6409 0
6410 0
6411 0
6412 0
6413 0
6414 0
6415 0
6416 0
6417 0
6418 0
6419 0
6420 0
6421 0
6422 0
6423 0
6424 0
6425 0
6426 0
6427 0
6428 0
6429 0
6430 0
6431 0
6432 0
6433 0
6434 0
6435 0
6436 0
6437 0
6438 0
6439 0
6440 0
6441 0
6442 0
6443 0
6444 0
6445 0
6446 0
6447 0
6448 0
6449 0
6450 0
6451 0
6452 0
6453 0
6454 0
6455 0
6456 0
6457 0
6458 0
6459 0
6460 0
6461 0
6462 0
6463 0
6464 0
6465 0
6466 0
6467 0
6468 0
6469 0
6470 0
6471 0
6472 0
6473 0
6474 0
6475 0
6476 0
6477 0
6478 0
6479 0
6480 0
6481 0
6482 0
6483 0
6484 0
6485 0
6486 0
6487 0
6488 0
6489 0
6490 0
6491 0
6492 0
6493 0
6494 0
6495 0
6496 0
6497 0
6498 0
6499 0
6500 0
6501 0
6502 0
6503 0
6504 0
6505 0
6506 0
6507 0
6508 0
6509 0
6510 0
6511 0
6512 0
6513 0
6514 0
6515 0
6516 0
6517 0
6518 0
6519 0
6520 0
6521 0
6522 0
6523 0
6524 0
6525 0
6526 0
6527 0
6528 0
6529 0
6530 0
6531 0
6532 0
6533 0
6534 0
6535 0
6536 0
6537 0
6538 0
6539 0
6540 0
6541 0
6542 0
6543 0
6544 0
6545 0
6546 0
6547 0
6548 0
6549 0
6550 0
6551 0
6552 0
6553 0
6554 0
6555 0
6556 0
6557 0
6558 0
6559 0
6560 0
6561 0
6562 0
6563 0
6564 0
6565 0
6566 0
6567 0
6568 0
6569 0
6570 0
6571 0
6572 0
6573 0
6574 0
6575 0
6576 0
6577 0
6578 0
6579 0
6580 0
6581 0
6582 0
6583 0
6584 0
6585 0
6586 0
6587 0
6588 0
6589 0
6590 0
6591 0
6592 0
6593 0
6594 0
6595 0
6596 0
6597 0
6598 0
6599 0
6600 0
6601 0
6602 0
6603 0
6604 0
6605 0
6606 0
6607 0
6608 0
6609 0
6610 0
6611 0
6612 0
6613 0
6614 0
6615 0
6616 0
6617 0
6618 0
6619 0
6620 0
6621 0
6622 0
6623 0
6624 0
6625 0
6626 0
6627 0
6628 0
6629 0
6630 0
6631 0
6632 0
6633 0
6634 0
6635 0
6636 0
6637 0
6638 0
6639 0
6640 0
6641 0
6642 0
6643 0
6644 0
6645 0
6646 0
6647 0
6648 0
6649 0
6650 0
6651 0
6652 0
6653 0
6654 0
6655 0
6656 0
6657 0
6658 0
6659 0
6660 0
6661 0
6662 0
6663 0
6664 0
6665 0
6666 0
6667 0
6668 0
6669 0
6670 0
6671 0
6672 0
6673 0
6674 0
6675 0
6676 0
6677 0
6678 0
6679 0
6680 0
6681 0
6682 0
6683 0
6684 0
6685 0
6686 0
6687 0
6688 0
6689 0
6690 0
6691 0
6692 0
6693 0
6694 0
6695 0
6696 0
6697 0
6698 0
6699 0
6700 0
6701 0
6702 0
6703 0
6704 0
6705 0
6706 0
6707 0
6708 0
6709 0
6710 0
6711 0
6712 0
6713 0
6714 0
6715 0
6716 0
6717 0
6718 0
6719 0
6720 0
6721 0
6722 0
6723 0
6724 0
6725 0
6726 0
6727 0
6728 0
6729 0
6730 0
6731 0
6732 0
6733 0
6734 0
6735 0
6736 0
6737 0
6738 0
6739 0
6740 0
6741 0
6742 0
6743 0
6744 0
6745 0
6746 0
6747 0
6748 0
6749 0
6750 0
6751 0
6752 0
6753 0
6754 0
6755 0
6756 0
6757 0
6758 0
6759 0
6760 0
6761 0
6762 0
6763 0
6764 0
6765 0
6766 0
6767 0
6768 0
6769 0
6770 0
6771 0
6772 0
6773 0
6774 0
6775 0
6776 0
6777 0
6778 0
6779 0
6780 0
6781 0
6782 0
6783 0
6784 0
6785 0
6786 0
6787 0
6788 0
6789 0
6790 0
6791 0
6792 0
6793 0
6794 0
6795 0
6796 0
6797 0
6798 0
6799 0
6800 0
6801 0
6802 0
6803 0
6804 0
6805 0
6806 0
6807 0
6808 0
6809 0
6810 0
6811 0
6812 0
6813 0
6814 0
6815 0
6816 0
6817 0
6818 0
6819 0
6820 0
6821 0
6822 0
6823 0
6824 0
6825 0
6826 0
6827 0
6828 0
6829 0
6830 0
6831 0
6832 0
6833 0
6834 0
6835 0
6836 0
6837 0
6838 0
6839 0
6840 0
6841 0
6842 0
6843 0
6844 0
6845 0
6846 0
6847 0
6848 0
6849 0
6850 0
6851 0
6852 0
6853 0
6854 0
6855 0
6856 0
6857 0
6858 0
6859 0
6860 0
6861 0
6862 0
6863 0
6864 0
6865 0
6866 0
6867 0
6868 0
6869 0
6870 0
6871 0
6872 0
6873 0
6874 0
6875 0
6876 0
6877 0
6878 0
6879 0
6880 0
6881 0
6882 0
6883 0
6884 0
6885 0
6886 0
6887 0
6888 0
6889 0
6890 0
6891 0
6892 0
6893 0
6894 0
6895 0
6896 0
6897 0
6898 0
6899 0
6900 0
6901 0
6902 0
6903 0
6904 0
6905 0
6906 0
6907 0
6908 0
6909 0
6910 0
6911 0
6912 0
6913 0
6914 0
6915 0
6916 0
6917 0
6918 0
6919 0
6920 0
6921 0
6922 0
6923 0
6924 0
6925 0
6926 0
6927 0
6928 0
6929 0
6930 0
6931 0
6932 0
6933 0
6934 0
6935 0
6936 0
6937 0
6938 0
6939 0
6940 0
6941 0
6942 0
6943 0
6944 0
6945 0
6946 0
6947 0
6948 0
6949 0
6950 0
6951 0
6952 0
6953 0
6954 0
6955 0
6956 0
6957 0
6958 0
6959 0
6960 0
6961 0
6962 0
6963 0
6964 0
6965 0
6966 0
6967 0
6968 0
6969 0
6970 0
6971 0
6972 0
6973 0
6974 0
6975 0
6976 0
6977 0
6978 0
6979 0
6980 0
6981 0
6982 0
6983 0
6984 0
6985 0
6986 0
6987 0
6988 0
6989 0
6990 0
6991 0
6992 0
6993 0
6994 0
6995 0
6996 0
6997 0
6998 0
6999 0
7000 0
7001 0
7002 0
7003 0
7004 0
7005 0
7006 0
7007 0
7008 0
7009 0
7010 0
7011 0
7012 0
7013 0
7014 0
7015 0
7016 0
7017 0
7018 0
7019 0
7020 0
7021 0
7022 0
7023 0
7024 0
7025 0
7026 0
7027 0
7028 0
7029 0
7030 0
7031 0
7032 0
7033 0
7034 0
7035 0
7036 0
7037 0
7038 0
7039 0
7040 0
7041 0
7042 0
7043 0
7044 0
7045 0
7046 0
7047 0
7048 0
7049 0
7050 0
7051 0
7052 0
7053 0
7054 0
7055 0
7056 0
