29 0.0992206
30 0.10782
31 0.116429
32 0.125055
33 0.133709
34 0.1424
35 0.151135
36 0.159925
37 0.168778
38 0.177704
39 0.186712
40 0.19581
41 0.205008
42 0.214315
43 0.223739
44 0.233291
45 0.242978
46 0.252811
47 0.262797
48 0.272947
49 0.28327
50 0.293773
51 0.304467
52 0.31536
53 0.326462
54 0.337782
55 0.349328
56 0.36111
57 0.373136
58 0.385417
59 0.397959
59 0.410765
60 0.423829
61 0.437149
62 0.45072
63 0.464539
64 0.478603
65 0.492907
66 0.507448
67 0.522222
68 0.537225
69 0.552455
70 0.567907
71 0.583577
72 0.599461
73 0.615557
74 0.631861
75 0.648368
76 0.665074
77 0.681978
78 0.699074
79 0.716358
80 0.733829
81 0.75148
82 0.76931
83 0.787313
84 0.805488
85 0.823829
86 0.842333
87 0.860996
88 0.879817
89 0.898794
90 0.917927
91 0.937214
92 0.956656
93 0.976251
94 0.996
95 1.0159
96 1.03595
97 1.05616
98 1.07651
99 1.09701
100 1.11766
101 1.13846
102 1.15941
103 1.18051
104 1.20175
105 1.22313
106 1.24466
107 1.26634
108 1.28816
109 1.31012
110 1.33222
111 1.35447
112 1.37686
113 1.39938
114 1.42205
115 1.44485
116 1.4678
117 1.49088
118 1.51409
119 1.53744
120 1.56093
121 1.58454
122 1.60828
123 1.63215
124 1.65615
125 1.68027
126 1.70451
127 1.72887
128 1.75335
129 1.77794
130 1.80266
131 1.82748
132 1.85242
133 1.87747
134 1.90262
135 1.92789
136 1.95326
137 1.97873
138 2.0043
139 2.02997
140 2.05575
141 2.08161
142 2.10758
143 2.13363
144 2.15978
145 2.18601
146 2.21234
147 2.23875
148 2.26525
149 2.29183
150 2.31849
151 2.34523
152 2.37205
153 2.39895
154 2.42592
155 2.45297
156 2.48009
157 2.50728
158 2.53454
159 2.56187
160 2.58926
161 2.61672
162 2.64425
163 2.67183
164 2.69948
165 2.72719
166 2.75495
167 2.78277
168 2.81065
169 2.83857
170 2.86655
171 2.89458
172 2.92266
173 2.95079
174 2.97896
175 3.00717
176 3.03543
177 3.06372
178 3.09206
179 3.12044
180 3.14885
181 3.17729
182 3.20577
183 3.23428
184 3.26283
185 3.2914
186 3.32
187 3.34862
188 3.37727
189 3.40594
190 3.43464
191 3.46335
192 3.49208
193 3.52083
194 3.5496
195 3.57838
196 3.60717
197 3.63597
198 3.66479
199 3.69361
200 3.72244
201 3.75127
202 3.7801
203 3.80894
204 3.83778
205 3.86662
206 3.89546
207 3.92429
208 3.95312
209 3.98194
210 4.01075
211 4.03956
212 4.06835
213 4.09714
214 4.12591
215 4.15466
216 4.1834
217 4.21213
218 4.24084
219 4.26952
220 4.29819
221 4.32684
222 4.35546
223 4.38406
224 4.41263
225 4.44117
226 4.46969
227 4.49818
228 4.52663
229 4.55506
230 4.58345
231 4.6118
232 4.64012
233 4.66841
234 4.69665
235 4.72485
236 4.75301
237 4.78113
238 4.80921
239 4.83724
240 4.86523
241 4.89317
242 4.92106
243 4.9489
244 4.97669
245 5.00444
246 5.03213
247 5.05976
248 5.08735
249 5.11488
250 5.14235
251 5.16976
252 5.19712
253 5.22442
254 5.25166
255 5.27883
256 5.30594
257 5.333
258 5.35998
259 5.3869
260 5.41375
261 5.44054
262 5.46726
263 5.4939
264 5.52048
265 5.54698
266 5.57341
267 5.59977
268 5.62606
269 5.65226
270 5.67839
271 5.70445
272 5.73042
273 5.75632
274 5.78214
275 5.80788
276 5.83354
277 5.85911
278 5.8846
279 5.91001
280 5.93534
281 5.96058
282 5.98573
283 6.0108
284 6.03578
285 6.06067
286 6.08547
287 6.11019
288 6.13481
289 6.15934
290 6.18378
291 6.20813
292 6.23238
293 6.25653
294 6.2806
295 6.30456
296 6.32843
297 6.3522
298 6.37588
299 6.39945
300 6.42293
300 6.4463
301 6.46958
302 6.49275
303 6.51582
304 6.5388
305 6.56167
306 6.58443
307 6.6071
308 6.62966
309 6.65211
310 6.67447
311 6.69671
312 6.71885
313 6.74089
314 6.76282
315 6.78464
316 6.80635
317 6.82796
318 6.84945
319 6.87084
320 6.89212
321 6.91329
322 6.93435
323 6.95529
324 6.97613
325 6.99685
326 7.01746
327 7.03796
328 7.05834
329 7.07862
330 7.09877
331 7.11882
332 7.13875
333 7.15856
334 7.17826
335 7.19785
336 7.21732
337 7.23667
338 7.25591
339 7.27504
340 7.29404
341 7.31294
342 7.33171
343 7.35037
344 7.36891
345 7.38733
346 7.40563
347 7.42382
348 7.44189
349 7.45984
350 7.47767
351 7.49538
352 7.51298
353 7.53045
354 7.5478
355 7.56504
356 7.58215
357 7.59915
358 7.61602
359 7.63277
360 7.6494
361 7.66591
362 7.6823
363 7.69857
364 7.71472
365 7.73075
366 7.74665
367 7.76244
368 7.7781
369 7.79365
370 7.80907
371 7.82437
372 7.83956
373 7.85462
374 7.86956
375 7.88438
376 7.89907
377 7.91365
378 7.92811
379 7.94244
380 7.95666
381 7.97075
382 7.98472
383 7.99857
384 8.0123
385 8.02591
386 8.0394
387 8.05277
388 8.06601
389 8.07914
390 8.09214
391 8.10502
392 8.11778
393 8.13042
394 8.14295
395 8.15535
396 8.16763
397 8.17979
398 8.19183
399 8.20375
400 8.21555
401 8.22724
402 8.2388
403 8.25024
404 8.26157
405 8.27278
406 8.28387
407 8.29484
408 8.30569
409 8.31642
410 8.32704
411 8.33754
412 8.34792
413 8.35819
414 8.36833
415 8.37836
416 8.38827
417 8.39807
418 8.40775
419 8.41731
420 8.42676
421 8.43609
422 8.4453
423 8.4544
424 8.46339
425 8.47226
426 8.48101
427 8.48965
428 8.49818
429 8.50659
430 8.51489
431 8.52307
432 8.53115
433 8.5391
434 8.54695
435 8.55469
436 8.56231
437 8.56982
438 8.57722
439 8.58451
440 8.59169
441 8.59876
442 8.60572
443 8.61257
444 8.6193
445 8.62593
446 8.63245
447 8.63887
448 8.64517
449 8.65136
450 8.65745
451 8.66343
452 8.6693
453 8.67507
454 8.68073
455 8.68628
456 8.69173
457 8.69707
458 8.70231
459 8.70744
460 8.71247
461 8.71739
462 8.72221
463 8.72693
464 8.73154
465 8.73605
466 8.74046
467 8.74477
468 8.74897
469 8.75308
470 8.75708
471 8.76099
472 8.76479
473 8.7685
474 8.7721
475 8.77561
476 8.77902
477 8.78233
478 8.78554
479 8.78866
480 8.79168
481 8.7946
482 8.79743
483 8.80016
484 8.8028
485 8.80534
486 8.80779
487 8.81014
488 8.8124
489 8.81456
490 8.81663
491 8.81862
492 8.8205
493 8.8223
494 8.824
495 8.82562
496 8.82714
497 8.82858
498 8.82992
499 8.83117
500 8.83234
501 8.83342
502 8.83441
503 8.83531
504 8.83612
505 8.83685
506 8.83749
507 8.83805
508 8.83852
509 8.8389
510 8.8392
511 8.83942
512 8.83955
513 8.8396
514 8.83956
515 8.83944
516 8.83924
517 8.83896
518 8.8386
519 8.83815
520 8.83763
521 8.83702
522 8.83634
523 8.83557
524 8.83473
525 8.8338
526 8.8328
527 8.83172
528 8.83057
529 8.82934
530 8.82803
531 8.82664
532 8.82518
533 8.82364
534 8.82203
535 8.82035
536 8.81859
537 8.81676
538 8.81485
539 8.81287
540 8.81082
541 8.8087
541 8.80651
542 8.80424
543 8.80191
544 8.7995
545 8.79703
546 8.79448
547 8.79187
548 8.78919
549 8.78644
550 8.78362
551 8.78074
552 8.77779
553 8.77477
554 8.77169
555 8.76854
556 8.76533
557 8.76205
558 8.75871
559 8.7553
560 8.75183
561 8.7483
562 8.74471
563 8.74105
564 8.73733
565 8.73355
566 8.7297
567 8.7258
568 8.72184
569 8.71782
570 8.71373
571 8.70959
572 8.70539
573 8.70113
574 8.69682
575 8.69244
576 8.68801
577 8.68352
578 8.67898
579 8.67438
580 8.66973
581 8.66502
582 8.66025
583 8.65543
584 8.65056
585 8.64563
586 8.64065
587 8.63562
588 8.63054
589 8.6254
590 8.62021
591 8.61497
592 8.60968
593 8.60434
594 8.59895
595 8.59351
596 8.58802
597 8.58248
598 8.57689
599 8.57126
600 8.56557
601 8.55984
602 8.55406
603 8.54824
604 8.54237
605 8.53645
606 8.53049
607 8.52448
608 8.51842
609 8.51233
610 8.50618
611 8.5
612 8.49377
613 8.4875
614 8.48118
615 8.47482
616 8.46842
617 8.46198
618 8.4555
619 8.44897
620 8.44241
621 8.4358
622 8.42916
623 8.42248
624 8.41575
625 8.40899
626 8.40219
627 8.39535
628 8.38848
629 8.38156
630 8.37461
631 8.36762
632 8.3606
633 8.35354
634 8.34644
635 8.33931
636 8.33214
637 8.32493
638 8.3177
639 8.31042
640 8.30312
641 8.29578
642 8.2884
643 8.281
644 8.27356
645 8.26609
646 8.25858
647 8.25105
648 8.24348
649 8.23588
650 8.22825
651 8.22059
652 8.2129
653 8.20518
654 8.19743
655 8.18966
656 8.18185
657 8.17401
658 8.16615
659 8.15826
660 8.15034
661 8.14239
662 8.13442
663 8.12641
664 8.11839
665 8.11033
666 8.10225
667 8.09414
668 8.08601
669 8.07785
670 8.06967
671 8.06146
672 8.05323
673 8.04498
674 8.0367
675 8.02839
676 8.02007
677 8.01172
678 8.00334
679 7.99495
680 7.98653
681 7.97809
682 7.96963
683 7.96115
684 7.95264
685 7.94412
686 7.93557
687 7.92701
688 7.91842
689 7.90982
690 7.90119
691 7.89255
692 7.88388
693 7.8752
694 7.8665
695 7.85778
696 7.84904
697 7.84029
698 7.83152
699 7.82273
700 7.81392
701 7.8051
702 7.79626
703 7.7874
704 7.77853
705 7.76964
706 7.76073
707 7.75181
708 7.74287
709 7.73392
710 7.72496
711 7.71597
712 7.70698
713 7.69797
714 7.68894
715 7.67991
716 7.67086
717 7.66179
718 7.65271
719 7.64362
720 7.63452
721 7.6254
722 7.61627
723 7.60713
724 7.59798
725 7.58882
726 7.57964
727 7.57045
728 7.56126
729 7.55205
730 7.54283
731 7.5336
732 7.52436
733 7.51511
734 7.50585
735 7.49658
736 7.4873
737 7.47802
738 7.46872
739 7.45941
740 7.4501
741 7.44078
742 7.43145
743 7.42211
744 7.41276
745 7.4034
746 7.39404
747 7.38467
748 7.37529
749 7.36591
750 7.35652
751 7.34712
752 7.33771
753 7.3283
754 7.31888
755 7.30946
756 7.30003
757 7.29059
758 7.28115
759 7.27171
760 7.26225
761 7.2528
762 7.24334
763 7.23387
764 7.2244
765 7.21493
766 7.20545
767 7.19596
768 7.18648
769 7.17699
770 7.16749
771 7.158
772 7.1485
773 7.13899
774 7.12949
775 7.11998
776 7.11047
777 7.10095
778 7.09144
779 7.08192
780 7.0724
781 7.06287
782 7.05335
783 7.04382
783 7.03429
784 7.02476
785 7.01523
786 7.0057
787 6.99617
788 6.98663
789 6.9771
790 6.96756
791 6.95802
792 6.94849
793 6.93895
794 6.92941
795 6.91987
796 6.91033
797 6.9008
798 6.89126
799 6.88172
800 6.87219
801 6.86265
802 6.85312
803 6.84358
804 6.83405
805 6.82452
806 6.81499
807 6.80546
808 6.79594
809 6.78641
810 6.77689
811 6.76737
812 6.75785
813 6.74833
814 6.73882
815 6.7293
816 6.71979
817 6.71028
818 6.70078
819 6.69128
820 6.68178
821 6.67228
822 6.66279
823 6.65329
824 6.64381
825 6.63432
826 6.62484
827 6.61536
828 6.60589
829 6.59642
830 6.58695
831 6.57749
832 6.56803
833 6.55858
834 6.54913
835 6.53968
836 6.53024
837 6.5208
838 6.51137
839 6.50194
840 6.49252
841 6.4831
842 6.47369
843 6.46428
844 6.45488
845 6.44548
846 6.43609
847 6.4267
848 6.41732
849 6.40794
850 6.39857
851 6.38921
852 6.37985
853 6.37049
854 6.36115
855 6.35181
856 6.34247
857 6.33314
858 6.32382
859 6.3145
860 6.30519
861 6.29589
862 6.28659
863 6.2773
864 6.26802
865 6.25874
866 6.24947
867 6.24021
868 6.23095
869 6.2217
870 6.21246
871 6.20322
872 6.19399
873 6.18477
874 6.17555
875 6.16635
876 6.15715
877 6.14795
878 6.13877
879 6.12959
880 6.12042
881 6.11126
882 6.10211
883 6.09296
884 6.08382
885 6.07469
886 6.06557
887 6.05646
888 6.04735
889 6.03825
890 6.02916
891 6.02008
892 6.01101
893 6.00195
894 5.99289
895 5.98384
896 5.97481
897 5.96577
898 5.95675
899 5.94774
900 5.93874
901 5.92974
902 5.92075
903 5.91178
904 5.90281
905 5.89385
906 5.8849
907 5.87595
908 5.86702
909 5.8581
910 5.84918
911 5.84028
912 5.83138
913 5.82249
914 5.81361
915 5.80475
916 5.79589
917 5.78704
918 5.7782
919 5.76937
920 5.76054
921 5.75173
922 5.74293
923 5.73414
924 5.72536
925 5.71658
926 5.70782
927 5.69907
928 5.69032
929 5.68159
930 5.67287
931 5.66415
932 5.65545
933 5.64675
934 5.63807
935 5.6294
936 5.62073
937 5.61208
938 5.60344
939 5.59481
940 5.58618
941 5.57757
942 5.56897
943 5.56038
944 5.55179
945 5.54322
946 5.53466
947 5.52611
948 5.51757
949 5.50904
950 5.50052
951 5.49201
952 5.48351
953 5.47503
954 5.46655
955 5.45808
956 5.44963
957 5.44118
958 5.43275
959 5.42432
960 5.41591
961 5.4075
962 5.39911
963 5.39073
964 5.38236
965 5.374
966 5.36565
967 5.35731
968 5.34898
969 5.34067
970 5.33236
971 5.32407
972 5.31578
973 5.30751
974 5.29925
975 5.291
976 5.28276
977 5.27453
978 5.26631
979 5.25811
980 5.24991
981 5.24173
982 5.23355
983 5.22539
984 5.21724
985 5.2091
986 5.20097
987 5.19285
988 5.18475
989 5.17665
990 5.16857
991 5.16049
992 5.15243
993 5.14438
994 5.13634
995 5.12831
996 5.1203
997 5.11229
998 5.1043
999 5.09631
1000 5.08834
1001 5.08038
1002 5.07243
1003 5.06449
1004 5.05657
1005 5.04865
1006 5.04075
1007 5.03286
1008 5.02498
1009 5.01711
1010 5.00925
1011 5.0014
1012 4.99357
1013 4.98574
1014 4.97793
1015 4.97013
1016 4.96234
1017 4.95456
1018 4.9468
1019 4.93904
1020 4.9313
1021 4.92357
1022 4.91585
1023 4.90814
1024 4.90044
1025 4.89276
1025 4.88508
1026 4.87742
1027 4.86977
1028 4.86213
1029 4.8545
1030 4.84688
1031 4.83928
1032 4.83168
1033 4.8241
1034 4.81653
1035 4.80897
1036 4.80142
1037 4.79389
1038 4.78636
1039 4.77885
1040 4.77135
1041 4.76386
1042 4.75638
1043 4.74891
1044 4.74145
1045 4.73401
1046 4.72658
1047 4.71916
1048 4.71175
1049 4.70435
1050 4.69696
1051 4.68958
1052 4.68222
1053 4.67487
1054 4.66752
1055 4.66019
1056 4.65287
1057 4.64557
1058 4.63827
1059 4.63099
1060 4.62371
1061 4.61645
1062 4.6092
1063 4.60196
1064 4.59474
1065 4.58752
1066 4.58032
1067 4.57312
1068 4.56594
1069 4.55877
1070 4.55161
1071 4.54446
1072 4.53733
1073 4.5302
1074 4.52309
1075 4.51599
1076 4.5089
1077 4.50182
1078 4.49475
1079 4.48769
1080 4.48065
1081 4.47361
1082 4.46659
1083 4.45958
1084 4.45258
1085 4.44559
1086 4.43861
1087 4.43165
1088 4.42469
1089 4.41775
1090 4.41081
1091 4.40389
1092 4.39698
1093 4.39008
1094 4.3832
1095 4.37632
1096 4.36946
1097 4.3626
1098 4.35576
1099 4.34893
1100 4.34211
1101 4.3353
1102 4.3285
1103 4.32171
1104 4.31494
1105 4.30818
1106 4.30142
1107 4.29468
1108 4.28795
1109 4.28123
1110 4.27452
1111 4.26783
1112 4.26114
1113 4.25446
1114 4.2478
1115 4.24115
1116 4.23451
1117 4.22788
1118 4.22126
1119 4.21465
1120 4.20805
1121 4.20147
1122 4.19489
1123 4.18833
1124 4.18177
1125 4.17523
1126 4.1687
1127 4.16218
1128 4.15567
1129 4.14917
1130 4.14269
1131 4.13621
1132 4.12974
1133 4.12329
1134 4.11685
1135 4.11041
1136 4.10399
1137 4.09758
1138 4.09118
1139 4.08479
1140 4.07841
1141 4.07204
1142 4.06569
1143 4.05934
1144 4.053
1145 4.04668
1146 4.04037
1147 4.03406
1148 4.02777
1149 4.02149
1150 4.01522
1151 4.00896
1152 4.00271
1153 3.99647
1154 3.99024
1155 3.98402
1156 3.97781
1157 3.97162
1158 3.96543
1159 3.95926
1160 3.95309
1161 3.94694
1162 3.94079
1163 3.93466
1164 3.92854
1165 3.92242
1166 3.91632
1167 3.91023
1168 3.90415
1169 3.89808
1170 3.89202
1171 3.88597
1172 3.87993
1173 3.8739
1174 3.86789
1175 3.86188
1176 3.85588
1177 3.84989
1178 3.84392
1179 3.83795
1180 3.83199
1181 3.82605
1182 3.82011
1183 3.81419
1184 3.80827
1185 3.80237
1186 3.79647
1187 3.79059
1188 3.78471
1189 3.77885
1190 3.773
1191 3.76715
1192 3.76132
1193 3.7555
1194 3.74968
1195 3.74388
1196 3.73809
1197 3.7323
1198 3.72653
1199 3.72077
1200 3.71502
1201 3.70927
1202 3.70354
1203 3.69782
1204 3.6921
1205 3.6864
1206 3.68071
1207 3.67503
1208 3.66935
1209 3.66369
1210 3.65804
1211 3.65239
1212 3.64676
1213 3.64114
1214 3.63552
1215 3.62992
1216 3.62432
1217 3.61874
1218 3.61316
1219 3.6076
1220 3.60204
1221 3.5965
1222 3.59096
1223 3.58544
1224 3.57992
1225 3.57441
1226 3.56892
1227 3.56343
1228 3.55795
1229 3.55248
1230 3.54703
1231 3.54158
1232 3.53614
1233 3.53071
1234 3.52529
1235 3.51988
1236 3.51448
1237 3.50908
1238 3.5037
1239 3.49833
1240 3.49297
1241 3.48761
1242 3.48227
1243 3.47693
1244 3.47161
1245 3.46629
1246 3.46098
1247 3.45568
1248 3.4504
1249 3.44512
1250 3.43985
1251 3.43459
1252 3.42933
1253 3.42409
1254 3.41886
1255 3.41364
1256 3.40842
1257 3.40322
1258 3.39802
1259 3.39283
1260 3.38765
1261 3.38249
1262 3.37733
1263 3.37218
1264 3.36703
1265 3.3619
1266 3.35678
1266 3.35166
1267 3.34656
1268 3.34146
1269 3.33637
1270 3.3313
1271 3.32623
1272 3.32116
1273 3.31611
1274 3.31107
1275 3.30604
1276 3.30101
1277 3.296
1278 3.29099
1279 3.28599
1280 3.281
1281 3.27602
1282 3.27105
1283 3.26608
1284 3.26113
1285 3.25618
1286 3.25125
1287 3.24632
1288 3.2414
1289 3.23649
1290 3.23159
1291 3.22669
1292 3.22181
1293 3.21693
1294 3.21206
1295 3.2072
1296 3.20235
1297 3.19751
1298 3.19268
1299 3.18785
1300 3.18304
1301 3.17823
1302 3.17343
1303 3.16864
1304 3.16386
1305 3.15909
1306 3.15432
1307 3.14956
1308 3.14482
1309 3.14008
1310 3.13535
1311 3.13062
1312 3.12591
1313 3.1212
1314 3.1165
1315 3.11182
1316 3.10713
1317 3.10246
1318 3.0978
1319 3.09314
1320 3.08849
1321 3.08385
1322 3.07922
1323 3.0746
1324 3.06998
1325 3.06538
1326 3.06078
1327 3.05619
1328 3.05161
1329 3.04703
1330 3.04247
1331 3.03791
1332 3.03336
1333 3.02882
1334 3.02428
1335 3.01976
1336 3.01524
1337 3.01073
1338 3.00623
1339 3.00174
1340 2.99725
1341 2.99277
1342 2.9883
1343 2.98384
1344 2.97939
1345 2.97494
1346 2.9705
1347 2.96607
1348 2.96165
1349 2.95724
1350 2.95283
1351 2.94843
1352 2.94404
1353 2.93965
1354 2.93528
1355 2.93091
1356 2.92655
1357 2.9222
1358 2.91785
1359 2.91352
1360 2.90919
1361 2.90486
1362 2.90055
1363 2.89624
1364 2.89194
1365 2.88765
1366 2.88337
1367 2.87909
1368 2.87482
1369 2.87056
1370 2.86631
1371 2.86206
1372 2.85782
1373 2.85359
1374 2.84937
1375 2.84515
1376 2.84094
1377 2.83674
1378 2.83254
1379 2.82836
1380 2.82418
1381 2.82
1382 2.81584
1383 2.81168
1384 2.80753
1385 2.80338
1386 2.79925
1387 2.79512
1388 2.791
1389 2.78688
1390 2.78278
1391 2.77868
1392 2.77458
1393 2.7705
1394 2.76642
1395 2.76235
1396 2.75828
1397 2.75423
1398 2.75018
1399 2.74613
1400 2.7421
1401 2.73807
1402 2.73405
1403 2.73003
1404 2.72603
1405 2.72202
1406 2.71803
1407 2.71404
1408 2.71007
1409 2.70609
1410 2.70213
1411 2.69817
1412 2.69422
1413 2.69027
1414 2.68634
1415 2.6824
1416 2.67848
1417 2.67456
1418 2.67065
1419 2.66675
1420 2.66285
1421 2.65896
1422 2.65508
1423 2.65121
1424 2.64734
1425 2.64347
1426 2.63962
1427 2.63577
1428 2.63193
1429 2.62809
1430 2.62427
1431 2.62044
1432 2.61663
1433 2.61282
1434 2.60902
1435 2.60522
1436 2.60144
1437 2.59765
1438 2.59388
1439 2.59011
1440 2.58635
1441 2.58259
1442 2.57885
1443 2.5751
1444 2.57137
1445 2.56764
1446 2.56392
1447 2.5602
1448 2.55649
1449 2.55279
1450 2.54909
1451 2.5454
1452 2.54172
1453 2.53804
1454 2.53437
1455 2.53071
1456 2.52705
1457 2.5234
1458 2.51976
1459 2.51612
1460 2.51249
1461 2.50886
1462 2.50524
1463 2.50163
1464 2.49802
1465 2.49442
1466 2.49083
1467 2.48724
1468 2.48366
1469 2.48008
1470 2.47651
1471 2.47295
1472 2.46939
1473 2.46584
1474 2.4623
1475 2.45876
1476 2.45523
1477 2.45171
1478 2.44819
1479 2.44467
1480 2.44117
1481 2.43766
1482 2.43417
1483 2.43068
1484 2.4272
1485 2.42372
1486 2.42025
1487 2.41678
1488 2.41333
1489 2.40987
1490 2.40643
1491 2.40299
1492 2.39955
1493 2.39612
1494 2.3927
1495 2.38928
1496 2.38587
1497 2.38247
1498 2.37907
1499 2.37567
1500 2.37229
1501 2.3689
1502 2.36553
1503 2.36216
1504 2.35879
1505 2.35544
1506 2.35208
1507 2.34874
1507 2.3454
1508 2.34206
1509 2.33873
1510 2.33541
1511 2.33209
1512 2.32878
1513 2.32547
1514 2.32217
1515 2.31887
1516 2.31558
1517 2.3123
1518 2.30902
1519 2.30575
1520 2.30248
1521 2.29922
1522 2.29597
1523 2.29272
1524 2.28947
1525 2.28623
1526 2.283
1527 2.27977
1528 2.27655
1529 2.27333
1530 2.27012
1531 2.26692
1532 2.26372
1533 2.26052
1534 2.25733
1535 2.25415
1536 2.25097
1537 2.2478
1538 2.24463
1539 2.24147
1540 2.23831
1541 2.23516
1542 2.23201
1543 2.22887
1544 2.22574
1545 2.22261
1546 2.21949
1547 2.21637
1548 2.21325
1549 2.21015
1550 2.20704
1551 2.20395
1552 2.20085
1553 2.19777
1554 2.19468
1555 2.19161
1556 2.18854
1557 2.18547
1558 2.18241
1559 2.17936
1560 2.1763
1561 2.17326
1562 2.17022
1563 2.16719
1564 2.16416
1565 2.16113
1566 2.15811
1567 2.1551
1568 2.15209
1569 2.14909
1570 2.14609
1571 2.14309
1572 2.1401
1573 2.13712
1574 2.13414
1575 2.13117
1576 2.1282
1577 2.12524
1578 2.12228
1579 2.11933
1580 2.11638
1581 2.11344
1582 2.1105
1583 2.10756
1584 2.10464
1585 2.10171
1586 2.09879
1587 2.09588
1588 2.09297
1589 2.09007
1590 2.08717
1591 2.08428
1592 2.08139
1593 2.0785
1594 2.07563
1595 2.07275
1596 2.06988
1597 2.06702
1598 2.06416
1599 2.0613
1600 2.05845
1601 2.05561
1602 2.05277
1603 2.04993
1604 2.0471
1605 2.04428
1606 2.04146
1607 2.03864
1608 2.03583
1609 2.03302
1610 2.03022
1611 2.02742
1612 2.02463
1613 2.02184
1614 2.01906
1615 2.01628
1616 2.01351
1617 2.01074
1618 2.00797
1619 2.00521
1620 2.00246
1621 1.99971
1622 1.99696
1623 1.99422
1624 1.99148
1625 1.98875
1626 1.98602
1627 1.9833
1628 1.98058
1629 1.97787
1630 1.97516
1631 1.97246
1632 1.96976
1633 1.96706
1634 1.96437
1635 1.96168
1636 1.959
1637 1.95632
1638 1.95365
1639 1.95098
1640 1.94832
1641 1.94566
1642 1.943
1643 1.94035
1644 1.93771
1645 1.93506
1646 1.93243
1647 1.92979
1648 1.92716
1649 1.92454
1650 1.92192
1651 1.9193
1652 1.91669
1653 1.91409
1654 1.91148
1655 1.90889
1656 1.90629
1657 1.9037
1658 1.90112
1659 1.89854
1660 1.89596
1661 1.89339
1662 1.89082
1663 1.88826
1664 1.8857
1665 1.88314
1666 1.88059
1667 1.87804
1668 1.8755
1669 1.87296
1670 1.87043
1671 1.8679
1672 1.86537
1673 1.86285
1674 1.86034
1675 1.85782
1676 1.85531
1677 1.85281
1678 1.85031
1679 1.84781
1680 1.84532
1681 1.84283
1682 1.84035
1683 1.83787
1684 1.83539
1685 1.83292
1686 1.83045
1687 1.82799
1688 1.82553
1689 1.82308
1690 1.82063
1691 1.81818
1692 1.81573
1693 1.8133
1694 1.81086
1695 1.80843
1696 1.806
1697 1.80358
1698 1.80116
1699 1.79875
1700 1.79633
1701 1.79393
1702 1.79152
1703 1.78913
1704 1.78673
1705 1.78434
1706 1.78195
1707 1.77957
1708 1.77719
1709 1.77481
1710 1.77244
1711 1.77007
1712 1.76771
1713 1.76535
1714 1.76299
1715 1.76064
1716 1.75829
1717 1.75595
1718 1.75361
1719 1.75127
1720 1.74894
1721 1.74661
1722 1.74428
1723 1.74196
1724 1.73964
1725 1.73733
1726 1.73502
1727 1.73271
1728 1.73041
1729 1.72811
1730 1.72581
1731 1.72352
1732 1.72124
1733 1.71895
1734 1.71667
1735 1.71439
1736 1.71212
1737 1.70985
1738 1.70759
1739 1.70533
1740 1.70307
1741 1.70081
1742 1.69856
1743 1.69632
1744 1.69407
1745 1.69183
1746 1.6896
1747 1.68736
1748 1.68513
1749 1.68291
1749 1.68069
1750 1.67847
1751 1.67626
1752 1.67404
1753 1.67184
1754 1.66963
1755 1.66743
1756 1.66524
1757 1.66305
1758 1.66086
1759 1.65867
1760 1.65649
1761 1.65431
1762 1.65213
1763 1.64996
1764 1.64779
1765 1.64563
1766 1.64347
1767 1.64131
1768 1.63916
1769 1.63701
1770 1.63486
1771 1.63272
1772 1.63058
1773 1.62844
1774 1.62631
1775 1.62418
1776 1.62205
1777 1.61993
1778 1.61781
1779 1.61569
1780 1.61358
1781 1.61147
1782 1.60936
1783 1.60726
1784 1.60516
1785 1.60307
1786 1.60097
1787 1.59889
1788 1.5968
1789 1.59472
1790 1.59264
1791 1.59056
1792 1.58849
1793 1.58642
1794 1.58436
1795 1.58229
1796 1.58024
1797 1.57818
1798 1.57613
1799 1.57408
1800 1.57203
1801 1.56999
1802 1.56795
1803 1.56591
1804 1.56388
1805 1.56185
1806 1.55983
1807 1.5578
1808 1.55578
1809 1.55377
1810 1.55175
1811 1.54974
1812 1.54774
1813 1.54573
1814 1.54373
1815 1.54174
1816 1.53974
1817 1.53775
1818 1.53576
1819 1.53378
1820 1.5318
1821 1.52982
1822 1.52784
1823 1.52587
1824 1.5239
1825 1.52194
1826 1.51997
1827 1.51802
1828 1.51606
1829 1.51411
1830 1.51216
1831 1.51021
1832 1.50826
1833 1.50632
1834 1.50439
1835 1.50245
1836 1.50052
1837 1.49859
1838 1.49667
1839 1.49474
1840 1.49282
1841 1.49091
1842 1.48899
1843 1.48708
1844 1.48518
1845 1.48327
1846 1.48137
1847 1.47947
1848 1.47758
1849 1.47569
1850 1.4738
1851 1.47191
1852 1.47003
1853 1.46815
1854 1.46627
1855 1.4644
1856 1.46253
1857 1.46066
1858 1.45879
1859 1.45693
1860 1.45507
1861 1.45321
1862 1.45136
1863 1.44951
1864 1.44766
1865 1.44582
1866 1.44397
1867 1.44213
1868 1.4403
1869 1.43846
1870 1.43663
1871 1.43481
1872 1.43298
1873 1.43116
1874 1.42934
1875 1.42752
1876 1.42571
1877 1.4239
1878 1.42209
1879 1.42029
1880 1.41848
1881 1.41669
1882 1.41489
1883 1.4131
1884 1.4113
1885 1.40952
1886 1.40773
1887 1.40595
1888 1.40417
1889 1.40239
1890 1.40062
1891 1.39885
1892 1.39708
1893 1.39531
1894 1.39355
1895 1.39179
1896 1.39003
1897 1.38827
1898 1.38652
1899 1.38477
1900 1.38303
1901 1.38128
1902 1.37954
1903 1.3778
1904 1.37607
1905 1.37433
1906 1.3726
1907 1.37087
1908 1.36915
1909 1.36743
1910 1.36571
1911 1.36399
1912 1.36228
1913 1.36056
1914 1.35885
1915 1.35715
1916 1.35544
1917 1.35374
1918 1.35204
1919 1.35035
1920 1.34866
1921 1.34697
1922 1.34528
1923 1.34359
1924 1.34191
1925 1.34023
1926 1.33855
1927 1.33688
1928 1.3352
1929 1.33353
1930 1.33187
1931 1.3302
1932 1.32854
1933 1.32688
1934 1.32522
1935 1.32357
1936 1.32192
1937 1.32027
1938 1.31862
1939 1.31698
1940 1.31534
1941 1.3137
1942 1.31206
1943 1.31043
1944 1.30879
1945 1.30717
1946 1.30554
1947 1.30392
1948 1.30229
1949 1.30068
1950 1.29906
1951 1.29744
1952 1.29583
1953 1.29422
1954 1.29262
1955 1.29101
1956 1.28941
1957 1.28781
1958 1.28622
1959 1.28462
1960 1.28303
1961 1.28144
1962 1.27985
1963 1.27827
1964 1.27669
1965 1.27511
1966 1.27353
1967 1.27196
1968 1.27038
1969 1.26881
1970 1.26725
1971 1.26568
1972 1.26412
1973 1.26256
1974 1.261
1975 1.25944
1976 1.25789
1977 1.25634
1978 1.25479
1979 1.25324
1980 1.2517
1981 1.25016
1982 1.24862
1983 1.24708
1984 1.24555
1985 1.24402
1986 1.24249
1987 1.24096
1988 1.23943
1989 1.23791
1990 1.23639
1990 1.23487
1991 1.23336
1992 1.23184
1993 1.23033
1994 1.22882
1995 1.22732
1996 1.22581
1997 1.22431
1998 1.22281
1999 1.22131
2000 1.21982
2001 1.21832
2002 1.21683
2003 1.21534
2004 1.21386
2005 1.21237
2006 1.21089
2007 1.20941
2008 1.20794
2009 1.20646
2010 1.20499
2011 1.20352
2012 1.20205
2013 1.20058
2014 1.19912
2015 1.19766
2016 1.1962
2017 1.19474
2018 1.19329
2019 1.19183
2020 1.19038
2021 1.18894
2022 1.18749
2023 1.18604
2024 1.1846
2025 1.18316
2026 1.18173
2027 1.18029
2028 1.17886
2029 1.17743
2030 1.176
2031 1.17457
2032 1.17315
2033 1.17172
2034 1.1703
2035 1.16888
2036 1.16747
2037 1.16605
2038 1.16464
2039 1.16323
2040 1.16183
2041 1.16042
2042 1.15902
2043 1.15761
2044 1.15622
2045 1.15482
2046 1.15342
2047 1.15203
2048 1.15064
2049 1.14925
2050 1.14786
2051 1.14648
2052 1.1451
2053 1.14372
2054 1.14234
2055 1.14096
2056 1.13959
2057 1.13821
2058 1.13684
2059 1.13548
2060 1.13411
2061 1.13275
2062 1.13138
2063 1.13002
2064 1.12866
2065 1.12731
2066 1.12595
2067 1.1246
2068 1.12325
2069 1.1219
2070 1.12056
2071 1.11921
2072 1.11787
2073 1.11653
2074 1.11519
2075 1.11386
2076 1.11252
2077 1.11119
2078 1.10986
2079 1.10853
2080 1.10721
2081 1.10588
2082 1.10456
2083 1.10324
2084 1.10192
2085 1.1006
2086 1.09929
2087 1.09798
2088 1.09666
2089 1.09536
2090 1.09405
2091 1.09274
2092 1.09144
2093 1.09014
2094 1.08884
2095 1.08754
2096 1.08625
2097 1.08495
2098 1.08366
2099 1.08237
2100 1.08108
2101 1.0798
2102 1.07852
2103 1.07723
2104 1.07595
2105 1.07467
2106 1.0734
2107 1.07212
2108 1.07085
2109 1.06958
2110 1.06831
2111 1.06704
2112 1.06578
2113 1.06452
2114 1.06325
2115 1.06199
2116 1.06074
2117 1.05948
2118 1.05823
2119 1.05697
2120 1.05572
2121 1.05448
2122 1.05323
2123 1.05198
2124 1.05074
2125 1.0495
2126 1.04826
2127 1.04702
2128 1.04579
2129 1.04455
2130 1.04332
2131 1.04209
2132 1.04086
2133 1.03964
2134 1.03841
2135 1.03719
2136 1.03597
2137 1.03475
2138 1.03353
2139 1.03231
2140 1.0311
2141 1.02989
2142 1.02867
2143 1.02747
2144 1.02626
2145 1.02505
2146 1.02385
2147 1.02265
2148 1.02145
2149 1.02025
2150 1.01905
2151 1.01786
2152 1.01666
2153 1.01547
2154 1.01428
2155 1.01309
2156 1.01191
2157 1.01072
2158 1.00954
2159 1.00836
2160 1.00718
2161 1.006
2162 1.00483
2163 1.00365
2164 1.00248
2165 1.00131
2166 1.00014
2167 0.998973
2168 0.997807
2169 0.996643
2170 0.99548
2171 0.99432
2172 0.993161
2173 0.992003
2174 0.990847
2175 0.989693
2176 0.988541
2177 0.98739
2178 0.986241
2179 0.985094
2180 0.983948
2181 0.982804
2182 0.981662
2183 0.980521
2184 0.979382
2185 0.978244
2186 0.977109
2187 0.975974
2188 0.974842
2189 0.973711
2190 0.972582
2191 0.971454
2192 0.970328
2193 0.969203
2194 0.968081
2195 0.966959
2196 0.96584
2197 0.964722
2198 0.963606
2199 0.962491
2200 0.961378
2201 0.960266
2202 0.959156
2203 0.958048
2204 0.956941
2205 0.955836
2206 0.954733
2207 0.953631
2208 0.95253
2209 0.951431
2210 0.950334
2211 0.949238
2212 0.948144
2213 0.947052
2214 0.945961
2215 0.944872
2216 0.943784
2217 0.942697
2218 0.941613
2219 0.94053
2220 0.939448
2221 0.938368
2222 0.937289
2223 0.936212
2224 0.935137
2225 0.934063
2226 0.932991
2227 0.93192
2228 0.930851
2229 0.929783
2230 0.928717
2231 0.927652
2231 0.926589
2232 0.925527
2233 0.924467
2234 0.923408
2235 0.922351
2236 0.921295
2237 0.920241
2238 0.919189
2239 0.918137
2240 0.917088
2241 0.91604
2242 0.914993
2243 0.913948
2244 0.912904
2245 0.911862
2246 0.910821
2247 0.909782
2248 0.908744
2249 0.907708
2250 0.906673
2251 0.905639
2252 0.904607
2253 0.903577
2254 0.902548
2255 0.90152
2256 0.900494
2257 0.89947
2258 0.898446
2259 0.897425
2260 0.896404
2261 0.895385
2262 0.894368
2263 0.893352
2264 0.892337
2265 0.891324
2266 0.890312
2267 0.889302
2268 0.888293
2269 0.887286
2270 0.88628
2271 0.885275
2272 0.884272
2273 0.88327
2274 0.882269
2275 0.88127
2276 0.880273
2277 0.879276
2278 0.878282
2279 0.877288
2280 0.876296
2281 0.875305
2282 0.874316
2283 0.873328
2284 0.872342
2285 0.871356
2286 0.870373
2287 0.86939
2288 0.868409
2289 0.86743
2290 0.866451
2291 0.865474
2292 0.864499
2293 0.863525
2294 0.862552
2295 0.86158
2296 0.86061
2297 0.859642
2298 0.858674
2299 0.857708
2300 0.856744
2301 0.85578
2302 0.854818
2303 0.853858
2304 0.852898
2305 0.85194
2306 0.850984
2307 0.850028
2308 0.849074
2309 0.848122
2310 0.84717
2311 0.84622
2312 0.845272
2313 0.844324
2314 0.843378
2315 0.842434
2316 0.84149
2317 0.840548
2318 0.839607
2319 0.838668
2320 0.83773
2321 0.836793
2322 0.835857
2323 0.834923
2324 0.83399
2325 0.833058
2326 0.832128
2327 0.831199
2328 0.830271
2329 0.829345
2330 0.82842
2331 0.827496
2332 0.826573
2333 0.825652
2334 0.824732
2335 0.823813
2336 0.822895
2337 0.821979
2338 0.821064
2339 0.82015
2340 0.819238
2341 0.818327
2342 0.817417
2343 0.816508
2344 0.815601
2345 0.814695
2346 0.81379
2347 0.812886
2348 0.811984
2349 0.811082
2350 0.810183
2351 0.809284
2352 0.808386
2353 0.80749
2354 0.806595
2355 0.805702
2356 0.804809
2357 0.803918
2358 0.803028
2359 0.802139
2360 0.801251
2361 0.800365
2362 0.79948
2363 0.798596
2364 0.797713
2365 0.796832
2366 0.795952
2367 0.795073
2368 0.794195
2369 0.793318
2370 0.792443
2371 0.791568
2372 0.790695
2373 0.789823
2374 0.788953
2375 0.788083
2376 0.787215
2377 0.786348
2378 0.785482
2379 0.784617
2380 0.783754
2381 0.782891
2382 0.78203
2383 0.78117
2384 0.780311
2385 0.779454
2386 0.778597
2387 0.777742
2388 0.776888
2389 0.776035
2390 0.775183
2391 0.774332
2392 0.773483
2393 0.772634
2394 0.771787
2395 0.770941
2396 0.770096
2397 0.769252
2398 0.76841
2399 0.767568
2400 0.766728
2401 0.765889
2402 0.765051
2403 0.764214
2404 0.763378
2405 0.762543
2406 0.76171
2407 0.760877
2408 0.760046
2409 0.759216
2410 0.758387
2411 0.757559
2412 0.756732
2413 0.755907
2414 0.755082
2415 0.754259
2416 0.753437
2417 0.752616
2418 0.751795
2419 0.750977
2420 0.750159
2421 0.749342
2422 0.748526
2423 0.747712
2424 0.746899
2425 0.746086
2426 0.745275
2427 0.744465
2428 0.743656
2429 0.742848
2430 0.742041
2431 0.741235
2432 0.740431
2433 0.739627
2434 0.738825
2435 0.738023
2436 0.737223
2437 0.736424
2438 0.735626
2439 0.734829
2440 0.734033
2441 0.733238
2442 0.732444
2443 0.731651
2444 0.73086
2445 0.730069
2446 0.729279
2447 0.728491
2448 0.727704
2449 0.726917
2450 0.726132
2451 0.725348
2452 0.724564
2453 0.723782
2454 0.723001
2455 0.722221
2456 0.721442
2457 0.720664
2458 0.719887
2459 0.719112
2460 0.718337
2461 0.717563
2462 0.71679
2463 0.716019
2464 0.715248
2465 0.714478
2466 0.71371
2467 0.712942
2468 0.712176
2469 0.71141
2470 0.710646
2471 0.709882
2472 0.70912
2473 0.708359
2473 0.707598
2474 0.706839
2475 0.70608
2476 0.705323
2477 0.704567
2478 0.703812
2479 0.703057
2480 0.702304
2481 0.701552
2482 0.7008
2483 0.70005
2484 0.699301
2485 0.698553
2486 0.697805
2487 0.697059
2488 0.696314
2489 0.69557
2490 0.694826
2491 0.694084
2492 0.693343
2493 0.692602
2494 0.691863
2495 0.691125
2496 0.690387
2497 0.689651
2498 0.688915
2499 0.688181
2500 0.687448
2501 0.686715
2502 0.685984
2503 0.685253
2504 0.684523
2505 0.683795
2506 0.683067
2507 0.68234
2508 0.681615
2509 0.68089
2510 0.680166
2511 0.679443
2512 0.678721
2513 0.678001
2514 0.677281
2515 0.676561
2516 0.675843
2517 0.675126
2518 0.67441
2519 0.673695
2520 0.67298
2521 0.672267
2522 0.671555
2523 0.670843
2524 0.670133
2525 0.669423
2526 0.668714
2527 0.668007
2528 0.6673
2529 0.666594
2530 0.665889
2531 0.665185
2532 0.664482
2533 0.663779
2534 0.663078
2535 0.662378
2536 0.661678
2537 0.66098
2538 0.660282
2539 0.659586
2540 0.65889
2541 0.658195
2542 0.657501
2543 0.656808
2544 0.656116
2545 0.655425
2546 0.654734
2547 0.654045
2548 0.653356
2549 0.652669
2550 0.651982
2551 0.651296
2552 0.650611
2553 0.649927
2554 0.649244
2555 0.648562
2556 0.647881
2557 0.6472
2558 0.646521
2559 0.645842
2560 0.645164
2561 0.644488
2562 0.643812
2563 0.643137
2564 0.642462
2565 0.641789
2566 0.641117
2567 0.640445
2568 0.639774
2569 0.639105
2570 0.638436
2571 0.637768
2572 0.6371
2573 0.636434
2574 0.635769
2575 0.635104
2576 0.63444
2577 0.633777
2578 0.633115
2579 0.632454
2580 0.631794
2581 0.631135
2582 0.630476
2583 0.629819
2584 0.629162
2585 0.628506
2586 0.627851
2587 0.627196
2588 0.626543
2589 0.62589
2590 0.625239
2591 0.624588
2592 0.623938
2593 0.623289
2594 0.62264
2595 0.621993
2596 0.621346
2597 0.620701
2598 0.620056
2599 0.619412
2600 0.618768
2601 0.618126
2602 0.617484
2603 0.616843
2604 0.616203
2605 0.615564
2606 0.614926
2607 0.614289
2608 0.613652
2609 0.613016
2610 0.612381
2611 0.611747
2612 0.611114
2613 0.610481
2614 0.609849
2615 0.609219
2616 0.608589
2617 0.607959
2618 0.607331
2619 0.606703
2620 0.606076
2621 0.60545
2622 0.604825
2623 0.604201
2624 0.603577
2625 0.602954
2626 0.602332
2627 0.601711
2628 0.601091
2629 0.600471
2630 0.599852
2631 0.599234
2632 0.598617
2633 0.598001
2634 0.597385
2635 0.59677
2636 0.596156
2637 0.595543
2638 0.594931
2639 0.594319
2640 0.593708
2641 0.593098
2642 0.592489
2643 0.59188
2644 0.591272
2645 0.590665
2646 0.590059
2647 0.589454
2648 0.588849
2649 0.588245
2650 0.587642
2651 0.58704
2652 0.586438
2653 0.585837
2654 0.585237
2655 0.584638
2656 0.584039
2657 0.583442
2658 0.582845
2659 0.582248
2660 0.581653
2661 0.581058
2662 0.580464
2663 0.579871
2664 0.579279
2665 0.578687
2666 0.578096
2667 0.577506
2668 0.576916
2669 0.576328
2670 0.57574
2671 0.575152
2672 0.574566
2673 0.57398
2674 0.573395
2675 0.572811
2676 0.572227
2677 0.571645
2678 0.571063
2679 0.570481
2680 0.569901
2681 0.569321
2682 0.568742
2683 0.568164
2684 0.567586
2685 0.567009
2686 0.566433
2687 0.565857
2688 0.565283
2689 0.564709
2690 0.564136
2691 0.563563
2692 0.562991
2693 0.56242
2694 0.56185
2695 0.56128
2696 0.560711
2697 0.560143
2698 0.559576
2699 0.559009
2700 0.558443
2701 0.557878
2702 0.557313
2703 0.556749
2704 0.556186
2705 0.555624
2706 0.555062
2707 0.554501
2708 0.55394
2709 0.553381
2710 0.552822
2711 0.552264
2712 0.551706
2713 0.551149
2714 0.550593
2714 0.550038
2715 0.549483
2716 0.548929
2717 0.548376
2718 0.547823
2719 0.547271
2720 0.54672
2721 0.54617
2722 0.54562
2723 0.545071
2724 0.544522
2725 0.543975
2726 0.543428
2727 0.542881
2728 0.542336
2729 0.541791
2730 0.541246
2731 0.540703
2732 0.54016
2733 0.539617
2734 0.539076
2735 0.538535
2736 0.537995
2737 0.537455
2738 0.536916
2739 0.536378
2740 0.535841
2741 0.535304
2742 0.534768
2743 0.534232
2744 0.533697
2745 0.533163
2746 0.53263
2747 0.532097
2748 0.531565
2749 0.531033
2750 0.530503
2751 0.529972
2752 0.529443
2753 0.528914
2754 0.528386
2755 0.527859
2756 0.527332
2757 0.526805
2758 0.52628
2759 0.525755
2760 0.525231
2761 0.524707
2762 0.524184
2763 0.523662
2764 0.523141
2765 0.52262
2766 0.522099
2767 0.52158
2768 0.521061
2769 0.520542
2770 0.520025
2771 0.519508
2772 0.518991
2773 0.518475
2774 0.51796
2775 0.517446
2776 0.516932
2777 0.516419
2778 0.515906
2779 0.515394
2780 0.514883
2781 0.514372
2782 0.513862
2783 0.513353
2784 0.512844
2785 0.512336
2786 0.511828
2787 0.511321
2788 0.510815
2789 0.51031
2790 0.509805
2791 0.5093
2792 0.508796
2793 0.508293
2794 0.507791
2795 0.507289
2796 0.506788
2797 0.506287
2798 0.505787
2799 0.505287
2800 0.504789
2801 0.50429
2802 0.503793
2803 0.503296
2804 0.5028
2805 0.502304
2806 0.501809
2807 0.501314
2808 0.50082
2809 0.500327
2810 0.499834
2811 0.499342
2812 0.498851
2813 0.49836
2814 0.497869
2815 0.49738
2816 0.49689
2817 0.496402
2818 0.495914
2819 0.495427
2820 0.49494
2821 0.494454
2822 0.493968
2823 0.493483
2824 0.492999
2825 0.492515
2826 0.492032
2827 0.49155
2828 0.491068
2829 0.490586
2830 0.490105
2831 0.489625
2832 0.489146
2833 0.488667
2834 0.488188
2835 0.48771
2836 0.487233
2837 0.486756
2838 0.48628
2839 0.485805
2840 0.48533
2841 0.484855
2842 0.484381
2843 0.483908
2844 0.483435
2845 0.482963
2846 0.482492
2847 0.482021
2848 0.481551
2849 0.481081
2850 0.480612
2851 0.480143
2852 0.479675
2853 0.479207
2854 0.478741
2855 0.478274
2856 0.477808
2857 0.477343
2858 0.476879
2859 0.476414
2860 0.475951
2861 0.475488
2862 0.475026
2863 0.474564
2864 0.474103
2865 0.473642
2866 0.473182
2867 0.472722
2868 0.472263
2869 0.471805
2870 0.471347
2871 0.470889
2872 0.470433
2873 0.469976
2874 0.469521
2875 0.469065
2876 0.468611
2877 0.468157
2878 0.467703
2879 0.46725
2880 0.466798
2881 0.466346
2882 0.465895
2883 0.465444
2884 0.464994
2885 0.464544
2886 0.464095
2887 0.463647
2888 0.463199
2889 0.462751
2890 0.462304
2891 0.461858
2892 0.461412
2893 0.460967
2894 0.460522
2895 0.460078
2896 0.459634
2897 0.459191
2898 0.458748
2899 0.458306
2900 0.457865
2901 0.457424
2902 0.456983
2903 0.456543
2904 0.456104
2905 0.455665
2906 0.455227
2907 0.454789
2908 0.454352
2909 0.453915
2910 0.453479
2911 0.453043
2912 0.452608
2913 0.452173
2914 0.451739
2915 0.451305
2916 0.450872
2917 0.45044
2918 0.450008
2919 0.449576
2920 0.449145
2921 0.448715
2922 0.448285
2923 0.447855
2924 0.447426
2925 0.446998
2926 0.44657
2927 0.446142
2928 0.445716
2929 0.445289
2930 0.444863
2931 0.444438
2932 0.444013
2933 0.443589
2934 0.443165
2935 0.442742
2936 0.442319
2937 0.441897
2938 0.441475
2939 0.441054
2940 0.440633
2941 0.440212
2942 0.439793
2943 0.439373
2944 0.438955
2945 0.438536
2946 0.438119
2947 0.437701
2948 0.437284
2949 0.436868
2950 0.436452
2951 0.436037
2952 0.435622
2953 0.435208
2954 0.434794
2955 0.434381
2955 0.433968
2956 0.433556
2957 0.433144
2958 0.432732
2959 0.432322
2960 0.431911
2961 0.431501
2962 0.431092
2963 0.430683
2964 0.430275
2965 0.429867
2966 0.429459
2967 0.429052
2968 0.428646
2969 0.42824
2970 0.427834
2971 0.427429
2972 0.427024
2973 0.42662
2974 0.426217
2975 0.425813
2976 0.425411
2977 0.425009
2978 0.424607
2979 0.424206
2980 0.423805
2981 0.423404
2982 0.423005
2983 0.422605
2984 0.422206
2985 0.421808
2986 0.42141
2987 0.421012
2988 0.420615
2989 0.420219
2990 0.419823
2991 0.419427
2992 0.419032
2993 0.418637
2994 0.418243
2995 0.417849
2996 0.417456
2997 0.417063
2998 0.416671
2999 0.416279
3000 0.415887
3001 0.415496
3002 0.415106
3003 0.414715
3004 0.414326
3005 0.413937
3006 0.413548
3007 0.41316
3008 0.412772
3009 0.412384
3010 0.411998
3011 0.411611
3012 0.411225
3013 0.41084
3014 0.410454
3015 0.41007
3016 0.409686
3017 0.409302
3018 0.408918
3019 0.408536
3020 0.408153
3021 0.407771
3022 0.40739
3023 0.407009
3024 0.406628
3025 0.406248
3026 0.405868
3027 0.405489
3028 0.40511
3029 0.404732
3030 0.404354
3031 0.403976
3032 0.403599
3033 0.403223
3034 0.402846
3035 0.402471
3036 0.402095
3037 0.40172
3038 0.401346
3039 0.400972
3040 0.400598
3041 0.400225
3042 0.399853
3043 0.39948
3044 0.399109
3045 0.398737
3046 0.398366
3047 0.397996
3048 0.397626
3049 0.397256
3050 0.396887
3051 0.396518
3052 0.39615
3053 0.395782
3054 0.395414
3055 0.395047
3056 0.394681
3057 0.394314
3058 0.393949
3059 0.393583
3060 0.393218
3061 0.392854
3062 0.39249
3063 0.392126
3064 0.391763
3065 0.3914
3066 0.391038
3067 0.390676
3068 0.390314
3069 0.389953
3070 0.389592
3071 0.389232
3072 0.388872
3073 0.388513
3074 0.388154
3075 0.387795
3076 0.387437
3077 0.387079
3078 0.386722
3079 0.386365
3080 0.386008
3081 0.385652
3082 0.385296
3083 0.384941
3084 0.384586
3085 0.384232
3086 0.383877
3087 0.383524
3088 0.383171
3089 0.382818
3090 0.382465
3091 0.382113
3092 0.381762
3093 0.38141
3094 0.38106
3095 0.380709
3096 0.380359
3097 0.38001
3098 0.379661
3099 0.379312
3100 0.378963
3101 0.378615
3102 0.378268
3103 0.377921
3104 0.377574
3105 0.377227
3106 0.376882
3107 0.376536
3108 0.376191
3109 0.375846
3110 0.375502
3111 0.375158
3112 0.374814
3113 0.374471
3114 0.374128
3115 0.373786
3116 0.373444
3117 0.373102
3118 0.372761
3119 0.37242
3120 0.37208
3121 0.37174
3122 0.3714
3123 0.371061
3124 0.370722
3125 0.370383
3126 0.370045
3127 0.369707
3128 0.36937
3129 0.369033
3130 0.368697
3131 0.36836
3132 0.368025
3133 0.367689
3134 0.367354
3135 0.36702
3136 0.366685
3137 0.366351
3138 0.366018
3139 0.365685
3140 0.365352
3141 0.36502
3142 0.364688
3143 0.364356
3144 0.364025
3145 0.363694
3146 0.363364
3147 0.363034
3148 0.362704
3149 0.362375
3150 0.362046
3151 0.361717
3152 0.361389
3153 0.361061
3154 0.360734
3155 0.360406
3156 0.36008
3157 0.359753
3158 0.359427
3159 0.359102
3160 0.358777
3161 0.358452
3162 0.358127
3163 0.357803
3164 0.357479
3165 0.357156
3166 0.356833
3167 0.35651
3168 0.356188
3169 0.355866
3170 0.355544
3171 0.355223
3172 0.354902
3173 0.354582
3174 0.354262
3175 0.353942
3176 0.353622
3177 0.353303
3178 0.352985
3179 0.352666
3180 0.352348
3181 0.352031
3182 0.351713
3183 0.351396
3184 0.35108
3185 0.350764
3186 0.350448
3187 0.350132
3188 0.349817
3189 0.349502
3190 0.349188
3191 0.348874
3192 0.34856
3193 0.348247
3194 0.347934
3195 0.347621
3196 0.347309
3196 0.346997
3197 0.346685
3198 0.346374
3199 0.346063
3200 0.345752
3201 0.345442
3202 0.345132
3203 0.344823
3204 0.344514
3205 0.344205
3206 0.343896
3207 0.343588
3208 0.34328
3209 0.342973
3210 0.342666
3211 0.342359
3212 0.342053
3213 0.341747
3214 0.341441
3215 0.341136
3216 0.340831
3217 0.340526
3218 0.340221
3219 0.339917
3220 0.339614
3221 0.33931
3222 0.339007
3223 0.338705
3224 0.338403
3225 0.338101
3226 0.337799
3227 0.337498
3228 0.337197
3229 0.336896
3230 0.336596
3231 0.336296
3232 0.335996
3233 0.335697
3234 0.335398
3235 0.335099
3236 0.334801
3237 0.334503
3238 0.334205
3239 0.333908
3240 0.333611
3241 0.333315
3242 0.333018
3243 0.332722
3244 0.332427
3245 0.332132
3246 0.331837
3247 0.331542
3248 0.331248
3249 0.330954
3250 0.33066
3251 0.330367
3252 0.330074
3253 0.329781
3254 0.329489
3255 0.329197
3256 0.328905
3257 0.328614
3258 0.328323
3259 0.328032
3260 0.327742
3261 0.327452
3262 0.327162
3263 0.326872
3264 0.326583
3265 0.326295
3266 0.326006
3267 0.325718
3268 0.32543
3269 0.325143
3270 0.324856
3271 0.324569
3272 0.324282
3273 0.323996
3274 0.32371
3275 0.323424
3276 0.323139
3277 0.322854
3278 0.32257
3279 0.322285
3280 0.322001
3281 0.321718
3282 0.321434
3283 0.321151
3284 0.320869
3285 0.320586
3286 0.320304
3287 0.320022
3288 0.319741
3289 0.31946
3290 0.319179
3291 0.318898
3292 0.318618
3293 0.318338
3294 0.318058
3295 0.317779
3296 0.3175
3297 0.317222
3298 0.316943
3299 0.316665
3300 0.316387
3301 0.31611
3302 0.315833
3303 0.315556
3304 0.315279
3305 0.315003
3306 0.314727
3307 0.314452
3308 0.314176
3309 0.313901
3310 0.313627
3311 0.313352
3312 0.313078
3313 0.312804
3314 0.312531
3315 0.312258
3316 0.311985
3317 0.311712
3318 0.31144
3319 0.311168
3320 0.310896
3321 0.310625
3322 0.310354
3323 0.310083
3324 0.309812
3325 0.309542
3326 0.309272
3327 0.309003
3328 0.308733
3329 0.308464
3330 0.308195
3331 0.307927
3332 0.307659
3333 0.307391
3334 0.307123
3335 0.306856
3336 0.306589
3337 0.306323
3338 0.306056
3339 0.30579
3340 0.305524
3341 0.305259
3342 0.304994
3343 0.304729
3344 0.304464
3345 0.3042
3346 0.303936
3347 0.303672
3348 0.303408
3349 0.303145
3350 0.302882
3351 0.30262
3352 0.302357
3353 0.302095
3354 0.301833
3355 0.301572
3356 0.301311
3357 0.30105
3358 0.300789
3359 0.300529
3360 0.300269
3361 0.300009
3362 0.299749
3363 0.29949
3364 0.299231
3365 0.298972
3366 0.298714
3367 0.298456
3368 0.298198
3369 0.297941
3370 0.297683
3371 0.297426
3372 0.29717
3373 0.296913
3374 0.296657
3375 0.296401
3376 0.296145
3377 0.29589
3378 0.295635
3379 0.29538
3380 0.295126
3381 0.294872
3382 0.294618
3383 0.294364
3384 0.29411
3385 0.293857
3386 0.293604
3387 0.293352
3388 0.293099
3389 0.292847
3390 0.292596
3391 0.292344
3392 0.292093
3393 0.291842
3394 0.291591
3395 0.291341
3396 0.29109
3397 0.290841
3398 0.290591
3399 0.290342
3400 0.290092
3401 0.289844
3402 0.289595
3403 0.289347
3404 0.289099
3405 0.288851
3406 0.288603
3407 0.288356
3408 0.288109
3409 0.287862
3410 0.287616
3411 0.28737
3412 0.287124
3413 0.286878
3414 0.286633
3415 0.286388
3416 0.286143
3417 0.285898
3418 0.285654
3419 0.28541
3420 0.285166
3421 0.284922
3422 0.284679
3423 0.284436
3424 0.284193
3425 0.283951
3426 0.283708
3427 0.283466
3428 0.283225
3429 0.282983
3430 0.282742
3431 0.282501
3432 0.28226
3433 0.28202
3434 0.28178
3435 0.28154
3436 0.2813
3437 0.28106
3438 0.280821
3438 0.280582
3439 0.280344
3440 0.280105
3441 0.279867
3442 0.279629
3443 0.279392
3444 0.279154
3445 0.278917
3446 0.27868
3447 0.278444
3448 0.278207
3449 0.277971
3450 0.277735
3451 0.2775
3452 0.277264
3453 0.277029
3454 0.276794
3455 0.27656
3456 0.276325
3457 0.276091
3458 0.275857
3459 0.275624
3460 0.27539
3461 0.275157
3462 0.274924
3463 0.274692
3464 0.274459
3465 0.274227
3466 0.273995
3467 0.273764
3468 0.273532
3469 0.273301
3470 0.27307
3471 0.272839
3472 0.272609
3473 0.272379
3474 0.272149
3475 0.271919
3476 0.27169
3477 0.271461
3478 0.271232
3479 0.271003
3480 0.270775
3481 0.270546
3482 0.270318
3483 0.270091
3484 0.269863
3485 0.269636
3486 0.269409
3487 0.269182
3488 0.268956
3489 0.268729
3490 0.268503
3491 0.268278
3492 0.268052
3493 0.267827
3494 0.267602
3495 0.267377
3496 0.267152
3497 0.266928
3498 0.266704
3499 0.26648
3500 0.266256
3501 0.266033
3502 0.26581
3503 0.265587
3504 0.265364
3505 0.265142
3506 0.264919
3507 0.264697
3508 0.264476
3509 0.264254
3510 0.264033
3511 0.263812
3512 0.263591
3513 0.26337
3514 0.26315
3515 0.26293
3516 0.26271
3517 0.26249
3518 0.262271
3519 0.262052
3520 0.261833
3521 0.261614
3522 0.261395
3523 0.261177
3524 0.260959
3525 0.260741
3526 0.260524
3527 0.260306
3528 0.260089
3529 0.259872
3530 0.259656
3531 0.259439
3532 0.259223
3533 0.259007
3534 0.258791
3535 0.258576
3536 0.25836
3537 0.258145
3538 0.25793
3539 0.257716
3540 0.257501
3541 0.257287
3542 0.257073
3543 0.25686
3544 0.256646
3545 0.256433
3546 0.25622
3547 0.256007
3548 0.255794
3549 0.255582
3550 0.25537
3551 0.255158
3552 0.254946
3553 0.254735
3554 0.254523
3555 0.254312
3556 0.254101
3557 0.253891
3558 0.25368
3559 0.25347
3560 0.25326
3561 0.253051
3562 0.252841
3563 0.252632
3564 0.252423
3565 0.252214
3566 0.252005
3567 0.251797
3568 0.251588
3569 0.25138
3570 0.251173
3571 0.250965
3572 0.250758
3573 0.250551
3574 0.250344
3575 0.250137
3576 0.249931
3577 0.249724
3578 0.249518
3579 0.249312
3580 0.249107
3581 0.248901
3582 0.248696
3583 0.248491
3584 0.248286
3585 0.248082
3586 0.247877
3587 0.247673
3588 0.247469
3589 0.247266
3590 0.247062
3591 0.246859
3592 0.246656
3593 0.246453
3594 0.24625
3595 0.246048
3596 0.245845
3597 0.245643
3598 0.245442
3599 0.24524
3600 0.245038
3601 0.244837
3602 0.244636
3603 0.244435
3604 0.244235
3605 0.244034
3606 0.243834
3607 0.243634
3608 0.243435
3609 0.243235
3610 0.243036
3611 0.242836
3612 0.242637
3613 0.242439
3614 0.24224
3615 0.242042
3616 0.241844
3617 0.241646
3618 0.241448
3619 0.24125
3620 0.241053
3621 0.240856
3622 0.240659
3623 0.240462
3624 0.240266
3625 0.240069
3626 0.239873
3627 0.239677
3628 0.239482
3629 0.239286
3630 0.239091
3631 0.238896
3632 0.238701
3633 0.238506
3634 0.238311
3635 0.238117
3636 0.237923
3637 0.237729
3638 0.237535
3639 0.237342
3640 0.237148
3641 0.236955
3642 0.236762
3643 0.236569
3644 0.236377
3645 0.236185
3646 0.235992
3647 0.2358
3648 0.235609
3649 0.235417
3650 0.235226
3651 0.235034
3652 0.234843
3653 0.234653
3654 0.234462
3655 0.234272
3656 0.234081
3657 0.233891
3658 0.233701
3659 0.233512
3660 0.233322
3661 0.233133
3662 0.232944
3663 0.232755
3664 0.232566
3665 0.232378
3666 0.23219
3667 0.232001
3668 0.231814
3669 0.231626
3670 0.231438
3671 0.231251
3672 0.231064
3673 0.230877
3674 0.23069
3675 0.230503
3676 0.230317
3677 0.230131
3678 0.229945
3679 0.229759
3679 0.229573
3680 0.229388
3681 0.229203
3682 0.229018
3683 0.228833
3684 0.228648
3685 0.228463
3686 0.228279
3687 0.228095
3688 0.227911
3689 0.227727
3690 0.227544
3691 0.22736
3692 0.227177
3693 0.226994
3694 0.226811
3695 0.226629
3696 0.226446
3697 0.226264
3698 0.226082
3699 0.2259
3700 0.225718
3701 0.225537
3702 0.225355
3703 0.225174
3704 0.224993
3705 0.224812
3706 0.224632
3707 0.224451
3708 0.224271
3709 0.224091
3710 0.223911
3711 0.223731
3712 0.223552
3713 0.223372
3714 0.223193
3715 0.223014
3716 0.222835
3717 0.222657
3718 0.222478
3719 0.2223
3720 0.222122
3721 0.221944
3722 0.221766
3723 0.221589
3724 0.221411
3725 0.221234
3726 0.221057
3727 0.22088
3728 0.220704
3729 0.220527
3730 0.220351
3731 0.220175
3732 0.219999
3733 0.219823
3734 0.219648
3735 0.219472
3736 0.219297
3737 0.219122
3738 0.218947
3739 0.218772
3740 0.218598
3741 0.218424
3742 0.218249
3743 0.218075
3744 0.217902
3745 0.217728
3746 0.217554
3747 0.217381
3748 0.217208
3749 0.217035
3750 0.216862
3751 0.21669
3752 0.216517
3753 0.216345
3754 0.216173
3755 0.216001
3756 0.215829
3757 0.215658
3758 0.215486
3759 0.215315
3760 0.215144
3761 0.214973
3762 0.214803
3763 0.214632
3764 0.214462
3765 0.214292
3766 0.214122
3767 0.213952
3768 0.213782
3769 0.213613
3770 0.213443
3771 0.213274
3772 0.213105
3773 0.212936
3774 0.212768
3775 0.212599
3776 0.212431
3777 0.212263
3778 0.212095
3779 0.211927
3780 0.211759
3781 0.211592
3782 0.211425
3783 0.211257
3784 0.21109
3785 0.210924
3786 0.210757
3787 0.210591
3788 0.210424
3789 0.210258
3790 0.210092
3791 0.209926
3792 0.209761
3793 0.209595
3794 0.20943
3795 0.209265
3796 0.2091
3797 0.208935
3798 0.20877
3799 0.208606
3800 0.208441
3801 0.208277
3802 0.208113
3803 0.20795
3804 0.207786
3805 0.207622
3806 0.207459
3807 0.207296
3808 0.207133
3809 0.20697
3810 0.206807
3811 0.206645
3812 0.206482
3813 0.20632
3814 0.206158
3815 0.205996
3816 0.205834
3817 0.205673
3818 0.205511
3819 0.20535
3820 0.205189
3821 0.205028
3822 0.204867
3823 0.204707
3824 0.204546
3825 0.204386
3826 0.204226
3827 0.204066
3828 0.203906
3829 0.203746
3830 0.203587
3831 0.203428
3832 0.203268
3833 0.203109
3834 0.202951
3835 0.202792
3836 0.202633
3837 0.202475
3838 0.202317
3839 0.202159
3840 0.202001
3841 0.201843
3842 0.201685
3843 0.201528
3844 0.20137
3845 0.201213
3846 0.201056
3847 0.200899
3848 0.200743
3849 0.200586
3850 0.20043
3851 0.200273
3852 0.200117
3853 0.199961
3854 0.199806
3855 0.19965
3856 0.199495
3857 0.199339
3858 0.199184
3859 0.199029
3860 0.198874
3861 0.198719
3862 0.198565
3863 0.198411
3864 0.198256
3865 0.198102
3866 0.197948
3867 0.197794
3868 0.197641
3869 0.197487
3870 0.197334
3871 0.197181
3872 0.197028
3873 0.196875
3874 0.196722
3875 0.196569
3876 0.196417
3877 0.196264
3878 0.196112
3879 0.19596
3880 0.195808
3881 0.195657
3882 0.195505
3883 0.195354
3884 0.195202
3885 0.195051
3886 0.1949
3887 0.194749
3888 0.194599
3889 0.194448
3890 0.194298
3891 0.194147
3892 0.193997
3893 0.193847
3894 0.193697
3895 0.193548
3896 0.193398
3897 0.193249
3898 0.193099
3899 0.19295
3900 0.192801
3901 0.192652
3902 0.192504
3903 0.192355
3904 0.192207
3905 0.192059
3906 0.19191
3907 0.191762
3908 0.191615
3909 0.191467
3910 0.191319
3911 0.191172
3912 0.191025
3913 0.190878
3914 0.190731
3915 0.190584
3916 0.190437
3917 0.19029
3918 0.190144
3919 0.189998
3920 0.189852
3920 0.189706
3921 0.18956
3922 0.189414
3923 0.189269
3924 0.189123
3925 0.188978
3926 0.188833
3927 0.188688
3928 0.188543
3929 0.188398
3930 0.188253
3931 0.188109
3932 0.187965
3933 0.18782
3934 0.187676
3935 0.187533
3936 0.187389
3937 0.187245
3938 0.187102
3939 0.186958
3940 0.186815
3941 0.186672
3942 0.186529
3943 0.186386
3944 0.186244
3945 0.186101
3946 0.185959
3947 0.185816
3948 0.185674
3949 0.185532
3950 0.185391
3951 0.185249
3952 0.185107
3953 0.184966
3954 0.184824
3955 0.184683
3956 0.184542
3957 0.184401
3958 0.184261
3959 0.18412
3960 0.18398
3961 0.183839
3962 0.183699
3963 0.183559
3964 0.183419
3965 0.183279
3966 0.183139
3967 0.183
3968 0.182861
3969 0.182721
3970 0.182582
3971 0.182443
3972 0.182304
3973 0.182166
3974 0.182027
3975 0.181888
3976 0.18175
3977 0.181612
3978 0.181474
3979 0.181336
3980 0.181198
3981 0.18106
3982 0.180923
3983 0.180785
3984 0.180648
3985 0.180511
3986 0.180374
3987 0.180237
3988 0.1801
3989 0.179964
3990 0.179827
3991 0.179691
3992 0.179555
3993 0.179418
3994 0.179282
3995 0.179147
3996 0.179011
3997 0.178875
3998 0.17874
3999 0.178605
4000 0.178469
4001 0.178334
4002 0.178199
4003 0.178065
4004 0.17793
4005 0.177795
4006 0.177661
4007 0.177527
4008 0.177392
4009 0.177258
4010 0.177125
4011 0.176991
4012 0.176857
4013 0.176724
4014 0.17659
4015 0.176457
4016 0.176324
4017 0.176191
4018 0.176058
4019 0.175925
4020 0.175792
4021 0.17566
4022 0.175528
4023 0.175395
4024 0.175263
4025 0.175131
4026 0.174999
4027 0.174868
4028 0.174736
4029 0.174604
4030 0.174473
4031 0.174342
4032 0.174211
4033 0.17408
4034 0.173949
4035 0.173818
4036 0.173687
4037 0.173557
4038 0.173427
4039 0.173296
4040 0.173166
4041 0.173036
4042 0.172906
4043 0.172777
4044 0.172647
4045 0.172517
4046 0.172388
4047 0.172259
4048 0.17213
4049 0.172001
4050 0.171872
4051 0.171743
4052 0.171614
4053 0.171486
4054 0.171357
4055 0.171229
4056 0.171101
4057 0.170973
4058 0.170845
4059 0.170717
4060 0.17059
4061 0.170462
4062 0.170335
4063 0.170207
4064 0.17008
4065 0.169953
4066 0.169826
4067 0.169699
4068 0.169572
4069 0.169446
4070 0.169319
4071 0.169193
4072 0.169067
4073 0.168941
4074 0.168815
4075 0.168689
4076 0.168563
4077 0.168437
4078 0.168312
4079 0.168187
4080 0.168061
4081 0.167936
4082 0.167811
4083 0.167686
4084 0.167561
4085 0.167437
4086 0.167312
4087 0.167188
4088 0.167063
4089 0.166939
4090 0.166815
4091 0.166691
4092 0.166567
4093 0.166443
4094 0.16632
4095 0.166196
4096 0.166073
4097 0.165949
4098 0.165826
4099 0.165703
4100 0.16558
4101 0.165457
4102 0.165335
4103 0.165212
4104 0.16509
4105 0.164967
4106 0.164845
4107 0.164723
4108 0.164601
4109 0.164479
4110 0.164357
4111 0.164236
4112 0.164114
4113 0.163993
4114 0.163871
4115 0.16375
4116 0.163629
4117 0.163508
4118 0.163387
4119 0.163266
4120 0.163146
4121 0.163025
4122 0.162905
4123 0.162784
4124 0.162664
4125 0.162544
4126 0.162424
4127 0.162304
4128 0.162184
4129 0.162065
4130 0.161945
4131 0.161826
4132 0.161706
4133 0.161587
4134 0.161468
4135 0.161349
4136 0.16123
4137 0.161112
4138 0.160993
4139 0.160874
4140 0.160756
4141 0.160638
4142 0.160519
4143 0.160401
4144 0.160283
4145 0.160165
4146 0.160048
4147 0.15993
4148 0.159812
4149 0.159695
4150 0.159578
4151 0.15946
4152 0.159343
4153 0.159226
4154 0.159109
4155 0.158993
4156 0.158876
4157 0.158759
4158 0.158643
4159 0.158526
4160 0.15841
4161 0.158294
4161 0.158178
4162 0.158062
4163 0.157946
4164 0.157831
4165 0.157715
4166 0.157599
4167 0.157484
4168 0.157369
4169 0.157254
4170 0.157138
4171 0.157024
4172 0.156909
4173 0.156794
4174 0.156679
4175 0.156565
4176 0.15645
4177 0.156336
4178 0.156222
4179 0.156107
4180 0.155993
4181 0.15588
4182 0.155766
4183 0.155652
4184 0.155538
4185 0.155425
4186 0.155311
4187 0.155198
4188 0.155085
4189 0.154972
4190 0.154859
4191 0.154746
4192 0.154633
4193 0.15452
4194 0.154408
4195 0.154295
4196 0.154183
4197 0.154071
4198 0.153959
4199 0.153846
4200 0.153734
4201 0.153623
4202 0.153511
4203 0.153399
4204 0.153288
4205 0.153176
4206 0.153065
4207 0.152954
4208 0.152842
4209 0.152731
4210 0.15262
4211 0.152509
4212 0.152399
4213 0.152288
4214 0.152177
4215 0.152067
4216 0.151957
4217 0.151846
4218 0.151736
4219 0.151626
4220 0.151516
4221 0.151406
4222 0.151297
4223 0.151187
4224 0.151077
4225 0.150968
4226 0.150858
4227 0.150749
4228 0.15064
4229 0.150531
4230 0.150422
4231 0.150313
4232 0.150204
4233 0.150096
4234 0.149987
4235 0.149879
4236 0.14977
4237 0.149662
4238 0.149554
4239 0.149446
4240 0.149338
4241 0.14923
4242 0.149122
4243 0.149014
4244 0.148907
4245 0.148799
4246 0.148692
4247 0.148584
4248 0.148477
4249 0.14837
4250 0.148263
4251 0.148156
4252 0.148049
4253 0.147943
4254 0.147836
4255 0.14773
4256 0.147623
4257 0.147517
4258 0.14741
4259 0.147304
4260 0.147198
4261 0.147092
4262 0.146986
4263 0.146881
4264 0.146775
4265 0.146669
4266 0.146564
4267 0.146459
4268 0.146353
4269 0.146248
4270 0.146143
4271 0.146038
4272 0.145933
4273 0.145828
4274 0.145724
4275 0.145619
4276 0.145514
4277 0.14541
4278 0.145306
4279 0.145201
4280 0.145097
4281 0.144993
4282 0.144889
4283 0.144785
4284 0.144682
4285 0.144578
4286 0.144474
4287 0.144371
4288 0.144267
4289 0.144164
4290 0.144061
4291 0.143958
4292 0.143855
4293 0.143752
4294 0.143649
4295 0.143546
4296 0.143444
4297 0.143341
4298 0.143238
4299 0.143136
4300 0.143034
4301 0.142932
4302 0.142829
4303 0.142727
4304 0.142626
4305 0.142524
4306 0.142422
4307 0.14232
4308 0.142219
4309 0.142117
4310 0.142016
4311 0.141915
4312 0.141814
4313 0.141712
4314 0.141611
4315 0.14151
4316 0.14141
4317 0.141309
4318 0.141208
4319 0.141108
4320 0.141007
4321 0.140907
4322 0.140807
4323 0.140706
4324 0.140606
4325 0.140506
4326 0.140406
4327 0.140307
4328 0.140207
4329 0.140107
4330 0.140008
4331 0.139908
4332 0.139809
4333 0.13971
4334 0.13961
4335 0.139511
4336 0.139412
4337 0.139313
4338 0.139214
4339 0.139116
4340 0.139017
4341 0.138918
4342 0.13882
4343 0.138722
4344 0.138623
4345 0.138525
4346 0.138427
4347 0.138329
4348 0.138231
4349 0.138133
4350 0.138035
4351 0.137937
4352 0.13784
4353 0.137742
4354 0.137645
4355 0.137548
4356 0.13745
4357 0.137353
4358 0.137256
4359 0.137159
4360 0.137062
4361 0.136965
4362 0.136869
4363 0.136772
4364 0.136675
4365 0.136579
4366 0.136482
4367 0.136386
4368 0.13629
4369 0.136194
4370 0.136098
4371 0.136002
4372 0.135906
4373 0.13581
4374 0.135714
4375 0.135619
4376 0.135523
4377 0.135428
4378 0.135332
4379 0.135237
4380 0.135142
4381 0.135047
4382 0.134952
4383 0.134857
4384 0.134762
4385 0.134667
4386 0.134573
4387 0.134478
4388 0.134384
4389 0.134289
4390 0.134195
4391 0.134101
4392 0.134006
4393 0.133912
4394 0.133818
4395 0.133724
4396 0.13363
4397 0.133537
4398 0.133443
4399 0.133349
4400 0.133256
4401 0.133163
4402 0.133069
4403 0.132976
4403 0.132883
4404 0.13279
4405 0.132697
4406 0.132604
4407 0.132511
4408 0.132418
4409 0.132325
4410 0.132233
4411 0.13214
4412 0.132048
4413 0.131956
4414 0.131863
4415 0.131771
4416 0.131679
4417 0.131587
4418 0.131495
4419 0.131403
4420 0.131311
4421 0.13122
4422 0.131128
4423 0.131037
4424 0.130945
4425 0.130854
4426 0.130762
4427 0.130671
4428 0.13058
4429 0.130489
4430 0.130398
4431 0.130307
4432 0.130216
4433 0.130126
4434 0.130035
4435 0.129944
4436 0.129854
4437 0.129764
4438 0.129673
4439 0.129583
4440 0.129493
4441 0.129403
4442 0.129313
4443 0.129223
4444 0.129133
4445 0.129043
4446 0.128953
4447 0.128864
4448 0.128774
4449 0.128685
4450 0.128595
4451 0.128506
4452 0.128417
4453 0.128328
4454 0.128239
4455 0.12815
4456 0.128061
4457 0.127972
4458 0.127883
4459 0.127795
4460 0.127706
4461 0.127618
4462 0.127529
4463 0.127441
4464 0.127352
4465 0.127264
4466 0.127176
4467 0.127088
4468 0.127
4469 0.126912
4470 0.126824
4471 0.126737
4472 0.126649
4473 0.126561
4474 0.126474
4475 0.126386
4476 0.126299
4477 0.126212
4478 0.126125
4479 0.126037
4480 0.12595
4481 0.125863
4482 0.125776
4483 0.12569
4484 0.125603
4485 0.125516
4486 0.12543
4487 0.125343
4488 0.125257
4489 0.12517
4490 0.125084
4491 0.124998
4492 0.124912
4493 0.124826
4494 0.12474
4495 0.124654
4496 0.124568
4497 0.124482
4498 0.124396
4499 0.124311
4500 0.124225
4501 0.12414
4502 0.124054
4503 0.123969
4504 0.123884
4505 0.123798
4506 0.123713
4507 0.123628
4508 0.123543
4509 0.123458
4510 0.123374
4511 0.123289
4512 0.123204
4513 0.12312
4514 0.123035
4515 0.122951
4516 0.122866
4517 0.122782
4518 0.122698
4519 0.122614
4520 0.122529
4521 0.122445
4522 0.122361
4523 0.122278
4524 0.122194
4525 0.12211
4526 0.122026
4527 0.121943
4528 0.121859
4529 0.121776
4530 0.121692
4531 0.121609
4532 0.121526
4533 0.121443
4534 0.12136
4535 0.121277
4536 0.121194
4537 0.121111
4538 0.121028
4539 0.120945
4540 0.120863
4541 0.12078
4542 0.120698
4543 0.120615
4544 0.120533
4545 0.12045
4546 0.120368
4547 0.120286
4548 0.120204
4549 0.120122
4550 0.12004
4551 0.119958
4552 0.119876
4553 0.119795
4554 0.119713
4555 0.119631
4556 0.11955
4557 0.119468
4558 0.119387
4559 0.119305
4560 0.119224
4561 0.119143
4562 0.119062
4563 0.118981
4564 0.1189
4565 0.118819
4566 0.118738
4567 0.118657
4568 0.118577
4569 0.118496
4570 0.118415
4571 0.118335
4572 0.118254
4573 0.118174
4574 0.118094
4575 0.118013
4576 0.117933
4577 0.117853
4578 0.117773
4579 0.117693
4580 0.117613
4581 0.117533
4582 0.117454
4583 0.117374
4584 0.117294
4585 0.117215
4586 0.117135
4587 0.117056
4588 0.116976
4589 0.116897
4590 0.116818
4591 0.116739
4592 0.11666
4593 0.116581
4594 0.116502
4595 0.116423
4596 0.116344
4597 0.116265
4598 0.116186
4599 0.116108
4600 0.116029
4601 0.115951
4602 0.115872
4603 0.115794
4604 0.115716
4605 0.115637
4606 0.115559
4607 0.115481
4608 0.115403
4609 0.115325
4610 0.115247
4611 0.115169
4612 0.115091
4613 0.115014
4614 0.114936
4615 0.114859
4616 0.114781
4617 0.114704
4618 0.114626
4619 0.114549
4620 0.114472
4621 0.114394
4622 0.114317
4623 0.11424
4624 0.114163
4625 0.114086
4626 0.114009
4627 0.113933
4628 0.113856
4629 0.113779
4630 0.113703
4631 0.113626
4632 0.11355
4633 0.113473
4634 0.113397
4635 0.113321
4636 0.113244
4637 0.113168
4638 0.113092
4639 0.113016
4640 0.11294
4641 0.112864
4642 0.112788
4643 0.112713
4644 0.112637
4644 0.112561
4645 0.112486
4646 0.11241
4647 0.112335
4648 0.112259
4649 0.112184
4650 0.112109
4651 0.112034
4652 0.111958
4653 0.111883
4654 0.111808
4655 0.111733
4656 0.111659
4657 0.111584
4658 0.111509
4659 0.111434
4660 0.11136
4661 0.111285
4662 0.111211
4663 0.111136
4664 0.111062
4665 0.110988
4666 0.110913
4667 0.110839
4668 0.110765
4669 0.110691
4670 0.110617
4671 0.110543
4672 0.110469
4673 0.110395
4674 0.110322
4675 0.110248
4676 0.110174
4677 0.110101
4678 0.110027
4679 0.109954
4680 0.10988
4681 0.109807
4682 0.109734
4683 0.109661
4684 0.109587
4685 0.109514
4686 0.109441
4687 0.109368
4688 0.109296
4689 0.109223
4690 0.10915
4691 0.109077
4692 0.109005
4693 0.108932
4694 0.10886
4695 0.108787
4696 0.108715
4697 0.108642
4698 0.10857
4699 0.108498
4700 0.108426
4701 0.108354
4702 0.108282
4703 0.10821
4704 0.108138
4705 0.108066
4706 0.107994
4707 0.107922
4708 0.107851
4709 0.107779
4710 0.107708
4711 0.107636
4712 0.107565
4713 0.107493
4714 0.107422
4715 0.107351
4716 0.10728
4717 0.107208
4718 0.107137
4719 0.107066
4720 0.106995
4721 0.106924
4722 0.106854
4723 0.106783
4724 0.106712
4725 0.106642
4726 0.106571
4727 0.1065
4728 0.10643
4729 0.10636
4730 0.106289
4731 0.106219
4732 0.106149
4733 0.106078
4734 0.106008
4735 0.105938
4736 0.105868
4737 0.105798
4738 0.105728
4739 0.105659
4740 0.105589
4741 0.105519
4742 0.10545
4743 0.10538
4744 0.10531
4745 0.105241
4746 0.105171
4747 0.105102
4748 0.105033
4749 0.104964
4750 0.104894
4751 0.104825
4752 0.104756
4753 0.104687
4754 0.104618
4755 0.104549
4756 0.104481
4757 0.104412
4758 0.104343
4759 0.104274
4760 0.104206
4761 0.104137
4762 0.104069
4763 0.104
4764 0.103932
4765 0.103864
4766 0.103795
4767 0.103727
4768 0.103659
4769 0.103591
4770 0.103523
4771 0.103455
4772 0.103387
4773 0.103319
4774 0.103251
4775 0.103184
4776 0.103116
4777 0.103048
4778 0.102981
4779 0.102913
4780 0.102846
4781 0.102778
4782 0.102711
4783 0.102644
4784 0.102576
4785 0.102509
4786 0.102442
4787 0.102375
4788 0.102308
4789 0.102241
4790 0.102174
4791 0.102107
4792 0.10204
4793 0.101974
4794 0.101907
4795 0.10184
4796 0.101774
4797 0.101707
4798 0.101641
4799 0.101574
4800 0.101508
4801 0.101442
4802 0.101376
4803 0.101309
4804 0.101243
4805 0.101177
4806 0.101111
4807 0.101045
4808 0.100979
4809 0.100913
4810 0.100848
4811 0.100782
4812 0.100716
4813 0.10065
4814 0.100585
4815 0.100519
4816 0.100454
4817 0.100388
4818 0.100323
4819 0.100258
4820 0.100193
4821 0.100127
4822 0.100062
4823 0.0999971
4824 0.099932
4825 0.0998671
4826 0.0998021
4827 0.0997372
4828 0.0996724
4829 0.0996076
4830 0.0995429
4831 0.0994783
4832 0.0994136
4833 0.0993491
4834 0.0992846
4835 0.0992201
4836 0.0991557
4837 0.0990914
4838 0.0990271
4839 0.0989629
4840 0.0988987
4841 0.0988345
4842 0.0987705
4843 0.0987064
4844 0.0986424
4845 0.0985785
4846 0.0985147
4847 0.0984508
4848 0.0983871
4849 0.0983234
4850 0.0982597
4851 0.0981961
4852 0.0981325
4853 0.098069
4854 0.0980056
4855 0.0979422
4856 0.0978789
4857 0.0978156
4858 0.0977523
4859 0.0976891
4860 0.097626
4861 0.0975629
4862 0.0974999
4863 0.0974369
4864 0.097374
4865 0.0973111
4866 0.0972483
4867 0.0971855
4868 0.0971228
4869 0.0970601
4870 0.0969975
4871 0.0969349
4872 0.0968724
4873 0.0968099
4874 0.0967475
4875 0.0966851
4876 0.0966228
4877 0.0965606
4878 0.0964984
4879 0.0964362
4880 0.0963741
4881 0.096312
4882 0.09625
4883 0.0961881
4884 0.0961262
4885 0.0960643
4885 0.0960025
4886 0.0959407
4887 0.095879
4888 0.0958174
4889 0.0957558
4890 0.0956942
4891 0.0956327
4892 0.0955713
4893 0.0955099
4894 0.0954485
4895 0.0953872
4896 0.095326
4897 0.0952647
4898 0.0952036
4899 0.0951425
4900 0.0950814
4901 0.0950204
4902 0.0949595
4903 0.0948986
4904 0.0948377
4905 0.0947769
4906 0.0947162
4907 0.0946554
4908 0.0945948
4909 0.0945342
4910 0.0944736
4911 0.0944131
4912 0.0943526
4913 0.0942922
4914 0.0942319
4915 0.0941716
4916 0.0941113
4917 0.0940511
4918 0.0939909
4919 0.0939308
4920 0.0938707
4921 0.0938107
4922 0.0937507
4923 0.0936908
4924 0.0936309
4925 0.0935711
4926 0.0935113
4927 0.0934516
4928 0.0933919
4929 0.0933322
4930 0.0932726
4931 0.0932131
4932 0.0931536
4933 0.0930942
4934 0.0930348
4935 0.0929754
4936 0.0929161
4937 0.0928569
4938 0.0927977
4939 0.0927385
4940 0.0926794
4941 0.0926203
4942 0.0925613
4943 0.0925023
4944 0.0924434
4945 0.0923845
4946 0.0923257
4947 0.0922669
4948 0.0922082
4949 0.0921495
4950 0.0920909
4951 0.0920323
4952 0.0919737
4953 0.0919152
4954 0.0918568
4955 0.0917984
4956 0.09174
4957 0.0916817
4958 0.0916234
4959 0.0915652
4960 0.091507
4961 0.0914489
4962 0.0913908
4963 0.0913328
4964 0.0912748
4965 0.0912169
4966 0.091159
4967 0.0911011
4968 0.0910433
4969 0.0909856
4970 0.0909278
4971 0.0908702
4972 0.0908126
4973 0.090755
4974 0.0906974
4975 0.09064
4976 0.0905825
4977 0.0905251
4978 0.0904678
4979 0.0904105
4980 0.0903532
4981 0.090296
4982 0.0902388
4983 0.0901817
4984 0.0901246
4985 0.0900676
4986 0.0900106
4987 0.0899537
4988 0.0898968
4989 0.0898399
4990 0.0897831
4991 0.0897264
4992 0.0896696
4993 0.089613
4994 0.0895563
4995 0.0894998
4996 0.0894432
4997 0.0893867
4998 0.0893303
4999 0.0892739
5000 0.0892175
5001 0.0891612
5002 0.0891049
5003 0.0890487
5004 0.0889925
5005 0.0889363
5006 0.0888803
5007 0.0888242
5008 0.0887682
5009 0.0887122
5010 0.0886563
5011 0.0886004
5012 0.0885446
5013 0.0884888
5014 0.0884331
5015 0.0883774
5016 0.0883217
5017 0.0882661
5018 0.0882105
5019 0.088155
5020 0.0880995
5021 0.0880441
5022 0.0879887
5023 0.0879333
5024 0.087878
5025 0.0878227
5026 0.0877675
5027 0.0877123
5028 0.0876572
5029 0.0876021
5030 0.0875471
5031 0.087492
5032 0.0874371
5033 0.0873822
5034 0.0873273
5035 0.0872725
5036 0.0872177
5037 0.0871629
5038 0.0871082
5039 0.0870536
5040 0.0869989
5041 0.0869444
5042 0.0868898
5043 0.0868353
5044 0.0867809
5045 0.0867265
5046 0.0866721
5047 0.0866178
5048 0.0865635
5049 0.0865093
5050 0.0864551
5051 0.086401
5052 0.0863469
5053 0.0862928
5054 0.0862388
5055 0.0861848
5056 0.0861309
5057 0.086077
5058 0.0860231
5059 0.0859693
5060 0.0859155
5061 0.0858618
5062 0.0858081
5063 0.0857545
5064 0.0857009
5065 0.0856473
5066 0.0855938
5067 0.0855404
5068 0.0854869
5069 0.0854335
5070 0.0853802
5071 0.0853269
5072 0.0852736
5073 0.0852204
5074 0.0851672
5075 0.0851141
5076 0.085061
5077 0.0850079
5078 0.0849549
5079 0.084902
5080 0.084849
5081 0.0847961
5082 0.0847433
5083 0.0846905
5084 0.0846377
5085 0.084585
5086 0.0845323
5087 0.0844797
5088 0.0844271
5089 0.0843745
5090 0.084322
5091 0.0842695
5092 0.0842171
5093 0.0841647
5094 0.0841124
5095 0.0840601
5096 0.0840078
5097 0.0839556
5098 0.0839034
5099 0.0838512
5100 0.0837991
5101 0.0837471
5102 0.083695
5103 0.083643
5104 0.0835911
5105 0.0835392
5106 0.0834873
5107 0.0834355
5108 0.0833837
5109 0.083332
5110 0.0832803
5111 0.0832286
5112 0.083177
5113 0.0831255
5114 0.0830739
5115 0.0830224
5116 0.082971
5117 0.0829195
5118 0.0828682
5119 0.0828168
5120 0.0827655
5121 0.0827143
5122 0.0826631
5123 0.0826119
5124 0.0825608
5125 0.0825097
5126 0.0824586
5127 0.0824076
5127 0.0823566
5128 0.0823057
5129 0.0822548
5130 0.0822039
5131 0.0821531
5132 0.0821023
5133 0.0820516
5134 0.0820009
5135 0.0819502
5136 0.0818996
5137 0.081849
5138 0.0817985
5139 0.081748
5140 0.0816976
5141 0.0816471
5142 0.0815967
5143 0.0815464
5144 0.0814961
5145 0.0814458
5146 0.0813956
5147 0.0813454
5148 0.0812953
5149 0.0812452
5150 0.0811951
5151 0.0811451
5152 0.0810951
5153 0.0810451
5154 0.0809952
5155 0.0809454
5156 0.0808955
5157 0.0808457
5158 0.080796
5159 0.0807463
5160 0.0806966
5161 0.0806469
5162 0.0805973
5163 0.0805478
5164 0.0804982
5165 0.0804488
5166 0.0803993
5167 0.0803499
5168 0.0803005
5169 0.0802512
5170 0.0802019
5171 0.0801527
5172 0.0801034
5173 0.0800543
5174 0.0800051
5175 0.079956
5176 0.079907
5177 0.0798579
5178 0.0798089
5179 0.07976
5180 0.0797111
5181 0.0796622
5182 0.0796134
5183 0.0795646
5184 0.0795158
5185 0.0794671
5186 0.0794184
5187 0.0793698
5188 0.0793212
5189 0.0792726
5190 0.0792241
5191 0.0791756
5192 0.0791271
5193 0.0790787
5194 0.0790303
5195 0.078982
5196 0.0789336
5197 0.0788854
5198 0.0788371
5199 0.0787889
5200 0.0787408
5201 0.0786927
5202 0.0786446
5203 0.0785965
5204 0.0785485
5205 0.0785006
5206 0.0784526
5207 0.0784047
5208 0.0783569
5209 0.078309
5210 0.0782613
5211 0.0782135
5212 0.0781658
5213 0.0781181
5214 0.0780705
5215 0.0780229
5216 0.0779753
5217 0.0779278
5218 0.0778803
5219 0.0778328
5220 0.0777854
5221 0.077738
5222 0.0776907
5223 0.0776434
5224 0.0775961
5225 0.0775489
5226 0.0775017
5227 0.0774545
5228 0.0774074
5229 0.0773603
5230 0.0773133
5231 0.0772662
5232 0.0772193
5233 0.0771723
5234 0.0771254
5235 0.0770785
5236 0.0770317
5237 0.0769849
5238 0.0769381
5239 0.0768914
5240 0.0768447
5241 0.076798
5242 0.0767514
5243 0.0767048
5244 0.0766583
5245 0.0766118
5246 0.0765653
5247 0.0765189
5248 0.0764725
5249 0.0764261
5250 0.0763798
5251 0.0763335
5252 0.0762872
5253 0.076241
5254 0.0761948
5255 0.0761486
5256 0.0761025
5257 0.0760564
5258 0.0760104
5259 0.0759643
5260 0.0759184
5261 0.0758724
5262 0.0758265
5263 0.0757806
5264 0.0757348
5265 0.075689
5266 0.0756432
5267 0.0755975
5268 0.0755518
5269 0.0755061
5270 0.0754605
5271 0.0754149
5272 0.0753693
5273 0.0753238
5274 0.0752783
5275 0.0752329
5276 0.0751874
5277 0.075142
5278 0.0750967
5279 0.0750514
5280 0.0750061
5281 0.0749608
5282 0.0749156
5283 0.0748705
5284 0.0748253
5285 0.0747802
5286 0.0747351
5287 0.0746901
5288 0.0746451
5289 0.0746001
5290 0.0745552
5291 0.0745103
5292 0.0744654
5293 0.0744206
5294 0.0743757
5295 0.074331
5296 0.0742862
5297 0.0742415
5298 0.0741969
5299 0.0741522
5300 0.0741076
5301 0.0740631
5302 0.0740186
5303 0.0739741
5304 0.0739296
5305 0.0738852
5306 0.0738408
5307 0.0737964
5308 0.0737521
5309 0.0737078
5310 0.0736635
5311 0.0736193
5312 0.0735751
5313 0.0735309
5314 0.0734868
5315 0.0734427
5316 0.0733987
5317 0.0733546
5318 0.0733106
5319 0.0732667
5320 0.0732227
5321 0.0731788
5322 0.073135
5323 0.0730912
5324 0.0730474
5325 0.0730036
5326 0.0729599
5327 0.0729162
5328 0.0728725
5329 0.0728289
5330 0.0727853
5331 0.0727417
5332 0.0726982
5333 0.0726547
5334 0.0726112
5335 0.0725678
5336 0.0725244
5337 0.072481
5338 0.0724377
5339 0.0723944
5340 0.0723511
5341 0.0723078
5342 0.0722646
5343 0.0722215
5344 0.0721783
5345 0.0721352
5346 0.0720921
5347 0.0720491
5348 0.0720061
5349 0.0719631
5350 0.0719201
5351 0.0718772
5352 0.0718343
5353 0.0717915
5354 0.0717487
5355 0.0717059
5356 0.0716631
5357 0.0716204
5358 0.0715777
5359 0.071535
5360 0.0714924
5361 0.0714498
5362 0.0714072
5363 0.0713647
5364 0.0713222
5365 0.0712797
5366 0.0712373
5367 0.0711949
5368 0.0711525
5368 0.0711102
5369 0.0710679
5370 0.0710256
5371 0.0709833
5372 0.0709411
5373 0.0708989
5374 0.0708568
5375 0.0708146
5376 0.0707725
5377 0.0707305
5378 0.0706884
5379 0.0706464
5380 0.0706045
5381 0.0705625
5382 0.0705206
5383 0.0704787
5384 0.0704369
5385 0.0703951
5386 0.0703533
5387 0.0703115
5388 0.0702698
5389 0.0702281
5390 0.0701865
5391 0.0701448
5392 0.0701032
5393 0.0700617
5394 0.0700201
5395 0.0699786
5396 0.0699371
5397 0.0698957
5398 0.0698543
5399 0.0698129
5400 0.0697715
5401 0.0697302
5402 0.0696889
5403 0.0696476
5404 0.0696064
5405 0.0695652
5406 0.069524
5407 0.0694829
5408 0.0694418
5409 0.0694007
5410 0.0693596
5411 0.0693186
5412 0.0692776
5413 0.0692366
5414 0.0691957
5415 0.0691548
5416 0.0691139
5417 0.0690731
5418 0.0690323
5419 0.0689915
5420 0.0689507
5421 0.06891
5422 0.0688693
5423 0.0688286
5424 0.068788
5425 0.0687474
5426 0.0687068
5427 0.0686663
5428 0.0686257
5429 0.0685852
5430 0.0685448
5431 0.0685044
5432 0.0684639
5433 0.0684236
5434 0.0683832
5435 0.0683429
5436 0.0683026
5437 0.0682624
5438 0.0682221
5439 0.0681819
5440 0.0681418
5441 0.0681016
5442 0.0680615
5443 0.0680214
5444 0.0679814
5445 0.0679414
5446 0.0679014
5447 0.0678614
5448 0.0678215
5449 0.0677815
5450 0.0677417
5451 0.0677018
5452 0.067662
5453 0.0676222
5454 0.0675824
5455 0.0675427
5456 0.067503
5457 0.0674633
5458 0.0674236
5459 0.067384
5460 0.0673444
5461 0.0673048
5462 0.0672653
5463 0.0672258
5464 0.0671863
5465 0.0671468
5466 0.0671074
5467 0.067068
5468 0.0670286
5469 0.0669893
5470 0.06695
5471 0.0669107
5472 0.0668714
5473 0.0668322
5474 0.066793
5475 0.0667538
5476 0.0667146
5477 0.0666755
5478 0.0666364
5479 0.0665974
5480 0.0665583
5481 0.0665193
5482 0.0664803
5483 0.0664414
5484 0.0664024
5485 0.0663635
5486 0.0663247
5487 0.0662858
5488 0.066247
5489 0.0662082
5490 0.0661694
5491 0.0661307
5492 0.066092
5493 0.0660533
5494 0.0660146
5495 0.065976
5496 0.0659374
5497 0.0658988
5498 0.0658603
5499 0.0658218
5500 0.0657833
5501 0.0657448
5502 0.0657064
5503 0.0656679
5504 0.0656295
5505 0.0655912
5506 0.0655529
5507 0.0655145
5508 0.0654763
5509 0.065438
5510 0.0653998
5511 0.0653616
5512 0.0653234
5513 0.0652853
5514 0.0652471
5515 0.065209
5516 0.065171
5517 0.0651329
5518 0.0650949
5519 0.0650569
5520 0.065019
5521 0.064981
5522 0.0649431
5523 0.0649052
5524 0.0648674
5525 0.0648296
5526 0.0647918
5527 0.064754
5528 0.0647162
5529 0.0646785
5530 0.0646408
5531 0.0646031
5532 0.0645655
5533 0.0645279
5534 0.0644903
5535 0.0644527
5536 0.0644152
5537 0.0643777
5538 0.0643402
5539 0.0643027
5540 0.0642653
5541 0.0642279
5542 0.0641905
5543 0.0641531
5544 0.0641158
5545 0.0640785
5546 0.0640412
5547 0.064004
5548 0.0639668
5549 0.0639296
5550 0.0638924
5551 0.0638552
5552 0.0638181
5553 0.063781
5554 0.063744
5555 0.0637069
5556 0.0636699
5557 0.0636329
5558 0.063596
5559 0.063559
5560 0.0635221
5561 0.0634852
5562 0.0634484
5563 0.0634115
5564 0.0633747
5565 0.063338
5566 0.0633012
5567 0.0632645
5568 0.0632278
5569 0.0631911
5570 0.0631544
5571 0.0631178
5572 0.0630812
5573 0.0630446
5574 0.0630081
5575 0.0629716
5576 0.0629351
5577 0.0628986
5578 0.0628622
5579 0.0628257
5580 0.0627893
5581 0.062753
5582 0.0627166
5583 0.0626803
5584 0.062644
5585 0.0626078
5586 0.0625715
5587 0.0625353
5588 0.0624991
5589 0.062463
5590 0.0624268
5591 0.0623907
5592 0.0623546
5593 0.0623186
5594 0.0622825
5595 0.0622465
5596 0.0622106
5597 0.0621746
5598 0.0621387
5599 0.0621028
5600 0.0620669
5601 0.062031
5602 0.0619952
5603 0.0619594
5604 0.0619236
5605 0.0618879
5606 0.0618521
5607 0.0618164
5608 0.0617807
5609 0.0617451
5609 0.0617095
5610 0.0616739
5611 0.0616383
5612 0.0616027
5613 0.0615672
5614 0.0615317
5615 0.0614962
5616 0.0614608
5617 0.0614254
5618 0.06139
5619 0.0613546
5620 0.0613192
5621 0.0612839
5622 0.0612486
5623 0.0612133
5624 0.0611781
5625 0.0611429
5626 0.0611077
5627 0.0610725
5628 0.0610374
5629 0.0610022
5630 0.0609671
5631 0.0609321
5632 0.060897
5633 0.060862
5634 0.060827
5635 0.060792
5636 0.0607571
5637 0.0607222
5638 0.0606873
5639 0.0606524
5640 0.0606175
5641 0.0605827
5642 0.0605479
5643 0.0605131
5644 0.0604784
5645 0.0604437
5646 0.060409
5647 0.0603743
5648 0.0603397
5649 0.060305
5650 0.0602704
5651 0.0602359
5652 0.0602013
5653 0.0601668
5654 0.0601323
5655 0.0600978
5656 0.0600634
5657 0.0600289
5658 0.0599945
5659 0.0599602
5660 0.0599258
5661 0.0598915
5662 0.0598572
5663 0.0598229
5664 0.0597886
5665 0.0597544
5666 0.0597202
5667 0.059686
5668 0.0596519
5669 0.0596178
5670 0.0595836
5671 0.0595496
5672 0.0595155
5673 0.0594815
5674 0.0594475
5675 0.0594135
5676 0.0593795
5677 0.0593456
5678 0.0593117
5679 0.0592778
5680 0.0592439
5681 0.0592101
5682 0.0591763
5683 0.0591425
5684 0.0591087
5685 0.059075
5686 0.0590413
5687 0.0590076
5688 0.0589739
5689 0.0589403
5690 0.0589067
5691 0.0588731
5692 0.0588395
5693 0.058806
5694 0.0587724
5695 0.0587389
5696 0.0587055
5697 0.058672
5698 0.0586386
5699 0.0586052
5700 0.0585718
5701 0.0585385
5702 0.0585051
5703 0.0584718
5704 0.0584386
5705 0.0584053
5706 0.0583721
5707 0.0583389
5708 0.0583057
5709 0.0582725
5710 0.0582394
5711 0.0582063
5712 0.0581732
5713 0.0581401
5714 0.0581071
5715 0.0580741
5716 0.0580411
5717 0.0580081
5718 0.0579752
5719 0.0579422
5720 0.0579094
5721 0.0578765
5722 0.0578436
5723 0.0578108
5724 0.057778
5725 0.0577452
5726 0.0577125
5727 0.0576797
5728 0.057647
5729 0.0576144
5730 0.0575817
5731 0.0575491
5732 0.0575165
5733 0.0574839
5734 0.0574513
5735 0.0574188
5736 0.0573862
5737 0.0573538
5738 0.0573213
5739 0.0572888
5740 0.0572564
5741 0.057224
5742 0.0571916
5743 0.0571593
5744 0.057127
5745 0.0570947
5746 0.0570624
5747 0.0570301
5748 0.0569979
5749 0.0569657
5750 0.0569335
5751 0.0569013
5752 0.0568692
5753 0.0568371
5754 0.056805
5755 0.0567729
5756 0.0567409
5757 0.0567089
5758 0.0566769
5759 0.0566449
5760 0.0566129
5761 0.056581
5762 0.0565491
5763 0.0565172
5764 0.0564853
5765 0.0564535
5766 0.0564217
5767 0.0563899
5768 0.0563581
5769 0.0563264
5770 0.0562947
5771 0.056263
5772 0.0562313
5773 0.0561997
5774 0.056168
5775 0.0561364
5776 0.0561048
5777 0.0560733
5778 0.0560418
5779 0.0560102
5780 0.0559788
5781 0.0559473
5782 0.0559158
5783 0.0558844
5784 0.055853
5785 0.0558217
5786 0.0557903
5787 0.055759
5788 0.0557277
5789 0.0556964
5790 0.0556651
5791 0.0556339
5792 0.0556027
5793 0.0555715
5794 0.0555403
5795 0.0555092
5796 0.0554781
5797 0.055447
5798 0.0554159
5799 0.0553848
5800 0.0553538
5801 0.0553228
5802 0.0552918
5803 0.0552609
5804 0.0552299
5805 0.055199
5806 0.0551681
5807 0.0551372
5808 0.0551064
5809 0.0550756
5810 0.0550448
5811 0.055014
5812 0.0549832
5813 0.0549525
5814 0.0549218
5815 0.0548911
5816 0.0548604
5817 0.0548298
5818 0.0547991
5819 0.0547685
5820 0.054738
5821 0.0547074
5822 0.0546769
5823 0.0546464
5824 0.0546159
5825 0.0545854
5826 0.054555
5827 0.0545246
5828 0.0544942
5829 0.0544638
5830 0.0544334
5831 0.0544031
5832 0.0543728
5833 0.0543425
5834 0.0543122
5835 0.054282
5836 0.0542518
5837 0.0542216
5838 0.0541914
5839 0.0541613
5840 0.0541311
5841 0.054101
5842 0.0540709
5843 0.0540409
5844 0.0540108
5845 0.0539808
5846 0.0539508
5847 0.0539209
5848 0.0538909
5849 0.053861
5850 0.0538311
5850 0.0538012
5851 0.0537713
5852 0.0537415
5853 0.0537117
5854 0.0536819
5855 0.0536521
5856 0.0536223
5857 0.0535926
5858 0.0535629
5859 0.0535332
5860 0.0535035
5861 0.0534739
5862 0.0534443
5863 0.0534147
5864 0.0533851
5865 0.0533555
5866 0.053326
5867 0.0532965
5868 0.053267
5869 0.0532375
5870 0.0532081
5871 0.0531787
5872 0.0531493
5873 0.0531199
5874 0.0530905
5875 0.0530612
5876 0.0530319
5877 0.0530026
5878 0.0529733
5879 0.0529441
5880 0.0529148
5881 0.0528856
5882 0.0528564
5883 0.0528273
5884 0.0527981
5885 0.052769
5886 0.0527399
5887 0.0527108
5888 0.0526818
5889 0.0526527
5890 0.0526237
5891 0.0525947
5892 0.0525658
5893 0.0525368
5894 0.0525079
5895 0.052479
5896 0.0524501
5897 0.0524213
5898 0.0523924
5899 0.0523636
5900 0.0523348
5901 0.052306
5902 0.0522773
5903 0.0522485
5904 0.0522198
5905 0.0521911
5906 0.0521625
5907 0.0521338
5908 0.0521052
5909 0.0520766
5910 0.052048
5911 0.0520194
5912 0.0519909
5913 0.0519624
5914 0.0519339
5915 0.0519054
5916 0.051877
5917 0.0518485
5918 0.0518201
5919 0.0517917
5920 0.0517633
5921 0.051735
5922 0.0517067
5923 0.0516784
5924 0.0516501
5925 0.0516218
5926 0.0515936
5927 0.0515653
5928 0.0515371
5929 0.051509
5930 0.0514808
5931 0.0514527
5932 0.0514245
5933 0.0513964
5934 0.0513684
5935 0.0513403
5936 0.0513123
5937 0.0512843
5938 0.0512563
5939 0.0512283
5940 0.0512003
5941 0.0511724
5942 0.0511445
5943 0.0511166
5944 0.0510888
5945 0.0510609
5946 0.0510331
5947 0.0510053
5948 0.0509775
5949 0.0509497
5950 0.050922
5951 0.0508943
5952 0.0508666
5953 0.0508389
5954 0.0508112
5955 0.0507836
5956 0.050756
5957 0.0507284
5958 0.0507008
5959 0.0506732
5960 0.0506457
5961 0.0506182
5962 0.0505907
5963 0.0505632
5964 0.0505358
5965 0.0505083
5966 0.0504809
5967 0.0504535
5968 0.0504262
5969 0.0503988
5970 0.0503715
5971 0.0503442
5972 0.0503169
5973 0.0502896
5974 0.0502624
5975 0.0502352
5976 0.0502079
5977 0.0501808
5978 0.0501536
5979 0.0501264
5980 0.0500993
5981 0.0500722
5982 0.0500451
5983 0.0500181
5984 0.049991
5985 0.049964
5986 0.049937
5987 0.04991
5988 0.0498831
5989 0.0498561
5990 0.0498292
5991 0.0498023
5992 0.0497754
5993 0.0497485
5994 0.0497217
5995 0.0496949
5996 0.0496681
5997 0.0496413
5998 0.0496145
5999 0.0495878
6000 0.0495611
6001 0.0495344
6002 0.0495077
6003 0.049481
6004 0.0494544
6005 0.0494278
6006 0.0494012
6007 0.0493746
6008 0.049348
6009 0.0493215
6010 0.049295
6011 0.0492685
6012 0.049242
6013 0.0492155
6014 0.0491891
6015 0.0491627
6016 0.0491363
6017 0.0491099
6018 0.0490835
6019 0.0490572
6020 0.0490309
6021 0.0490046
6022 0.0489783
6023 0.048952
6024 0.0489258
6025 0.0488996
6026 0.0488734
6027 0.0488472
6028 0.048821
6029 0.0487949
6030 0.0487687
6031 0.0487426
6032 0.0487166
6033 0.0486905
6034 0.0486645
6035 0.0486384
6036 0.0486124
6037 0.0485864
6038 0.0485605
6039 0.0485345
6040 0.0485086
6041 0.0484827
6042 0.0484568
6043 0.0484309
6044 0.0484051
6045 0.0483793
6046 0.0483534
6047 0.0483277
6048 0.0483019
6049 0.0482761
6050 0.0482504
6051 0.0482247
6052 0.048199
6053 0.0481733
6054 0.0481477
6055 0.048122
6056 0.0480964
6057 0.0480708
6058 0.0480452
6059 0.0480197
6060 0.0479941
6061 0.0479686
6062 0.0479431
6063 0.0479176
6064 0.0478922
6065 0.0478667
6066 0.0478413
6067 0.0478159
6068 0.0477905
6069 0.0477652
6070 0.0477398
6071 0.0477145
6072 0.0476892
6073 0.0476639
6074 0.0476386
6075 0.0476134
6076 0.0475881
6077 0.0475629
6078 0.0475377
6079 0.0475126
6080 0.0474874
6081 0.0474623
6082 0.0474371
6083 0.047412
6084 0.047387
6085 0.0473619
6086 0.0473369
6087 0.0473118
6088 0.0472868
6089 0.0472619
6090 0.0472369
6091 0.0472119
6092 0.047187
6092 0.0471621
6093 0.0471372
6094 0.0471123
6095 0.0470875
6096 0.0470627
6097 0.0470378
6098 0.047013
6099 0.0469883
6100 0.0469635
6101 0.0469388
6102 0.046914
6103 0.0468893
6104 0.0468647
6105 0.04684
6106 0.0468153
6107 0.0467907
6108 0.0467661
6109 0.0467415
6110 0.0467169
6111 0.0466924
6112 0.0466679
6113 0.0466433
6114 0.0466188
6115 0.0465944
6116 0.0465699
6117 0.0465455
6118 0.046521
6119 0.0464966
6120 0.0464722
6121 0.0464479
6122 0.0464235
6123 0.0463992
6124 0.0463749
6125 0.0463506
6126 0.0463263
6127 0.0463021
6128 0.0462778
6129 0.0462536
6130 0.0462294
6131 0.0462052
6132 0.046181
6133 0.0461569
6134 0.0461328
6135 0.0461087
6136 0.0460846
6137 0.0460605
6138 0.0460364
6139 0.0460124
6140 0.0459884
6141 0.0459644
6142 0.0459404
6143 0.0459164
6144 0.0458925
6145 0.0458685
6146 0.0458446
6147 0.0458207
6148 0.0457969
6149 0.045773
6150 0.0457492
6151 0.0457253
6152 0.0457015
6153 0.0456777
6154 0.045654
6155 0.0456302
6156 0.0456065
6157 0.0455828
6158 0.0455591
6159 0.0455354
6160 0.0455117
6161 0.0454881
6162 0.0454644
6163 0.0454408
6164 0.0454172
6165 0.0453937
6166 0.0453701
6167 0.0453466
6168 0.045323
6169 0.0452995
6170 0.0452761
6171 0.0452526
6172 0.0452291
6173 0.0452057
6174 0.0451823
6175 0.0451589
6176 0.0451355
6177 0.0451121
6178 0.0450888
6179 0.0450654
6180 0.0450421
6181 0.0450188
6182 0.0449955
6183 0.0449723
6184 0.044949
6185 0.0449258
6186 0.0449026
6187 0.0448794
6188 0.0448562
6189 0.0448331
6190 0.0448099
6191 0.0447868
6192 0.0447637
6193 0.0447406
6194 0.0447175
6195 0.0446944
6196 0.0446714
6197 0.0446484
6198 0.0446254
6199 0.0446024
6200 0.0445794
6201 0.0445564
6202 0.0445335
6203 0.0445106
6204 0.0444877
6205 0.0444648
6206 0.0444419
6207 0.044419
6208 0.0443962
6209 0.0443734
6210 0.0443506
6211 0.0443278
6212 0.044305
6213 0.0442822
6214 0.0442595
6215 0.0442368
6216 0.0442141
6217 0.0441914
6218 0.0441687
6219 0.044146
6220 0.0441234
6221 0.0441007
6222 0.0440781
6223 0.0440555
6224 0.044033
6225 0.0440104
6226 0.0439878
6227 0.0439653
6228 0.0439428
6229 0.0439203
6230 0.0438978
6231 0.0438753
6232 0.0438529
6233 0.0438305
6234 0.043808
6235 0.0437856
6236 0.0437632
6237 0.0437409
6238 0.0437185
6239 0.0436962
6240 0.0436739
6241 0.0436515
6242 0.0436293
6243 0.043607
6244 0.0435847
6245 0.0435625
6246 0.0435402
6247 0.043518
6248 0.0434958
6249 0.0434736
6250 0.0434515
6251 0.0434293
6252 0.0434072
6253 0.0433851
6254 0.043363
6255 0.0433409
6256 0.0433188
6257 0.0432967
6258 0.0432747
6259 0.0432527
6260 0.0432307
6261 0.0432087
6262 0.0431867
6263 0.0431647
6264 0.0431428
6265 0.0431208
6266 0.0430989
6267 0.043077
6268 0.0430551
6269 0.0430333
6270 0.0430114
6271 0.0429896
6272 0.0429677
6273 0.0429459
6274 0.0429241
6275 0.0429023
6276 0.0428806
6277 0.0428588
6278 0.0428371
6279 0.0428153
6280 0.0427936
6281 0.0427719
6282 0.0427503
6283 0.0427286
6284 0.042707
6285 0.0426853
6286 0.0426637
6287 0.0426421
6288 0.0426205
6289 0.0425989
6290 0.0425774
6291 0.0425558
6292 0.0425343
6293 0.0425128
6294 0.0424913
6295 0.0424698
6296 0.0424483
6297 0.0424269
6298 0.0424054
6299 0.042384
6300 0.0423626
6301 0.0423412
6302 0.0423198
6303 0.0422984
6304 0.0422771
6305 0.0422557
6306 0.0422344
6307 0.0422131
6308 0.0421918
6309 0.0421705
6310 0.0421492
6311 0.042128
6312 0.0421067
6313 0.0420855
6314 0.0420643
6315 0.0420431
6316 0.0420219
6317 0.0420007
6318 0.0419796
6319 0.0419584
6320 0.0419373
6321 0.0419162
6322 0.0418951
6323 0.041874
6324 0.0418529
6325 0.0418319
6326 0.0418108
6327 0.0417898
6328 0.0417688
6329 0.0417478
6330 0.0417268
6331 0.0417058
6332 0.0416849
6333 0.0416639
6333 0.041643
6334 0.0416221
6335 0.0416012
6336 0.0415803
6337 0.0415594
6338 0.0415385
6339 0.0415177
6340 0.0414968
6341 0.041476
6342 0.0414552
6343 0.0414344
6344 0.0414136
6345 0.0413928
6346 0.0413721
6347 0.0413513
6348 0.0413306
6349 0.0413099
6350 0.0412892
6351 0.0412685
6352 0.0412478
6353 0.0412272
6354 0.0412065
6355 0.0411859
6356 0.0411653
6357 0.0411446
6358 0.041124
6359 0.0411035
6360 0.0410829
6361 0.0410623
6362 0.0410418
6363 0.0410213
6364 0.0410007
6365 0.0409802
6366 0.0409597
6367 0.0409393
6368 0.0409188
6369 0.0408983
6370 0.0408779
6371 0.0408575
6372 0.0408371
6373 0.0408167
6374 0.0407963
6375 0.0407759
6376 0.0407555
6377 0.0407352
6378 0.0407148
6379 0.0406945
6380 0.0406742
6381 0.0406539
6382 0.0406336
6383 0.0406133
6384 0.0405931
6385 0.0405728
6386 0.0405526
6387 0.0405324
6388 0.0405122
6389 0.040492
6390 0.0404718
6391 0.0404516
6392 0.0404314
6393 0.0404113
6394 0.0403911
6395 0.040371
6396 0.0403509
6397 0.0403308
6398 0.0403107
6399 0.0402906
6400 0.0402706
6401 0.0402505
6402 0.0402305
6403 0.0402105
6404 0.0401904
6405 0.0401704
6406 0.0401504
6407 0.0401305
6408 0.0401105
6409 0.0400905
6410 0.0400706
6411 0.0400507
6412 0.0400308
6413 0.0400108
6414 0.039991
6415 0.0399711
6416 0.0399512
6417 0.0399313
6418 0.0399115
6419 0.0398917
6420 0.0398718
6421 0.039852
6422 0.0398322
6423 0.0398124
6424 0.0397927
6425 0.0397729
6426 0.0397531
6427 0.0397334
6428 0.0397137
6429 0.0396939
6430 0.0396742
6431 0.0396545
6432 0.0396349
6433 0.0396152
6434 0.0395955
6435 0.0395759
6436 0.0395562
6437 0.0395366
6438 0.039517
6439 0.0394974
6440 0.0394778
6441 0.0394582
6442 0.0394387
6443 0.0394191
6444 0.0393995
6445 0.03938
6446 0.0393605
6447 0.039341
6448 0.0393215
6449 0.039302
6450 0.0392825
6451 0.039263
6452 0.0392436
6453 0.0392241
6454 0.0392047
6455 0.0391853
6456 0.0391659
6457 0.0391464
6458 0.0391271
6459 0.0391077
6460 0.0390883
6461 0.0390689
6462 0.0390496
6463 0.0390303
6464 0.0390109
6465 0.0389916
6466 0.0389723
6467 0.038953
6468 0.0389337
6469 0.0389145
6470 0.0388952
6471 0.0388759
6472 0.0388567
6473 0.0388375
6474 0.0388183
6475 0.038799
6476 0.0387798
6477 0.0387607
6478 0.0387415
6479 0.0387223
6480 0.0387032
6481 0.038684
6482 0.0386649
6483 0.0386457
6484 0.0386266
6485 0.0386075
6486 0.0385884
6487 0.0385693
6488 0.0385503
6489 0.0385312
6490 0.0385122
6491 0.0384931
6492 0.0384741
6493 0.0384551
6494 0.038436
6495 0.038417
6496 0.038398
6497 0.0383791
6498 0.0383601
6499 0.0383411
6500 0.0383222
6501 0.0383032
6502 0.0382843
6503 0.0382654
6504 0.0382465
6505 0.0382276
6506 0.0382087
6507 0.0381898
6508 0.0381709
6509 0.0381521
6510 0.0381332
6511 0.0381144
6512 0.0380955
6513 0.0380767
6514 0.0380579
6515 0.0380391
6516 0.0380203
6517 0.0380015
6518 0.0379827
6519 0.0379639
6520 0.0379452
6521 0.0379264
6522 0.0379077
6523 0.037889
6524 0.0378703
6525 0.0378515
6526 0.0378328
6527 0.0378142
6528 0.0377955
6529 0.0377768
6530 0.0377581
6531 0.0377395
6532 0.0377208
6533 0.0377022
6534 0.0376836
6535 0.037665
6536 0.0376464
6537 0.0376278
6538 0.0376092
6539 0.0375906
6540 0.037572
6541 0.0375535
6542 0.0375349
6543 0.0375164
6544 0.0374978
6545 0.0374793
6546 0.0374608
6547 0.0374423
6548 0.0374238
6549 0.0374053
6550 0.0373868
6551 0.0373683
6552 0.0373499
6553 0.0373314
6554 0.037313
6555 0.0372945
6556 0.0372761
6557 0.0372577
6558 0.0372393
6559 0.0372209
6560 0.0372025
6561 0.0371841
6562 0.0371657
6563 0.0371473
6564 0.037129
6565 0.0371106
6566 0.0370923
6567 0.037074
6568 0.0370556
6569 0.0370373
6570 0.037019
6571 0.0370007
6572 0.0369824
6573 0.0369641
6574 0.0369459
6574 0.0369276
6575 0.0369093
6576 0.0368911
6577 0.0368728
6578 0.0368546
6579 0.0368364
6580 0.0368182
6581 0.0368
6582 0.0367818
6583 0.0367636
6584 0.0367454
6585 0.0367272
6586 0.036709
6587 0.0366909
6588 0.0366727
6589 0.0366546
6590 0.0366364
6591 0.0366183
6592 0.0366002
6593 0.0365821
6594 0.036564
6595 0.0365459
6596 0.0365278
6597 0.0365097
6598 0.0364916
6599 0.0364736
6600 0.0364555
6601 0.0364375
6602 0.0364194
6603 0.0364014
6604 0.0363834
6605 0.0363653
6606 0.0363473
6607 0.0363293
6608 0.0363113
6609 0.0362933
6610 0.0362753
6611 0.0362574
6612 0.0362394
6613 0.0362214
6614 0.0362035
6615 0.0361855
6616 0.0361676
6617 0.0361497
6618 0.0361318
6619 0.0361138
6620 0.0360959
6621 0.036078
6622 0.0360601
6623 0.0360423
6624 0.0360244
6625 0.0360065
6626 0.0359886
6627 0.0359708
6628 0.0359529
6629 0.0359351
6630 0.0359172
6631 0.0358994
6632 0.0358816
6633 0.0358638
6634 0.035846
6635 0.0358282
6636 0.0358104
6637 0.0357926
6638 0.0357748
6639 0.035757
6640 0.0357393
6641 0.0357215
6642 0.0357038
6643 0.035686
6644 0.0356683
6645 0.0356505
6646 0.0356328
6647 0.0356151
6648 0.0355974
6649 0.0355797
6650 0.035562
6651 0.0355443
6652 0.0355266
6653 0.0355089
6654 0.0354912
6655 0.0354736
6656 0.0354559
6657 0.0354382
6658 0.0354206
6659 0.035403
6660 0.0353853
6661 0.0353677
6662 0.0353501
6663 0.0353325
6664 0.0353148
6665 0.0352972
6666 0.0352796
6667 0.0352621
6668 0.0352445
6669 0.0352269
6670 0.0352093
6671 0.0351918
6672 0.0351742
6673 0.0351566
6674 0.0351391
6675 0.0351215
6676 0.035104
6677 0.0350865
6678 0.035069
6679 0.0350514
6680 0.0350339
6681 0.0350164
6682 0.0349989
6683 0.0349814
6684 0.0349639
6685 0.0349465
6686 0.034929
6687 0.0349115
6688 0.034894
6689 0.0348766
6690 0.0348591
6691 0.0348417
6692 0.0348242
6693 0.0348068
6694 0.0347894
6695 0.0347719
6696 0.0347545
6697 0.0347371
6698 0.0347197
6699 0.0347023
6700 0.0346849
6701 0.0346675
6702 0.0346501
6703 0.0346327
6704 0.0346154
6705 0.034598
6706 0.0345806
6707 0.0345633
6708 0.0345459
6709 0.0345286
6710 0.0345112
6711 0.0344939
6712 0.0344765
6713 0.0344592
6714 0.0344419
6715 0.0344246
6716 0.0344073
6717 0.03439
6718 0.0343726
6719 0.0343553
6720 0.0343381
6721 0.0343208
6722 0.0343035
6723 0.0342862
6724 0.0342689
6725 0.0342517
6726 0.0342344
6727 0.0342171
6728 0.0341999
6729 0.0341826
6730 0.0341654
6731 0.0341482
6732 0.0341309
6733 0.0341137
6734 0.0340965
6735 0.0340793
6736 0.034062
6737 0.0340448
6738 0.0340276
6739 0.0340104
6740 0.0339932
6741 0.033976
6742 0.0339588
6743 0.0339417
6744 0.0339245
6745 0.0339073
6746 0.0338901
6747 0.033873
6748 0.0338558
6749 0.0338387
6750 0.0338215
6751 0.0338044
6752 0.0337872
6753 0.0337701
6754 0.0337529
6755 0.0337358
6756 0.0337187
6757 0.0337016
6758 0.0336844
6759 0.0336673
6760 0.0336502
6761 0.0336331
6762 0.033616
6763 0.0335989
6764 0.0335818
6765 0.0335647
6766 0.0335476
6767 0.0335306
6768 0.0335135
6769 0.0334964
6770 0.0334793
6771 0.0334623
6772 0.0334452
6773 0.0334282
6774 0.0334111
6775 0.0333941
6776 0.033377
6777 0.03336
6778 0.0333429
6779 0.0333259
6780 0.0333089
6781 0.0332918
6782 0.0332748
6783 0.0332578
6784 0.0332408
6785 0.0332238
6786 0.0332068
6787 0.0331897
6788 0.0331727
6789 0.0331557
6790 0.0331387
6791 0.0331218
6792 0.0331048
6793 0.0330878
6794 0.0330708
6795 0.0330538
6796 0.0330368
6797 0.0330199
6798 0.0330029
6799 0.0329859
6800 0.032969
6801 0.032952
6802 0.0329351
6803 0.0329181
6804 0.0329012
6805 0.0328842
6806 0.0328673
6807 0.0328503
6808 0.0328334
6809 0.0328165
6810 0.0327995
6811 0.0327826
6812 0.0327657
6813 0.0327488
6814 0.0327318
6815 0.0327149
6815 0.032698
6816 0.0326811
6817 0.0326642
6818 0.0326473
6819 0.0326304
6820 0.0326135
6821 0.0325966
6822 0.0325797
6823 0.0325628
6824 0.0325459
6825 0.032529
6826 0.0325121
6827 0.0324953
6828 0.0324784
6829 0.0324615
6830 0.0324446
6831 0.0324278
6832 0.0324109
6833 0.032394
6834 0.0323772
6835 0.0323603
6836 0.0323435
6837 0.0323266
6838 0.0323097
6839 0.0322929
6840 0.032276
6841 0.0322592
6842 0.0322424
6843 0.0322255
6844 0.0322087
6845 0.0321918
6846 0.032175
6847 0.0321582
6848 0.0321413
6849 0.0321245
6850 0.0321077
6851 0.0320909
6852 0.032074
6853 0.0320572
6854 0.0320404
6855 0.0320236
6856 0.0320068
6857 0.03199
6858 0.0319731
6859 0.0319563
6860 0.0319395
6861 0.0319227
6862 0.0319059
6863 0.0318891
6864 0.0318723
6865 0.0318555
6866 0.0318387
6867 0.0318219
6868 0.0318051
6869 0.0317884
6870 0.0317716
6871 0.0317548
6872 0.031738
6873 0.0317212
6874 0.0317044
6875 0.0316876
6876 0.0316709
6877 0.0316541
6878 0.0316373
6879 0.0316205
6880 0.0316038
6881 0.031587
6882 0.0315702
6883 0.0315535
6884 0.0315367
6885 0.0315199
6886 0.0315032
6887 0.0314864
6888 0.0314696
6889 0.0314529
6890 0.0314361
6891 0.0314193
6892 0.0314026
6893 0.0313858
6894 0.0313691
6895 0.0313523
6896 0.0313356
6897 0.0313188
6898 0.0313021
6899 0.0312853
6900 0.0312686
6901 0.0312518
6902 0.0312351
6903 0.0312183
6904 0.0312016
6905 0.0311848
6906 0.0311681
6907 0.0311513
6908 0.0311346
6909 0.0311179
6910 0.0311011
6911 0.0310844
6912 0.0310676
6913 0.0310509
6914 0.0310342
6915 0.0310174
6916 0.0310007
6917 0.0309839
6918 0.0309672
6919 0.0309505
6920 0.0309337
6921 0.030917
6922 0.0309003
6923 0.0308835
6924 0.0308668
6925 0.0308501
6926 0.0308334
6927 0.0308166
6928 0.0307999
6929 0.0307832
6930 0.0307664
6931 0.0307497
6932 0.030733
6933 0.0307163
6934 0.0306996
6935 0.0306828
6936 0.0306661
6937 0.0306494
6938 0.0306327
6939 0.0306159
6940 0.0305992
6941 0.0305825
6942 0.0305658
6943 0.0305491
6944 0.0305324
6945 0.0305157
6946 0.0304989
6947 0.0304822
6948 0.0304655
6949 0.0304488
6950 0.0304321
6951 0.0304154
6952 0.0303987
6953 0.030382
6954 0.0303653
6955 0.0303485
6956 0.0303318
6957 0.0303151
6958 0.0302984
6959 0.0302817
6960 0.030265
6961 0.0302483
6962 0.0302316
6963 0.0302149
6964 0.0301982
6965 0.0301815
6966 0.0301648
6967 0.0301481
6968 0.0301314
6969 0.0301147
6970 0.030098
6971 0.0300813
6972 0.0300647
6973 0.030048
6974 0.0300313
6975 0.0300146
6976 0.0299979
6977 0.0299812
6978 0.0299645
6979 0.0299478
6980 0.0299311
6981 0.0299144
6982 0.0298978
6983 0.0298811
6984 0.0298644
6985 0.0298477
6986 0.029831
6987 0.0298143
6988 0.0297977
6989 0.029781
6990 0.0297643
6991 0.0297476
6992 0.0297309
6993 0.0297143
6994 0.0296976
6995 0.0296809
6996 0.0296642
6997 0.0296476
6998 0.0296309
6999 0.0296142
7000 0.0295975
7001 0.0295809
7002 0.0295642
7003 0.0295475
7004 0.0295308
7005 0.0295142
7006 0.0294975
7007 0.0294808
7008 0.0294642
7009 0.0294475
7010 0.0294308
7011 0.0294142
7012 0.0293975
7013 0.0293809
7014 0.0293642
7015 0.0293475
7016 0.0293309
7017 0.0293142
7018 0.0292976
7019 0.0292809
7020 0.0292642
7021 0.0292476
7022 0.0292309
7023 0.0292143
7024 0.0291976
7025 0.029181
7026 0.0291643
7027 0.0291477
7028 0.029131
7029 0.0291144
7030 0.0290977
7031 0.0290811
7032 0.0290644
7033 0.0290478
7034 0.0290311
7035 0.0290145
7036 0.0289978
7037 0.0289812
7038 0.0289645
7039 0.0289479
7040 0.0289313
7041 0.0289146
7042 0.028898
7043 0.0288813
7044 0.0288647
7045 0.0288481
7046 0.0288314
7047 0.0288148
7048 0.0287981
7049 0.0287815
7050 0.0287649
7051 0.0287482
7052 0.0287316
7053 0.028715
7054 0.0286983
7055 0.0286817
7056 0.0286651
