0 43.1613
1 43.1592
2 43.1571
3 43.1549
4 43.1526
5 43.1501
6 43.1474
7 43.1445
8 43.1412
9 43.1377
10 43.1337
11 43.1293
12 43.1244
13 43.1191
14 43.1131
15 43.1066
16 43.0995
17 43.0918
18 43.0834
19 43.0745
20 43.065
21 43.055
22 43.0444
23 43.0332
24 43.0215
25 43.0093
26 42.9967
27 42.9835
28 42.9698
29 42.9557
30 42.9411
31 42.926
32 42.9105
33 42.8945
34 42.8781
35 42.8612
36 42.8439
37 42.8261
38 42.8078
39 42.7891
40 42.7699
41 42.7502
42 42.7301
43 42.7095
44 42.6884
45 42.6669
46 42.6449
47 42.6224
48 42.5994
49 42.576
50 42.5521
51 42.5278
52 42.5029
53 42.4776
54 42.4519
55 42.4257
56 42.399
57 42.3718
58 42.3442
59 42.3162
60 42.2876
61 42.2586
62 42.2292
63 42.1993
64 42.1689
65 42.1381
66 42.1069
67 42.0752
68 42.043
69 42.0105
70 41.9774
71 41.944
72 41.9101
73 41.8757
74 41.8409
75 41.8057
76 41.7701
77 41.734
78 41.6976
79 41.6606
80 41.6233
81 41.5855
82 41.5474
83 41.5088
84 41.4698
85 41.4303
86 41.3905
87 41.3503
88 41.3096
89 41.2685
90 41.2271
91 41.1852
92 41.1429
93 41.1002
94 41.0571
95 41.0137
96 40.9698
97 40.9255
98 40.8808
99 40.8357
100 40.7903
101 40.7444
102 40.6981
103 40.6515
104 40.6045
105 40.557
106 40.5092
107 40.4611
108 40.4125
109 40.3635
110 40.3142
111 40.2645
112 40.2145
113 40.1641
114 40.1133
115 40.0621
116 40.0106
117 39.9587
118 39.9065
119 39.8539
120 39.801
121 39.7478
122 39.6941
123 39.6402
124 39.5859
125 39.5313
126 39.4763
127 39.421
128 39.3654
129 39.3094
130 39.2531
131 39.1965
132 39.1395
133 39.0823
134 39.0247
135 38.9668
136 38.9086
137 38.8501
138 38.7913
139 38.7321
140 38.6727
141 38.6129
142 38.5529
143 38.4925
144 38.4319
145 38.3709
146 38.3097
147 38.2482
148 38.1864
149 38.1243
150 38.0619
151 37.9992
152 37.9363
153 37.873
154 37.8095
155 37.7458
156 37.6818
157 37.6175
158 37.5529
159 37.4881
160 37.423
161 37.3577
162 37.2921
163 37.2263
164 37.1602
165 37.0939
166 37.0274
167 36.9606
168 36.8936
169 36.8263
170 36.7588
171 36.6911
172 36.6231
173 36.5549
174 36.4865
175 36.4179
176 36.349
177 36.2799
178 36.2106
179 36.1411
180 36.0714
181 36.0014
182 35.9313
183 35.8609
184 35.7904
185 35.7197
186 35.6487
187 35.5776
188 35.5063
189 35.4348
190 35.3631
191 35.2912
192 35.2192
193 35.147
194 35.0746
195 35.002
196 34.9293
197 34.8565
198 34.7834
199 34.7102
200 34.6369
201 34.5634
202 34.4897
203 34.4159
204 34.3419
205 34.2677
206 34.1935
207 34.119
208 34.0445
209 33.9697
210 33.8949
211 33.8199
212 33.7447
213 33.6695
214 33.5941
215 33.5186
216 33.4429
217 33.3672
218 33.2913
219 33.2153
220 33.1393
221 33.0631
222 32.9868
223 32.9104
224 32.8339
225 32.7573
226 32.6806
227 32.6039
228 32.527
229 32.4501
230 32.3731
231 32.2959
232 32.2187
233 32.1415
234 32.0641
235 31.9867
236 31.9091
237 31.8315
238 31.7539
239 31.6761
240 31.5983
241 31.5204
242 31.4425
243 31.3645
244 31.2864
245 31.2083
246 31.1301
247 31.0519
248 30.9736
249 30.8953
250 30.8169
251 30.7385
252 30.6601
253 30.5816
254 30.5031
255 30.4246
256 30.346
257 30.2674
258 30.1888
259 30.1102
260 30.0316
261 29.9529
262 29.8742
263 29.7955
264 29.7168
265 29.6381
266 29.5593
267 29.4806
268 29.4018
269 29.323
270 29.2442
271 29.1654
272 29.0866
273 29.0079
274 28.9291
275 28.8503
276 28.7715
277 28.6928
278 28.614
279 28.5353
280 28.4566
281 28.3779
282 28.2993
283 28.2206
284 28.142
285 28.0635
286 27.9849
287 27.9064
288 27.828
289 27.7495
290 27.6712
291 27.5928
292 27.5145
293 27.4362
294 27.358
295 27.2798
296 27.2017
297 27.1236
298 27.0456
299 26.9676
300 26.8896
301 26.8118
302 26.7339
303 26.6561
304 26.5784
305 26.5008
306 26.4232
307 26.3456
308 26.2681
309 26.1907
310 26.1134
311 26.0361
312 25.9589
313 25.8818
314 25.8048
315 25.7278
316 25.6509
317 25.5741
318 25.4973
319 25.4207
320 25.3441
321 25.2676
322 25.1912
323 25.1149
324 25.0387
325 24.9626
326 24.8866
327 24.8106
328 24.7348
329 24.6591
330 24.5834
331 24.5079
332 24.4324
333 24.3571
334 24.2819
335 24.2067
336 24.1317
337 24.0568
338 23.982
339 23.9072
340 23.8326
341 23.7582
342 23.6838
343 23.6095
344 23.5353
345 23.4613
346 23.3874
347 23.3135
348 23.2398
349 23.1663
350 23.0928
351 23.0194
352 22.9462
353 22.8731
354 22.8001
355 22.7273
356 22.6546
357 22.582
358 22.5095
359 22.4372
360 22.365
361 22.2929
362 22.221
363 22.1492
364 22.0776
365 22.006
366 21.9347
367 21.8634
368 21.7923
369 21.7214
370 21.6506
371 21.5799
372 21.5094
373 21.439
374 21.3687
375 21.2986
376 21.2286
377 21.1588
378 21.0891
379 21.0196
380 20.9502
381 20.881
382 20.8119
383 20.743
384 20.6742
385 20.6056
386 20.5371
387 20.4687
388 20.4006
389 20.3326
390 20.2647
391 20.197
392 20.1295
393 20.0621
394 19.9949
395 19.9278
396 19.8609
397 19.7942
398 19.7276
399 19.6612
400 19.5949
401 19.5288
402 19.4629
403 19.3971
404 19.3315
405 19.266
406 19.2008
407 19.1356
408 19.0707
409 19.0059
410 18.9412
411 18.8768
412 18.8125
413 18.7483
414 18.6843
415 18.6205
416 18.5569
417 18.4934
418 18.4301
419 18.3669
420 18.304
421 18.2412
422 18.1785
423 18.1161
424 18.0538
425 17.9916
426 17.9297
427 17.8679
428 17.8063
429 17.7449
430 17.6836
431 17.6226
432 17.5617
433 17.5009
434 17.4404
435 17.38
436 17.3198
437 17.2597
438 17.1998
439 17.1401
440 17.0806
441 17.0213
442 16.9621
443 16.9031
444 16.8443
445 16.7856
446 16.7271
447 16.6688
448 16.6107
449 16.5527
450 16.4949
451 16.4373
452 16.3799
453 16.3227
454 16.2656
455 16.2087
456 16.152
457 16.0954
458 16.0391
459 15.9829
460 15.9269
461 15.871
462 15.8154
463 15.7599
464 15.7046
465 15.6495
466 15.5946
467 15.5398
468 15.4852
469 15.4308
470 15.3765
471 15.3225
472 15.2686
473 15.2148
474 15.1613
475 15.1079
476 15.0547
477 15.0017
478 14.9488
479 14.8961
480 14.8436
481 14.7913
482 14.7391
483 14.6871
484 14.6353
485 14.5837
486 14.5322
487 14.4809
488 14.4298
489 14.3789
490 14.3281
491 14.2775
492 14.2271
493 14.1769
494 14.1269
495 14.077
496 14.0273
497 13.9777
498 13.9284
499 13.8792
500 13.8302
501 13.7813
502 13.7327
503 13.6842
504 13.6359
505 13.5877
506 13.5397
507 13.4919
508 13.4442
509 13.3967
510 13.3494
511 13.3023
512 13.2553
513 13.2085
514 13.1618
515 13.1154
516 13.069
517 13.0229
518 12.9769
519 12.9311
520 12.8855
521 12.84
522 12.7947
523 12.7496
524 12.7046
525 12.6598
526 12.6152
527 12.5707
528 12.5264
529 12.4823
530 12.4383
531 12.3945
532 12.3509
533 12.3074
534 12.2641
535 12.2209
536 12.178
537 12.1351
538 12.0925
539 12.05
540 12.0076
541 11.9654
542 11.9234
543 11.8816
544 11.8399
545 11.7983
546 11.7569
547 11.7157
548 11.6747
549 11.6337
550 11.593
551 11.5524
552 11.512
553 11.4717
554 11.4315
555 11.3916
556 11.3518
557 11.3121
558 11.2726
559 11.2332
560 11.194
561 11.155
562 11.1161
563 11.0773
564 11.0388
565 11.0003
566 10.962
567 10.9239
568 10.8859
569 10.8481
570 10.8104
571 10.7728
572 10.7355
573 10.6982
574 10.6611
575 10.6242
576 10.5874
577 10.5507
578 10.5142
579 10.4779
580 10.4417
581 10.4056
582 10.3697
583 10.3339
584 10.2983
585 10.2628
586 10.2275
587 10.1923
588 10.1572
589 10.1223
590 10.0875
591 10.0529
592 10.0184
593 9.98405
594 9.94984
595 9.91577
596 9.88184
597 9.84804
598 9.81438
599 9.78086
600 9.74748
601 9.71423
602 9.68112
603 9.64815
604 9.61531
605 9.5826
606 9.55003
607 9.51759
608 9.48528
609 9.45311
610 9.42107
611 9.38916
612 9.35738
613 9.32574
614 9.29422
615 9.26284
616 9.23158
617 9.20045
618 9.16946
619 9.13859
620 9.10785
621 9.07724
622 9.04675
623 9.0164
624 8.98617
625 8.95606
626 8.92609
627 8.89624
628 8.86651
629 8.83691
630 8.80743
631 8.77808
632 8.74885
633 8.71975
634 8.69077
635 8.66191
636 8.63317
637 8.60455
638 8.57605
639 8.54767
640 8.51941
641 8.49127
642 8.46325
643 8.43534
644 8.40755
645 8.37988
646 8.35233
647 8.32489
648 8.29756
649 8.27035
650 8.24326
651 8.21628
652 8.18941
653 8.16266
654 8.13602
655 8.10949
656 8.08308
657 8.05677
658 8.03058
659 8.0045
660 7.97853
661 7.95268
662 7.92693
663 7.90129
664 7.87577
665 7.85035
666 7.82504
667 7.79984
668 7.77474
669 7.74976
670 7.72488
671 7.70011
672 7.67544
673 7.65088
674 7.62642
675 7.60207
676 7.57782
677 7.55367
678 7.52963
679 7.50569
680 7.48185
681 7.45812
682 7.43448
683 7.41094
684 7.38751
685 7.36417
686 7.34094
687 7.3178
688 7.29476
689 7.27182
690 7.24898
691 7.22623
692 7.20358
693 7.18103
694 7.15858
695 7.13622
696 7.11396
697 7.09179
698 7.06972
699 7.04775
700 7.02586
701 7.00408
702 6.98238
703 6.96078
704 6.93927
705 6.91786
706 6.89653
707 6.8753
708 6.85416
709 6.83311
710 6.81215
711 6.79128
712 6.7705
713 6.74981
714 6.7292
715 6.70869
716 6.68826
717 6.66792
718 6.64766
719 6.6275
720 6.60741
721 6.58742
722 6.56751
723 6.54768
724 6.52794
725 6.50828
726 6.48871
727 6.46922
728 6.44982
729 6.43049
730 6.41125
731 6.3921
732 6.37302
733 6.35403
734 6.33512
735 6.31628
736 6.29753
737 6.27886
738 6.26028
739 6.24177
740 6.22334
741 6.20499
742 6.18671
743 6.16852
744 6.1504
745 6.13236
746 6.1144
747 6.09652
748 6.07871
749 6.06097
750 6.04332
751 6.02573
752 6.00822
753 5.99079
754 5.97343
755 5.95614
756 5.93893
757 5.92179
758 5.90472
759 5.88772
760 5.8708
761 5.85394
762 5.83716
763 5.82045
764 5.80381
765 5.78724
766 5.77073
767 5.7543
768 5.73794
769 5.72165
770 5.70543
771 5.68927
772 5.67319
773 5.65717
774 5.64122
775 5.62534
776 5.60953
777 5.59378
778 5.5781
779 5.56249
780 5.54694
781 5.53146
782 5.51604
783 5.50069
784 5.4854
785 5.47018
786 5.45503
787 5.43993
788 5.4249
789 5.40993
790 5.39503
791 5.38019
792 5.36541
793 5.35069
794 5.33603
795 5.32143
796 5.3069
797 5.29242
798 5.27801
799 5.26365
800 5.24935
801 5.23512
802 5.22094
803 5.20682
804 5.19276
805 5.17875
806 5.16481
807 5.15092
808 5.1371
809 5.12332
810 5.10961
811 5.09595
812 5.08235
813 5.06881
814 5.05532
815 5.04189
816 5.02851
817 5.01519
818 5.00193
819 4.98872
820 4.97556
821 4.96246
822 4.94942
823 4.93642
824 4.92349
825 4.9106
826 4.89777
827 4.88499
828 4.87226
829 4.85958
830 4.84696
831 4.83439
832 4.82187
833 4.8094
834 4.79698
835 4.78461
836 4.77229
837 4.76002
838 4.7478
839 4.73563
840 4.72351
841 4.71143
842 4.69941
843 4.68743
844 4.67551
845 4.66363
846 4.6518
847 4.64001
848 4.62828
849 4.61659
850 4.60495
851 4.59336
852 4.58181
853 4.57031
854 4.55885
855 4.54745
856 4.53608
857 4.52477
858 4.5135
859 4.50227
860 4.49109
861 4.47995
862 4.46886
863 4.45782
864 4.44681
865 4.43585
866 4.42494
867 4.41407
868 4.40324
869 4.39245
870 4.38171
871 4.37101
872 4.36035
873 4.34973
874 4.33916
875 4.32862
876 4.31813
877 4.30768
878 4.29727
879 4.2869
880 4.27657
881 4.26628
882 4.25603
883 4.24582
884 4.23566
885 4.22553
886 4.21544
887 4.20539
888 4.19537
889 4.1854
890 4.17547
891 4.16557
892 4.15572
893 4.1459
894 4.13612
895 4.12637
896 4.11667
897 4.107
898 4.09737
899 4.08778
900 4.07822
901 4.0687
902 4.05922
903 4.04978
904 4.04037
905 4.03099
906 4.02166
907 4.01236
908 4.00309
909 3.99386
910 3.98466
911 3.9755
912 3.96638
913 3.95729
914 3.94823
915 3.93921
916 3.93022
917 3.92126
918 3.91234
919 3.90345
920 3.8946
921 3.88578
922 3.87699
923 3.86823
924 3.85951
925 3.85082
926 3.84216
927 3.83354
928 3.82494
929 3.81638
930 3.80785
931 3.79935
932 3.79089
933 3.78245
934 3.77405
935 3.76568
936 3.75733
937 3.74902
938 3.74074
939 3.73249
940 3.72427
941 3.71608
942 3.70792
943 3.6998
944 3.6917
945 3.68363
946 3.67559
947 3.66757
948 3.65959
949 3.65164
950 3.64372
951 3.63582
952 3.62795
953 3.62012
954 3.61231
955 3.60453
956 3.59677
957 3.58905
958 3.58135
959 3.57368
960 3.56604
961 3.55842
962 3.55083
963 3.54327
964 3.53574
965 3.52823
966 3.52075
967 3.5133
968 3.50587
969 3.49847
970 3.4911
971 3.48375
972 3.47643
973 3.46913
974 3.46186
975 3.45461
976 3.44739
977 3.44019
978 3.43302
979 3.42588
980 3.41876
981 3.41166
982 3.40459
983 3.39755
984 3.39052
985 3.38353
986 3.37655
987 3.3696
988 3.36268
989 3.35577
990 3.3489
991 3.34204
992 3.33521
993 3.3284
994 3.32162
995 3.31486
996 3.30812
997 3.3014
998 3.29471
999 3.28804
1000 3.2814
1001 3.27477
1002 3.26817
1003 3.26159
1004 3.25504
1005 3.2485
1006 3.24199
1007 3.2355
1008 3.22903
1009 3.22259
1010 3.21617
1011 3.20976
1012 3.20338
1013 3.19702
1014 3.19069
1015 3.18437
1016 3.17808
1017 3.1718
1018 3.16555
1019 3.15932
1020 3.1531
1021 3.14691
1022 3.14074
1023 3.13459
1024 3.12846
1025 3.12235
1026 3.11626
1027 3.11019
1028 3.10414
1029 3.0981
1030 3.09209
1031 3.0861
1032 3.08012
1033 3.07417
1034 3.06823
1035 3.06231
1036 3.05642
1037 3.05054
1038 3.04468
1039 3.03883
1040 3.03301
1041 3.02721
1042 3.02142
1043 3.01565
1044 3.0099
1045 3.00417
1046 2.99846
1047 2.99277
1048 2.98709
1049 2.98143
1050 2.97579
1051 2.97017
1052 2.96457
1053 2.95898
1054 2.95341
1055 2.94786
1056 2.94233
1057 2.93681
1058 2.93131
1059 2.92583
1060 2.92037
1061 2.91492
1062 2.9095
1063 2.90408
1064 2.89869
1065 2.89331
1066 2.88795
1067 2.8826
1068 2.87728
1069 2.87196
1070 2.86667
1071 2.86139
1072 2.85613
1073 2.85088
1074 2.84565
1075 2.84043
1076 2.83523
1077 2.83005
1078 2.82488
1079 2.81973
1080 2.81459
1081 2.80947
1082 2.80437
1083 2.79927
1084 2.7942
1085 2.78914
1086 2.78409
1087 2.77906
1088 2.77405
1089 2.76905
1090 2.76406
1091 2.75909
1092 2.75413
1093 2.74919
1094 2.74426
1095 2.73935
1096 2.73445
1097 2.72956
1098 2.72469
1099 2.71984
1100 2.71499
1101 2.71017
1102 2.70535
1103 2.70055
1104 2.69576
1105 2.69099
1106 2.68623
1107 2.68148
1108 2.67675
1109 2.67203
1110 2.66733
1111 2.66263
1112 2.65796
1113 2.65329
1114 2.64864
1115 2.644
1116 2.63938
1117 2.63476
1118 2.63016
1119 2.62558
1120 2.62101
1121 2.61645
1122 2.6119
1123 2.60737
1124 2.60285
1125 2.59834
1126 2.59384
1127 2.58936
1128 2.58489
1129 2.58044
1130 2.57599
1131 2.57156
1132 2.56714
1133 2.56274
1134 2.55834
1135 2.55396
1136 2.54959
1137 2.54524
1138 2.54089
1139 2.53656
1140 2.53224
1141 2.52793
1142 2.52363
1143 2.51935
1144 2.51507
1145 2.51081
1146 2.50656
1147 2.50232
1148 2.4981
1149 2.49388
1150 2.48968
1151 2.48548
1152 2.4813
1153 2.47713
1154 2.47297
1155 2.46883
1156 2.46469
1157 2.46056
1158 2.45645
1159 2.45234
1160 2.44825
1161 2.44417
1162 2.44009
1163 2.43603
1164 2.43198
1165 2.42794
1166 2.42391
1167 2.4199
1168 2.41589
1169 2.41189
1170 2.4079
1171 2.40393
1172 2.39996
1173 2.39601
1174 2.39206
1175 2.38812
1176 2.3842
1177 2.38028
1178 2.37638
1179 2.37248
1180 2.3686
1181 2.36472
1182 2.36086
1183 2.357
1184 2.35316
1185 2.34932
1186 2.3455
1187 2.34168
1188 2.33788
1189 2.33408
1190 2.33029
1191 2.32652
1192 2.32275
1193 2.31899
1194 2.31524
1195 2.3115
1196 2.30778
1197 2.30406
1198 2.30035
1199 2.29664
1200 2.29295
1201 2.28927
1202 2.2856
1203 2.28194
1204 2.27828
1205 2.27464
1206 2.271
1207 2.26737
1208 2.26376
1209 2.26015
1210 2.25655
1211 2.25296
1212 2.24937
1213 2.2458
1214 2.24224
1215 2.23868
1216 2.23513
1217 2.2316
1218 2.22807
1219 2.22455
1220 2.22103
1221 2.21753
1222 2.21403
1223 2.21055
1224 2.20707
1225 2.2036
1226 2.20013
1227 2.19668
1228 2.19323
1229 2.1898
1230 2.18637
1231 2.18294
1232 2.17953
1233 2.17612
1234 2.17273
1235 2.16934
1236 2.16595
1237 2.16258
1238 2.15921
1239 2.15585
1240 2.1525
1241 2.14916
1242 2.14583
1243 2.1425
1244 2.13918
1245 2.13587
1246 2.13257
1247 2.12927
1248 2.12598
1249 2.1227
1250 2.11943
1251 2.11616
1252 2.1129
1253 2.10965
1254 2.10641
1255 2.10318
1256 2.09995
1257 2.09673
1258 2.09352
1259 2.09031
1260 2.08711
1261 2.08392
1262 2.08074
1263 2.07757
1264 2.0744
1265 2.07124
1266 2.06808
1267 2.06494
1268 2.0618
1269 2.05867
1270 2.05554
1271 2.05242
1272 2.04931
1273 2.04621
1274 2.04311
1275 2.04002
1276 2.03694
1277 2.03386
1278 2.03079
1279 2.02773
1280 2.02467
1281 2.02163
1282 2.01858
1283 2.01555
1284 2.01252
1285 2.0095
1286 2.00648
1287 2.00347
1288 2.00047
1289 1.99747
1290 1.99448
1291 1.9915
1292 1.98853
1293 1.98556
1294 1.98259
1295 1.97963
1296 1.97668
1297 1.97374
1298 1.9708
1299 1.96787
1300 1.96494
1301 1.96203
1302 1.95911
1303 1.95621
1304 1.95331
1305 1.95041
1306 1.94752
1307 1.94464
1308 1.94177
1309 1.9389
1310 1.93603
1311 1.93318
1312 1.93033
1313 1.92748
1314 1.92464
1315 1.92181
1316 1.91898
1317 1.91616
1318 1.91335
1319 1.91054
1320 1.90773
1321 1.90494
1322 1.90215
1323 1.89936
1324 1.89658
1325 1.89381
1326 1.89104
1327 1.88828
1328 1.88552
1329 1.88277
1330 1.88002
1331 1.87728
1332 1.87455
1333 1.87182
1334 1.8691
1335 1.86638
1336 1.86367
1337 1.86096
1338 1.85826
1339 1.85557
1340 1.85288
1341 1.85019
1342 1.84752
1343 1.84484
1344 1.84218
1345 1.83951
1346 1.83686
1347 1.8342
1348 1.83156
1349 1.82892
1350 1.82628
1351 1.82365
1352 1.82103
1353 1.81841
1354 1.81579
1355 1.81319
1356 1.81058
1357 1.80798
1358 1.80539
1359 1.8028
1360 1.80022
1361 1.79764
1362 1.79507
1363 1.7925
1364 1.78994
1365 1.78739
1366 1.78484
1367 1.78229
1368 1.77975
1369 1.77721
1370 1.77468
1371 1.77216
1372 1.76963
1373 1.76712
1374 1.76461
1375 1.7621
1376 1.7596
1377 1.75711
1378 1.75462
1379 1.75213
1380 1.74965
1381 1.74717
1382 1.7447
1383 1.74224
1384 1.73977
1385 1.73732
1386 1.73487
1387 1.73242
1388 1.72998
1389 1.72754
1390 1.72511
1391 1.72268
1392 1.72025
1393 1.71783
1394 1.71542
1395 1.71301
1396 1.7106
1397 1.7082
1398 1.70581
1399 1.70342
1400 1.70103
1401 1.69865
1402 1.69627
1403 1.69389
1404 1.69152
1405 1.68916
1406 1.6868
1407 1.68444
1408 1.68209
1409 1.67974
1410 1.6774
1411 1.67506
1412 1.67273
1413 1.6704
1414 1.66807
1415 1.66575
1416 1.66343
1417 1.66112
1418 1.65881
1419 1.65651
1420 1.65421
1421 1.65191
1422 1.64962
1423 1.64733
1424 1.64505
1425 1.64277
1426 1.6405
1427 1.63823
1428 1.63596
1429 1.6337
1430 1.63144
1431 1.62919
1432 1.62694
1433 1.62469
1434 1.62245
1435 1.62022
1436 1.61798
1437 1.61576
1438 1.61353
1439 1.61131
1440 1.60909
1441 1.60688
1442 1.60468
1443 1.60247
1444 1.60027
1445 1.59808
1446 1.59588
1447 1.5937
1448 1.59151
1449 1.58933
1450 1.58716
1451 1.58499
1452 1.58282
1453 1.58065
1454 1.57849
1455 1.57634
1456 1.57418
1457 1.57204
1458 1.56989
1459 1.56775
1460 1.56561
1461 1.56348
1462 1.56135
1463 1.55923
1464 1.55711
1465 1.55499
1466 1.55287
1467 1.55076
1468 1.54866
1469 1.54655
1470 1.54445
1471 1.54236
1472 1.54027
1473 1.53818
1474 1.5361
1475 1.53401
1476 1.53194
1477 1.52986
1478 1.5278
1479 1.52573
1480 1.52367
1481 1.52161
1482 1.51955
1483 1.5175
1484 1.51545
1485 1.51341
1486 1.51137
1487 1.50933
1488 1.5073
1489 1.50527
1490 1.50324
1491 1.50122
1492 1.4992
1493 1.49718
1494 1.49517
1495 1.49316
1496 1.49116
1497 1.48916
1498 1.48716
1499 1.48516
1500 1.48317
1501 1.48119
1502 1.4792
1503 1.47722
1504 1.47524
1505 1.47327
1506 1.4713
1507 1.46933
1508 1.46737
1509 1.46541
1510 1.46345
1511 1.46149
1512 1.45954
1513 1.4576
1514 1.45565
1515 1.45371
1516 1.45177
1517 1.44984
1518 1.44791
1519 1.44598
1520 1.44406
1521 1.44214
1522 1.44022
1523 1.43831
1524 1.43639
1525 1.43449
1526 1.43258
1527 1.43068
1528 1.42878
1529 1.42689
1530 1.425
1531 1.42311
1532 1.42122
1533 1.41934
1534 1.41746
1535 1.41558
1536 1.41371
1537 1.41184
1538 1.40997
1539 1.40811
1540 1.40625
1541 1.40439
1542 1.40254
1543 1.40069
1544 1.39884
1545 1.39699
1546 1.39515
1547 1.39331
1548 1.39148
1549 1.38964
1550 1.38781
1551 1.38599
1552 1.38417
1553 1.38234
1554 1.38053
1555 1.37871
1556 1.3769
1557 1.37509
1558 1.37329
1559 1.37149
1560 1.36969
1561 1.36789
1562 1.3661
1563 1.36431
1564 1.36252
1565 1.36074
1566 1.35896
1567 1.35718
1568 1.3554
1569 1.35363
1570 1.35186
1571 1.35009
1572 1.34833
1573 1.34657
1574 1.34481
1575 1.34306
1576 1.34131
1577 1.33956
1578 1.33781
1579 1.33607
1580 1.33433
1581 1.33259
1582 1.33086
1583 1.32912
1584 1.3274
1585 1.32567
1586 1.32395
1587 1.32223
1588 1.32051
1589 1.31879
1590 1.31708
1591 1.31537
1592 1.31367
1593 1.31196
1594 1.31026
1595 1.30856
1596 1.30687
1597 1.30517
1598 1.30348
1599 1.3018
1600 1.30011
1601 1.29843
1602 1.29675
1603 1.29507
1604 1.2934
1605 1.29173
1606 1.29006
1607 1.28839
1608 1.28673
1609 1.28507
1610 1.28341
1611 1.28175
1612 1.2801
1613 1.27845
1614 1.2768
1615 1.27516
1616 1.27352
1617 1.27188
1618 1.27024
1619 1.2686
1620 1.26697
1621 1.26534
1622 1.26372
1623 1.26209
1624 1.26047
1625 1.25885
1626 1.25723
1627 1.25562
1628 1.25401
1629 1.2524
1630 1.25079
1631 1.24919
1632 1.24759
1633 1.24599
1634 1.24439
1635 1.2428
1636 1.24121
1637 1.23962
1638 1.23803
1639 1.23645
1640 1.23487
1641 1.23329
1642 1.23171
1643 1.23014
1644 1.22857
1645 1.227
1646 1.22543
1647 1.22387
1648 1.22231
1649 1.22075
1650 1.21919
1651 1.21764
1652 1.21608
1653 1.21454
1654 1.21299
1655 1.21144
1656 1.2099
1657 1.20836
1658 1.20683
1659 1.20529
1660 1.20376
1661 1.20223
1662 1.2007
1663 1.19918
1664 1.19765
1665 1.19613
1666 1.19461
1667 1.1931
1668 1.19159
1669 1.19007
1670 1.18857
1671 1.18706
1672 1.18556
1673 1.18405
1674 1.18255
1675 1.18106
1676 1.17956
1677 1.17807
1678 1.17658
1679 1.17509
1680 1.17361
1681 1.17212
1682 1.17064
1683 1.16916
1684 1.16769
1685 1.16621
1686 1.16474
1687 1.16327
1688 1.16181
1689 1.16034
1690 1.15888
1691 1.15742
1692 1.15596
1693 1.1545
1694 1.15305
1695 1.1516
1696 1.15015
1697 1.1487
1698 1.14726
1699 1.14582
1700 1.14438
1701 1.14294
1702 1.1415
1703 1.14007
1704 1.13864
1705 1.13721
1706 1.13578
1707 1.13435
1708 1.13293
1709 1.13151
1710 1.13009
1711 1.12868
1712 1.12726
1713 1.12585
1714 1.12444
1715 1.12303
1716 1.12162
1717 1.12022
1718 1.11882
1719 1.11742
1720 1.11602
1721 1.11463
1722 1.11323
1723 1.11184
1724 1.11045
1725 1.10907
1726 1.10768
1727 1.1063
1728 1.10492
1729 1.10354
1730 1.10216
1731 1.10079
1732 1.09942
1733 1.09805
1734 1.09668
1735 1.09531
1736 1.09395
1737 1.09259
1738 1.09123
1739 1.08987
1740 1.08851
1741 1.08716
1742 1.08581
1743 1.08446
1744 1.08311
1745 1.08176
1746 1.08042
1747 1.07908
1748 1.07774
1749 1.0764
1750 1.07507
1751 1.07373
1752 1.0724
1753 1.07107
1754 1.06974
1755 1.06842
1756 1.06709
1757 1.06577
1758 1.06445
1759 1.06313
1760 1.06182
1761 1.0605
1762 1.05919
1763 1.05788
1764 1.05658
1765 1.05527
1766 1.05396
1767 1.05266
1768 1.05136
1769 1.05006
1770 1.04877
1771 1.04747
1772 1.04618
1773 1.04489
1774 1.0436
1775 1.04232
1776 1.04103
1777 1.03975
1778 1.03847
1779 1.03719
1780 1.03591
1781 1.03464
1782 1.03336
1783 1.03209
1784 1.03082
1785 1.02955
1786 1.02829
1787 1.02702
1788 1.02576
1789 1.0245
1790 1.02324
1791 1.02199
1792 1.02073
1793 1.01948
1794 1.01823
1795 1.01698
1796 1.01573
1797 1.01449
1798 1.01324
1799 1.012
1800 1.01076
1801 1.00952
1802 1.00829
1803 1.00705
1804 1.00582
1805 1.00459
1806 1.00336
1807 1.00213
1808 1.00091
1809 0.999685
1810 0.998463
1811 0.997243
1812 0.996025
1813 0.994809
1814 0.993594
1815 0.992381
1816 0.99117
1817 0.989961
1818 0.988754
1819 0.987548
1820 0.986344
1821 0.985142
1822 0.983942
1823 0.982743
1824 0.981546
1825 0.980351
1826 0.979158
1827 0.977966
1828 0.976776
1829 0.975588
1830 0.974402
1831 0.973217
1832 0.972034
1833 0.970853
1834 0.969673
1835 0.968496
1836 0.967319
1837 0.966145
1838 0.964972
1839 0.963801
1840 0.962632
1841 0.961465
1842 0.960299
1843 0.959134
1844 0.957972
1845 0.956811
1846 0.955652
1847 0.954495
1848 0.953339
1849 0.952185
1850 0.951032
1851 0.949881
1852 0.948732
1853 0.947585
1854 0.946439
1855 0.945295
1856 0.944152
1857 0.943012
1858 0.941872
1859 0.940735
1860 0.939599
1861 0.938465
1862 0.937332
1863 0.936201
1864 0.935072
1865 0.933944
1866 0.932818
1867 0.931693
1868 0.93057
1869 0.929449
1870 0.928329
1871 0.927211
1872 0.926095
1873 0.92498
1874 0.923867
1875 0.922755
1876 0.921645
1877 0.920536
1878 0.919429
1879 0.918324
1880 0.91722
1881 0.916118
1882 0.915017
1883 0.913918
1884 0.912821
1885 0.911725
1886 0.910631
1887 0.909538
1888 0.908447
1889 0.907357
1890 0.906269
1891 0.905182
1892 0.904097
1893 0.903014
1894 0.901932
1895 0.900852
1896 0.899773
1897 0.898696
1898 0.89762
1899 0.896546
1900 0.895473
1901 0.894402
1902 0.893332
1903 0.892264
1904 0.891198
1905 0.890133
1906 0.889069
1907 0.888007
1908 0.886947
1909 0.885888
1910 0.88483
1911 0.883774
1912 0.88272
1913 0.881667
1914 0.880616
1915 0.879566
1916 0.878517
1917 0.87747
1918 0.876425
1919 0.875381
1920 0.874338
1921 0.873297
1922 0.872258
1923 0.87122
1924 0.870183
1925 0.869148
1926 0.868114
1927 0.867082
1928 0.866051
1929 0.865022
1930 0.863994
1931 0.862968
1932 0.861943
1933 0.86092
1934 0.859898
1935 0.858877
1936 0.857858
1937 0.856841
1938 0.855824
1939 0.85481
1940 0.853796
1941 0.852784
1942 0.851774
1943 0.850765
1944 0.849757
1945 0.848751
1946 0.847747
1947 0.846743
1948 0.845741
1949 0.844741
1950 0.843742
1951 0.842744
1952 0.841748
1953 0.840753
1954 0.83976
1955 0.838768
1956 0.837777
1957 0.836788
1958 0.8358
1959 0.834814
1960 0.833829
1961 0.832845
1962 0.831863
1963 0.830882
1964 0.829902
1965 0.828924
1966 0.827948
1967 0.826972
1968 0.825998
1969 0.825026
1970 0.824054
1971 0.823084
1972 0.822116
1973 0.821149
1974 0.820183
1975 0.819218
1976 0.818255
1977 0.817294
1978 0.816333
1979 0.815374
1980 0.814416
1981 0.81346
1982 0.812505
1983 0.811551
1984 0.810599
1985 0.809648
1986 0.808698
1987 0.80775
1988 0.806803
1989 0.805857
1990 0.804913
1991 0.80397
1992 0.803028
1993 0.802088
1994 0.801148
1995 0.800211
1996 0.799274
1997 0.798339
1998 0.797405
1999 0.796472
2000 0.795541
2001 0.794611
2002 0.793682
2003 0.792755
2004 0.791829
2005 0.790904
2006 0.78998
2007 0.789058
2008 0.788137
2009 0.787217
2010 0.786299
2011 0.785381
2012 0.784466
2013 0.783551
2014 0.782637
2015 0.781725
2016 0.780814
2017 0.779905
2018 0.778996
2019 0.778089
2020 0.777184
2021 0.776279
2022 0.775376
2023 0.774474
2024 0.773573
2025 0.772673
2026 0.771775
2027 0.770878
2028 0.769982
2029 0.769087
2030 0.768194
2031 0.767302
2032 0.766411
2033 0.765521
2034 0.764633
2035 0.763745
2036 0.76286
2037 0.761975
2038 0.761091
2039 0.760209
2040 0.759328
2041 0.758448
2042 0.757569
2043 0.756692
2044 0.755816
2045 0.754941
2046 0.754067
2047 0.753194
2048 0.752323
2049 0.751452
2050 0.750583
2051 0.749716
2052 0.748849
2053 0.747984
2054 0.747119
2055 0.746256
2056 0.745395
2057 0.744534
2058 0.743675
2059 0.742816
2060 0.741959
2061 0.741103
2062 0.740249
2063 0.739395
2064 0.738543
2065 0.737691
2066 0.736841
2067 0.735993
2068 0.735145
2069 0.734298
2070 0.733453
2071 0.732609
2072 0.731766
2073 0.730924
2074 0.730083
2075 0.729244
2076 0.728405
2077 0.727568
2078 0.726732
2079 0.725897
2080 0.725063
2081 0.724231
2082 0.723399
2083 0.722569
2084 0.72174
2085 0.720912
2086 0.720085
2087 0.719259
2088 0.718434
2089 0.717611
2090 0.716788
2091 0.715967
2092 0.715147
2093 0.714328
2094 0.71351
2095 0.712693
2096 0.711878
2097 0.711063
2098 0.71025
2099 0.709438
2100 0.708626
2101 0.707816
2102 0.707007
2103 0.7062
2104 0.705393
2105 0.704587
2106 0.703783
2107 0.702979
2108 0.702177
2109 0.701376
2110 0.700575
2111 0.699776
2112 0.698978
2113 0.698182
2114 0.697386
2115 0.696591
2116 0.695798
2117 0.695005
2118 0.694214
2119 0.693423
2120 0.692634
2121 0.691846
2122 0.691059
2123 0.690273
2124 0.689488
2125 0.688704
2126 0.687921
2127 0.687139
2128 0.686358
2129 0.685579
2130 0.6848
2131 0.684022
2132 0.683246
2133 0.68247
2134 0.681696
2135 0.680923
2136 0.68015
2137 0.679379
2138 0.678609
2139 0.67784
2140 0.677072
2141 0.676305
2142 0.675539
2143 0.674774
2144 0.67401
2145 0.673247
2146 0.672485
2147 0.671724
2148 0.670964
2149 0.670205
2150 0.669447
2151 0.668691
2152 0.667935
2153 0.66718
2154 0.666426
2155 0.665674
2156 0.664922
2157 0.664171
2158 0.663422
2159 0.662673
2160 0.661925
2161 0.661179
2162 0.660433
2163 0.659688
2164 0.658945
2165 0.658202
2166 0.65746
2167 0.656719
2168 0.65598
2169 0.655241
2170 0.654503
2171 0.653767
2172 0.653031
2173 0.652296
2174 0.651562
2175 0.65083
2176 0.650098
2177 0.649367
2178 0.648637
2179 0.647908
2180 0.64718
2181 0.646454
2182 0.645728
2183 0.645003
2184 0.644279
2185 0.643556
2186 0.642834
2187 0.642113
2188 0.641392
2189 0.640673
2190 0.639955
2191 0.639238
2192 0.638522
2193 0.637806
2194 0.637092
2195 0.636379
2196 0.635666
2197 0.634955
2198 0.634244
2199 0.633535
2200 0.632826
2201 0.632119
2202 0.631412
2203 0.630706
2204 0.630001
2205 0.629298
2206 0.628595
2207 0.627893
2208 0.627192
2209 0.626492
2210 0.625792
2211 0.625094
2212 0.624397
2213 0.623701
2214 0.623005
2215 0.622311
2216 0.621617
2217 0.620925
2218 0.620233
2219 0.619542
2220 0.618852
2221 0.618164
2222 0.617476
2223 0.616789
2224 0.616102
2225 0.615417
2226 0.614733
2227 0.61405
2228 0.613367
2229 0.612686
2230 0.612005
2231 0.611325
2232 0.610646
2233 0.609968
2234 0.609291
2235 0.608615
2236 0.60794
2237 0.607266
2238 0.606592
2239 0.60592
2240 0.605248
2241 0.604577
2242 0.603907
2243 0.603239
2244 0.60257
2245 0.601903
2246 0.601237
2247 0.600572
2248 0.599907
2249 0.599243
2250 0.598581
2251 0.597919
2252 0.597258
2253 0.596597
2254 0.595938
2255 0.59528
2256 0.594622
2257 0.593966
2258 0.59331
2259 0.592655
2260 0.592001
2261 0.591348
2262 0.590695
2263 0.590044
2264 0.589393
2265 0.588743
2266 0.588094
2267 0.587446
2268 0.586799
2269 0.586153
2270 0.585507
2271 0.584862
2272 0.584219
2273 0.583576
2274 0.582933
2275 0.582292
2276 0.581652
2277 0.581012
2278 0.580373
2279 0.579735
2280 0.579098
2281 0.578462
2282 0.577826
2283 0.577192
2284 0.576558
2285 0.575925
2286 0.575293
2287 0.574662
2288 0.574031
2289 0.573402
2290 0.572773
2291 0.572145
2292 0.571518
2293 0.570891
2294 0.570266
2295 0.569641
2296 0.569018
2297 0.568395
2298 0.567772
2299 0.567151
2300 0.56653
2301 0.565911
2302 0.565292
2303 0.564674
2304 0.564056
2305 0.56344
2306 0.562824
2307 0.56221
2308 0.561596
2309 0.560982
2310 0.56037
2311 0.559758
2312 0.559148
2313 0.558538
2314 0.557929
2315 0.55732
2316 0.556713
2317 0.556106
2318 0.5555
2319 0.554895
2320 0.554291
2321 0.553687
2322 0.553084
2323 0.552483
2324 0.551881
2325 0.551281
2326 0.550682
2327 0.550083
2328 0.549485
2329 0.548888
2330 0.548292
2331 0.547696
2332 0.547101
2333 0.546508
2334 0.545914
2335 0.545322
2336 0.54473
2337 0.54414
2338 0.54355
2339 0.54296
2340 0.542372
2341 0.541784
2342 0.541197
2343 0.540611
2344 0.540026
2345 0.539441
2346 0.538858
2347 0.538275
2348 0.537692
2349 0.537111
2350 0.53653
2351 0.53595
2352 0.535371
2353 0.534792
2354 0.534214
2355 0.533637
2356 0.533061
2357 0.532485
2358 0.53191
2359 0.531336
2360 0.530763
2361 0.53019
2362 0.529619
2363 0.529047
2364 0.528477
2365 0.527907
2366 0.527338
2367 0.52677
2368 0.526202
2369 0.525636
2370 0.525069
2371 0.524504
2372 0.523939
2373 0.523375
2374 0.522812
2375 0.522249
2376 0.521688
2377 0.521126
2378 0.520566
2379 0.520006
2380 0.519447
2381 0.518888
2382 0.518331
2383 0.517774
2384 0.517217
2385 0.516662
2386 0.516107
2387 0.515552
2388 0.514999
2389 0.514446
2390 0.513893
2391 0.513342
2392 0.512791
2393 0.51224
2394 0.511691
2395 0.511142
2396 0.510594
2397 0.510046
2398 0.509499
2399 0.508953
2400 0.508407
2401 0.507862
2402 0.507318
2403 0.506774
2404 0.506232
2405 0.505689
2406 0.505148
2407 0.504607
2408 0.504067
2409 0.503528
2410 0.502989
2411 0.502451
2412 0.501914
2413 0.501377
2414 0.500842
2415 0.500307
2416 0.499772
2417 0.499238
2418 0.498706
2419 0.498173
2420 0.497642
2421 0.497111
2422 0.496581
2423 0.496052
2424 0.495523
2425 0.494995
2426 0.494468
2427 0.493942
2428 0.493416
2429 0.492891
2430 0.492367
2431 0.491844
2432 0.491321
2433 0.490799
2434 0.490278
2435 0.489758
2436 0.489238
2437 0.488719
2438 0.488201
2439 0.487684
2440 0.487168
2441 0.486652
2442 0.486137
2443 0.485623
2444 0.485109
2445 0.484597
2446 0.484085
2447 0.483574
2448 0.483063
2449 0.482554
2450 0.482045
2451 0.481537
2452 0.48103
2453 0.480524
2454 0.480018
2455 0.479514
2456 0.47901
2457 0.478507
2458 0.478004
2459 0.477503
2460 0.477002
2461 0.476502
2462 0.476003
2463 0.475504
2464 0.475006
2465 0.474509
2466 0.474013
2467 0.473517
2468 0.473022
2469 0.472527
2470 0.472033
2471 0.47154
2472 0.471048
2473 0.470556
2474 0.470064
2475 0.469574
2476 0.469084
2477 0.468594
2478 0.468105
2479 0.467616
2480 0.467128
2481 0.466641
2482 0.466154
2483 0.465667
2484 0.465181
2485 0.464696
2486 0.464211
2487 0.463726
2488 0.463242
2489 0.462758
2490 0.462275
2491 0.461792
2492 0.461309
2493 0.460827
2494 0.460345
2495 0.459864
2496 0.459382
2497 0.458902
2498 0.458421
2499 0.457941
2500 0.457461
2501 0.456981
2502 0.456502
2503 0.456023
2504 0.455544
2505 0.455065
2506 0.454587
2507 0.454109
2508 0.453631
2509 0.453153
2510 0.452675
2511 0.452197
2512 0.45172
2513 0.451243
2514 0.450766
2515 0.450289
2516 0.449812
2517 0.449335
2518 0.448858
2519 0.448382
2520 0.447905
2521 0.447429
2522 0.446952
2523 0.446476
2524 0.445999
2525 0.445523
2526 0.445046
2527 0.44457
2528 0.444093
2529 0.443617
2530 0.443141
2531 0.442664
2532 0.442188
2533 0.441712
2534 0.441235
2535 0.440759
2536 0.440283
2537 0.439807
2538 0.439331
2539 0.438854
2540 0.438378
2541 0.437902
2542 0.437426
2543 0.43695
2544 0.436474
2545 0.435998
2546 0.435522
2547 0.435046
2548 0.43457
2549 0.434094
2550 0.433618
2551 0.433142
2552 0.432666
2553 0.43219
2554 0.431714
2555 0.431238
2556 0.430763
2557 0.430287
2558 0.429811
2559 0.429335
2560 0.42886
2561 0.428384
2562 0.427908
2563 0.427432
2564 0.426957
2565 0.426481
2566 0.426006
2567 0.42553
2568 0.425054
2569 0.424579
2570 0.424103
2571 0.423628
2572 0.423152
2573 0.422677
2574 0.422201
2575 0.421726
2576 0.421251
2577 0.420775
2578 0.4203
2579 0.419824
2580 0.419349
2581 0.418874
2582 0.418399
2583 0.417923
2584 0.417448
2585 0.416973
2586 0.416498
2587 0.416022
2588 0.415547
2589 0.415072
2590 0.414597
2591 0.414122
2592 0.413647
2593 0.413172
2594 0.412697
2595 0.412222
2596 0.411747
2597 0.411272
2598 0.410797
2599 0.410322
2600 0.409847
2601 0.409372
2602 0.408897
2603 0.408422
2604 0.407948
2605 0.407473
2606 0.406998
2607 0.406523
2608 0.406049
2609 0.405574
2610 0.405099
2611 0.404624
2612 0.40415
2613 0.403675
2614 0.403201
2615 0.402726
2616 0.402251
2617 0.401777
2618 0.401302
2619 0.400828
2620 0.400353
2621 0.399879
2622 0.399404
2623 0.39893
2624 0.398455
2625 0.397981
2626 0.397507
2627 0.397032
2628 0.396558
2629 0.396084
2630 0.395609
2631 0.395135
2632 0.394661
2633 0.394187
2634 0.393713
2635 0.393238
2636 0.392764
2637 0.39229
2638 0.391816
2639 0.391342
2640 0.390868
2641 0.390394
2642 0.38992
2643 0.389446
2644 0.388972
2645 0.388498
2646 0.388024
2647 0.38755
2648 0.387076
2649 0.386602
2650 0.386128
2651 0.385654
2652 0.38518
2653 0.384707
2654 0.384233
2655 0.383759
2656 0.383285
2657 0.382812
2658 0.382338
2659 0.381864
2660 0.38139
2661 0.380917
2662 0.380443
2663 0.37997
2664 0.379496
2665 0.379022
2666 0.378549
2667 0.378075
2668 0.377602
2669 0.377128
2670 0.376655
2671 0.376182
2672 0.375708
2673 0.375235
2674 0.374761
2675 0.374288
2676 0.373815
2677 0.373341
2678 0.372868
2679 0.372395
2680 0.371921
2681 0.371448
2682 0.370975
2683 0.370502
2684 0.370029
2685 0.369556
2686 0.369082
2687 0.368609
2688 0.368136
2689 0.367663
2690 0.36719
2691 0.366717
2692 0.366244
2693 0.365771
2694 0.365298
2695 0.364825
2696 0.364352
2697 0.363879
2698 0.363406
2699 0.362934
2700 0.362461
2701 0.361988
2702 0.361515
2703 0.361042
2704 0.36057
2705 0.360097
2706 0.359624
2707 0.359151
2708 0.358679
2709 0.358206
2710 0.357734
2711 0.357261
2712 0.356788
2713 0.356316
2714 0.355843
2715 0.355371
2716 0.354898
2717 0.354426
2718 0.353953
2719 0.353481
2720 0.353008
2721 0.352536
2722 0.352064
2723 0.351591
2724 0.351119
2725 0.350646
2726 0.350174
2727 0.349702
2728 0.34923
2729 0.348757
2730 0.348285
2731 0.347813
2732 0.347341
2733 0.346869
2734 0.346397
2735 0.345924
2736 0.345452
2737 0.34498
2738 0.344508
2739 0.344036
2740 0.343564
2741 0.343092
2742 0.34262
2743 0.342148
2744 0.341676
2745 0.341204
2746 0.340732
2747 0.340261
2748 0.339789
2749 0.339317
2750 0.338845
2751 0.338373
2752 0.337902
2753 0.33743
2754 0.336958
2755 0.336486
2756 0.336015
2757 0.335543
2758 0.335071
2759 0.3346
2760 0.334128
2761 0.333657
2762 0.333185
2763 0.332714
2764 0.332242
2765 0.331771
2766 0.331299
2767 0.330828
2768 0.330356
2769 0.329885
2770 0.329413
2771 0.328942
2772 0.328471
2773 0.327999
2774 0.327528
2775 0.327057
2776 0.326585
2777 0.326114
2778 0.325643
2779 0.325172
2780 0.324701
2781 0.324229
2782 0.323758
2783 0.323287
2784 0.322816
2785 0.322345
2786 0.321874
2787 0.321403
2788 0.320932
2789 0.320461
2790 0.31999
2791 0.319519
2792 0.319048
2793 0.318577
2794 0.318106
2795 0.317635
2796 0.317164
2797 0.316694
2798 0.316223
2799 0.315752
2800 0.315281
2801 0.31481
2802 0.31434
2803 0.313869
2804 0.313398
2805 0.312928
2806 0.312457
2807 0.311986
2808 0.311516
2809 0.311045
2810 0.310575
2811 0.310104
2812 0.309633
2813 0.309163
2814 0.308692
2815 0.308222
2816 0.307752
2817 0.307281
2818 0.306811
2819 0.30634
2820 0.30587
2821 0.3054
2822 0.304929
2823 0.304459
2824 0.303989
2825 0.303518
2826 0.303048
2827 0.302578
2828 0.302108
2829 0.301638
2830 0.301167
2831 0.300697
2832 0.300227
2833 0.299757
2834 0.299287
2835 0.298817
2836 0.298347
2837 0.297877
2838 0.297407
2839 0.296937
2840 0.296467
2841 0.295997
2842 0.295527
2843 0.295057
2844 0.294587
2845 0.294118
2846 0.293648
2847 0.293178
2848 0.292708
2849 0.292238
2850 0.291769
2851 0.291299
2852 0.290829
2853 0.29036
2854 0.28989
2855 0.28942
2856 0.288951
2857 0.288481
2858 0.288012
2859 0.287542
2860 0.287072
2861 0.286603
2862 0.286133
2863 0.285664
2864 0.285194
2865 0.284725
2866 0.284256
2867 0.283786
2868 0.283317
2869 0.282848
2870 0.282378
2871 0.281909
2872 0.28144
2873 0.28097
2874 0.280501
2875 0.280032
2876 0.279563
2877 0.279093
2878 0.278624
2879 0.278155
2880 0.277686
2881 0.277217
2882 0.276748
2883 0.276279
2884 0.27581
2885 0.275341
2886 0.274872
2887 0.274403
2888 0.273934
2889 0.273465
2890 0.272996
2891 0.272527
2892 0.272058
2893 0.271589
2894 0.27112
2895 0.270652
2896 0.270183
2897 0.269714
2898 0.269245
2899 0.268777
2900 0.268308
2901 0.267839
2902 0.26737
2903 0.266902
2904 0.266433
2905 0.265965
2906 0.265496
2907 0.265027
2908 0.264559
2909 0.26409
2910 0.263622
2911 0.263153
2912 0.262685
2913 0.262216
2914 0.261748
2915 0.26128
2916 0.260811
2917 0.260343
2918 0.259875
2919 0.259406
2920 0.258938
2921 0.25847
2922 0.258001
2923 0.257533
2924 0.257065
2925 0.256597
2926 0.256129
2927 0.25566
2928 0.255192
2929 0.254724
2930 0.254256
2931 0.253788
2932 0.25332
2933 0.252852
2934 0.252384
2935 0.251916
2936 0.251448
2937 0.25098
2938 0.250512
2939 0.250044
2940 0.249576
2941 0.249108
2942 0.248641
2943 0.248173
2944 0.247705
2945 0.247237
2946 0.246769
2947 0.246302
2948 0.245834
2949 0.245366
2950 0.244899
2951 0.244431
2952 0.243963
2953 0.243496
2954 0.243028
2955 0.24256
2956 0.242093
2957 0.241625
2958 0.241158
2959 0.24069
2960 0.240223
2961 0.239755
2962 0.239288
2963 0.238821
2964 0.238353
2965 0.237886
2966 0.237418
2967 0.236951
2968 0.236484
2969 0.236016
2970 0.235549
2971 0.235082
2972 0.234615
2973 0.234148
2974 0.23368
2975 0.233213
2976 0.232746
2977 0.232279
2978 0.231812
2979 0.231345
2980 0.230878
2981 0.230411
2982 0.229944
2983 0.229477
2984 0.22901
2985 0.228543
2986 0.228076
2987 0.227609
2988 0.227142
2989 0.226675
2990 0.226208
2991 0.225741
2992 0.225274
2993 0.224808
2994 0.224341
2995 0.223874
2996 0.223407
2997 0.222941
2998 0.222474
2999 0.222007
3000 0.221541
3001 0.221074
3002 0.220607
3003 0.220141
3004 0.219674
3005 0.219208
3006 0.218741
3007 0.218275
3008 0.217808
3009 0.217342
3010 0.216875
3011 0.216409
3012 0.215942
3013 0.215476
3014 0.21501
3015 0.214543
3016 0.214077
3017 0.213611
3018 0.213144
3019 0.212678
3020 0.212212
3021 0.211746
3022 0.211279
3023 0.210813
3024 0.210347
3025 0.209881
3026 0.209415
3027 0.208949
3028 0.208483
3029 0.208017
3030 0.207551
3031 0.207085
3032 0.206619
3033 0.206153
3034 0.205687
3035 0.205221
3036 0.204755
3037 0.204289
3038 0.203823
3039 0.203357
3040 0.202891
3041 0.202426
3042 0.20196
3043 0.201494
3044 0.201028
3045 0.200563
3046 0.200097
3047 0.199631
3048 0.199165
3049 0.1987
3050 0.198234
3051 0.197769
3052 0.197303
3053 0.196837
3054 0.196372
3055 0.195906
3056 0.195441
3057 0.194975
3058 0.19451
3059 0.194045
3060 0.193579
3061 0.193114
3062 0.192648
3063 0.192183
3064 0.191718
3065 0.191252
3066 0.190787
3067 0.190322
3068 0.189856
3069 0.189391
3070 0.188926
3071 0.188461
3072 0.187996
3073 0.187531
3074 0.187065
3075 0.1866
3076 0.186135
3077 0.18567
3078 0.185205
3079 0.18474
3080 0.184275
3081 0.18381
3082 0.183345
3083 0.18288
3084 0.182415
3085 0.18195
3086 0.181485
3087 0.181021
3088 0.180556
3089 0.180091
3090 0.179626
3091 0.179161
3092 0.178697
3093 0.178232
3094 0.177767
3095 0.177302
3096 0.176838
3097 0.176373
3098 0.175908
3099 0.175444
3100 0.174979
3101 0.174515
3102 0.17405
3103 0.173586
3104 0.173121
3105 0.172657
3106 0.172192
3107 0.171728
3108 0.171263
3109 0.170799
3110 0.170334
3111 0.16987
3112 0.169406
3113 0.168941
3114 0.168477
3115 0.168013
3116 0.167548
3117 0.167084
3118 0.16662
3119 0.166156
3120 0.165692
3121 0.165227
3122 0.164763
3123 0.164299
3124 0.163835
3125 0.163371
3126 0.162907
3127 0.162443
3128 0.161979
3129 0.161515
3130 0.161051
3131 0.160587
3132 0.160123
3133 0.159659
3134 0.159195
3135 0.158731
3136 0.158267
3137 0.157804
3138 0.15734
3139 0.156876
3140 0.156412
3141 0.155948
3142 0.155485
3143 0.155021
3144 0.154557
3145 0.154094
3146 0.15363
3147 0.153166
3148 0.152703
3149 0.152239
3150 0.151776
3151 0.151312
3152 0.150848
3153 0.150385
3154 0.149921
3155 0.149458
3156 0.148995
3157 0.148531
3158 0.148068
3159 0.147604
3160 0.147141
3161 0.146678
3162 0.146214
3163 0.145751
3164 0.145288
3165 0.144824
3166 0.144361
3167 0.143898
3168 0.143435
3169 0.142972
3170 0.142508
3171 0.142045
3172 0.141582
3173 0.141119
3174 0.140656
3175 0.140193
3176 0.13973
3177 0.139267
3178 0.138804
3179 0.138341
3180 0.137878
3181 0.137415
3182 0.136952
3183 0.136489
3184 0.136026
3185 0.135564
3186 0.135101
3187 0.134638
3188 0.134175
3189 0.133712
3190 0.13325
3191 0.132787
3192 0.132324
3193 0.131861
3194 0.131399
3195 0.130936
3196 0.130473
3197 0.130011
3198 0.129548
3199 0.129086
3200 0.128623
3201 0.128161
3202 0.127698
3203 0.127236
3204 0.126773
3205 0.126311
3206 0.125848
3207 0.125386
3208 0.124924
3209 0.124461
3210 0.123999
3211 0.123537
3212 0.123074
3213 0.122612
3214 0.12215
3215 0.121687
3216 0.121225
3217 0.120763
3218 0.120301
3219 0.119839
3220 0.119377
3221 0.118915
3222 0.118452
3223 0.11799
3224 0.117528
3225 0.117066
3226 0.116604
3227 0.116142
3228 0.11568
3229 0.115218
3230 0.114756
3231 0.114295
3232 0.113833
3233 0.113371
3234 0.112909
3235 0.112447
3236 0.111985
3237 0.111523
3238 0.111062
3239 0.1106
3240 0.110138
3241 0.109677
3242 0.109215
3243 0.108753
3244 0.108292
3245 0.10783
3246 0.107368
3247 0.106907
3248 0.106445
3249 0.105984
3250 0.105522
3251 0.105061
3252 0.104599
3253 0.104138
3254 0.103676
3255 0.103215
3256 0.102753
3257 0.102292
3258 0.101831
3259 0.101369
3260 0.100908
3261 0.100447
3262 0.0999855
3263 0.0995243
3264 0.099063
3265 0.0986018
3266 0.0981406
3267 0.0976795
3268 0.0972183
3269 0.0967572
3270 0.0962961
3271 0.095835
3272 0.0953739
3273 0.0949129
3274 0.0944518
3275 0.0939908
3276 0.0935299
3277 0.0930689
3278 0.0926079
3279 0.092147
3280 0.0916861
3281 0.0912252
3282 0.0907644
3283 0.0903035
3284 0.0898427
3285 0.0893819
3286 0.0889211
3287 0.0884604
3288 0.0879996
3289 0.0875389
3290 0.0870782
3291 0.0866175
3292 0.0861569
3293 0.0856962
3294 0.0852356
3295 0.084775
3296 0.0843144
3297 0.0838539
3298 0.0833934
3299 0.0829328
3300 0.0824723
3301 0.0820119
3302 0.0815514
3303 0.081091
3304 0.0806306
3305 0.0801702
3306 0.0797098
3307 0.0792495
3308 0.0787891
3309 0.0783288
3310 0.0778685
3311 0.0774083
3312 0.076948
3313 0.0764878
3314 0.0760276
3315 0.0755674
3316 0.0751072
3317 0.0746471
3318 0.074187
3319 0.0737268
3320 0.0732668
3321 0.0728067
3322 0.0723467
3323 0.0718866
3324 0.0714266
3325 0.0709667
3326 0.0705067
3327 0.0700467
3328 0.0695868
3329 0.0691269
3330 0.068667
3331 0.0682072
3332 0.0677473
3333 0.0672875
3334 0.0668277
3335 0.066368
3336 0.0659082
3337 0.0654485
3338 0.0649887
3339 0.0645291
3340 0.0640694
3341 0.0636097
3342 0.0631501
3343 0.0626905
3344 0.0622309
3345 0.0617713
3346 0.0613118
3347 0.0608522
3348 0.0603927
3349 0.0599332
3350 0.0594738
3351 0.0590143
3352 0.0585549
3353 0.0580955
3354 0.0576361
3355 0.0571767
3356 0.0567174
3357 0.056258
3358 0.0557987
3359 0.0553394
3360 0.0548802
3361 0.0544209
3362 0.0539617
3363 0.0535025
3364 0.0530433
3365 0.0525842
3366 0.052125
3367 0.0516659
3368 0.0512068
3369 0.0507477
3370 0.0502886
3371 0.0498296
3372 0.0493706
3373 0.0489116
3374 0.0484526
3375 0.0479936
3376 0.0475347
3377 0.0470758
3378 0.0466169
3379 0.046158
3380 0.0456992
3381 0.0452403
3382 0.0447815
3383 0.0443227
3384 0.0438639
3385 0.0434052
3386 0.0429465
3387 0.0424877
3388 0.0420291
3389 0.0415704
3390 0.0411117
3391 0.0406531
3392 0.0401945
3393 0.0397359
3394 0.0392773
3395 0.0388188
3396 0.0383602
3397 0.0379017
3398 0.0374432
3399 0.0369848
3400 0.0365263
3401 0.0360679
3402 0.0356095
3403 0.0351511
3404 0.0346928
3405 0.0342344
3406 0.0337761
3407 0.0333178
3408 0.0328595
3409 0.0324012
3410 0.031943
3411 0.0314848
3412 0.0310266
3413 0.0305684
3414 0.0301102
3415 0.0296521
3416 0.029194
3417 0.0287359
3418 0.0282778
3419 0.0278197
3420 0.0273617
3421 0.0269037
3422 0.0264457
3423 0.0259877
3424 0.0255297
3425 0.0250718
3426 0.0246139
3427 0.024156
3428 0.0236981
3429 0.0232403
3430 0.0227824
3431 0.0223246
3432 0.0218668
3433 0.0214091
3434 0.0209513
3435 0.0204936
3436 0.0200359
3437 0.0195782
3438 0.0191205
3439 0.0186628
3440 0.0182052
3441 0.0177476
3442 0.01729
3443 0.0168325
3444 0.0163749
3445 0.0159174
3446 0.0154599
3447 0.0150024
3448 0.0145449
3449 0.0140875
3450 0.0136301
3451 0.0131726
3452 0.0127153
3453 0.0122579
3454 0.0118006
3455 0.0113432
3456 0.0108859
3457 0.0104286
3458 0.00997139
3459 0.00951415
3460 0.00905693
3461 0.00859973
3462 0.00814255
3463 0.00768539
3464 0.00722825
3465 0.00677113
3466 0.00631403
3467 0.00585696
3468 0.0053999
3469 0.00494286
3470 0.00448585
3471 0.00402885
3472 0.00357188
3473 0.00311492
3474 0.00265799
3475 0.00220107
3476 0.00174418
3477 0.00128731
3478 0.000830453
3479 0.000373621
3480 0
3481 0
3482 0
3483 0
3484 0
3485 0
3486 0
3487 0
3488 0
3489 0
3490 0
3491 0
3492 0
3493 0
3494 0
3495 0
3496 0
3497 0
3498 0
3499 0
3500 0
3501 0
3502 0
3503 0
3504 0
3505 0
3506 0
3507 0
3508 0
3509 0
3510 0
3511 0
3512 0
3513 0
3514 0
3515 0
3516 0
3517 0
3518 0
3519 0
3520 0
3521 0
3522 0
3523 0
3524 0
3525 0
3526 0
3527 0
3528 0
3529 0
3530 0
3531 0
3532 0
3533 0
3534 0
3535 0
3536 0
3537 0
3538 0
3539 0
3540 0
3541 0
3542 0
3543 0
3544 0
3545 0
3546 0
3547 0
3548 0
3549 0
3550 0
3551 0
3552 0
3553 0
3554 0
3555 0
3556 0
3557 0
3558 0
3559 0
3560 0
3561 0
3562 0
3563 0
3564 0
3565 0
3566 0
3567 0
3568 0
3569 0
3570 0
3571 0
3572 0
3573 0
3574 0
3575 0
3576 0
3577 0
3578 0
3579 0
3580 0
3581 0
3582 0
3583 0
3584 0
3585 0
3586 0
3587 0
3588 0
3589 0
3590 0
3591 0
3592 0
3593 0
3594 0
3595 0
3596 0
3597 0
3598 0
3599 0
3600 0
3601 0
3602 0
3603 0
3604 0
3605 0
3606 0
3607 0
3608 0
3609 0
3610 0
3611 0
3612 0
3613 0
3614 0
3615 0
3616 0
3617 0
3618 0
3619 0
3620 0
3621 0
3622 0
3623 0
3624 0
3625 0
3626 0
3627 0
3628 0
3629 0
3630 0
3631 0
3632 0
3633 0
3634 0
3635 0
3636 0
3637 0
3638 0
3639 0
3640 0
3641 0
3642 0
3643 0
3644 0
3645 0
3646 0
3647 0
3648 0
3649 0
3650 0
3651 0
3652 0
3653 0
3654 0
3655 0
3656 0
3657 0
3658 0
3659 0
3660 0
3661 0
3662 0
3663 0
3664 0
3665 0
3666 0
3667 0
3668 0
3669 0
3670 0
3671 0
3672 0
3673 0
3674 0
3675 0
3676 0
3677 0
3678 0
3679 0
3680 0
3681 0
3682 0
3683 0
3684 0
3685 0
3686 0
3687 0
3688 0
3689 0
3690 0
3691 0
3692 0
3693 0
3694 0
3695 0
3696 0
3697 0
3698 0
3699 0
3700 0
3701 0
3702 0
3703 0
3704 0
3705 0
3706 0
3707 0
3708 0
3709 0
3710 0
3711 0
3712 0
3713 0
3714 0
3715 0
3716 0
3717 0
3718 0
3719 0
3720 0
3721 0
3722 0
3723 0
3724 0
3725 0
3726 0
3727 0
3728 0
3729 0
3730 0
3731 0
3732 0
3733 0
3734 0
3735 0
3736 0
3737 0
3738 0
3739 0
3740 0
3741 0
3742 0
3743 0
3744 0
3745 0
3746 0
3747 0
3748 0
3749 0
3750 0
3751 0
3752 0
3753 0
3754 0
3755 0
3756 0
3757 0
3758 0
3759 0
3760 0
3761 0
3762 0
3763 0
3764 0
3765 0
3766 0
3767 0
3768 0
3769 0
3770 0
3771 0
3772 0
3773 0
3774 0
3775 0
3776 0
3777 0
3778 0
3779 0
3780 0
3781 0
3782 0
3783 0
3784 0
3785 0
3786 0
3787 0
3788 0
3789 0
3790 0
3791 0
3792 0
3793 0
3794 0
3795 0
3796 0
3797 0
3798 0
3799 0
3800 0
3801 0
3802 0
3803 0
3804 0
3805 0
3806 0
3807 0
3808 0
3809 0
3810 0
3811 0
3812 0
3813 0
3814 0
3815 0
3816 0
3817 0
3818 0
3819 0
3820 0
3821 0
3822 0
3823 0
3824 0
3825 0
3826 0
3827 0
3828 0
3829 0
3830 0
3831 0
3832 0
3833 0
3834 0
3835 0
3836 0
3837 0
3838 0
3839 0
3840 0
3841 0
3842 0
3843 0
3844 0
3845 0
3846 0
3847 0
3848 0
3849 0
3850 0
3851 0
3852 0
3853 0
3854 0
3855 0
3856 0
3857 0
3858 0
3859 0
3860 0
3861 0
3862 0
3863 0
3864 0
3865 0
3866 0
3867 0
3868 0
3869 0
3870 0
3871 0
3872 0
3873 0
3874 0
3875 0
3876 0
3877 0
3878 0
3879 0
3880 0
3881 0
3882 0
3883 0
3884 0
3885 0
3886 0
3887 0
3888 0
3889 0
3890 0
3891 0
3892 0
3893 0
3894 0
3895 0
3896 0
3897 0
3898 0
3899 0
3900 0
3901 0
3902 0
3903 0
3904 0
3905 0
3906 0
3907 0
3908 0
3909 0
3910 0
3911 0
3912 0
3913 0
3914 0
3915 0
3916 0
3917 0
3918 0
3919 0
3920 0
3921 0
3922 0
3923 0
3924 0
3925 0
3926 0
3927 0
3928 0
3929 0
3930 0
3931 0
3932 0
3933 0
3934 0
3935 0
3936 0
3937 0
3938 0
3939 0
3940 0
3941 0
3942 0
3943 0
3944 0
3945 0
3946 0
3947 0
3948 0
3949 0
3950 0
3951 0
3952 0
3953 0
3954 0
3955 0
3956 0
3957 0
3958 0
3959 0
3960 0
3961 0
3962 0
3963 0
3964 0
3965 0
3966 0
3967 0
3968 0
3969 0
3970 0
3971 0
3972 0
3973 0
3974 0
3975 0
3976 0
3977 0
3978 0
3979 0
3980 0
3981 0
3982 0
3983 0
3984 0
3985 0
3986 0
3987 0
3988 0
3989 0
3990 0
3991 0
3992 0
3993 0
3994 0
3995 0
3996 0
3997 0
3998 0
3999 0
4000 0
4001 0
4002 0
4003 0
4004 0
4005 0
4006 0
4007 0
4008 0
4009 0
4010 0
4011 0
4012 0
4013 0
4014 0
4015 0
4016 0
4017 0
4018 0
4019 0
4020 0
4021 0
4022 0
4023 0
4024 0
4025 0
4026 0
4027 0
4028 0
4029 0
4030 0
4031 0
4032 0
4033 0
4034 0
4035 0
4036 0
4037 0
4038 0
4039 0
4040 0
4041 0
4042 0
4043 0
4044 0
4045 0
4046 0
4047 0
4048 0
4049 0
4050 0
4051 0
4052 0
4053 0
4054 0
4055 0
4056 0
4057 0
4058 0
4059 0
4060 0
4061 0
4062 0
4063 0
4064 0
4065 0
4066 0
4067 0
4068 0
4069 0
4070 0
4071 0
4072 0
4073 0
4074 0
4075 0
4076 0
4077 0
4078 0
4079 0
4080 0
4081 0
4082 0
4083 0
4084 0
4085 0
4086 0
4087 0
4088 0
4089 0
4090 0
4091 0
4092 0
4093 0
4094 0
4095 0
4096 0
4097 0
4098 0
4099 0
4100 0
4101 0
4102 0
4103 0
4104 0
4105 0
4106 0
4107 0
4108 0
4109 0
4110 0
4111 0
4112 0
4113 0
4114 0
4115 0
4116 0
4117 0
4118 0
4119 0
4120 0
4121 0
4122 0
4123 0
4124 0
4125 0
4126 0
4127 0
4128 0
4129 0
4130 0
4131 0
4132 0
4133 0
4134 0
4135 0
4136 0
4137 0
4138 0
4139 0
4140 0
4141 0
4142 0
4143 0
4144 0
4145 0
4146 0
4147 0
4148 0
4149 0
4150 0
4151 0
4152 0
4153 0
4154 0
4155 0
4156 0
4157 0
4158 0
4159 0
4160 0
4161 0
4162 0
4163 0
4164 0
4165 0
4166 0
4167 0
4168 0
4169 0
4170 0
4171 0
4172 0
4173 0
4174 0
4175 0
4176 0
4177 0
4178 0
4179 0
4180 0
4181 0
4182 0
4183 0
4184 0
4185 0
4186 0
4187 0
4188 0
4189 0
4190 0
4191 0
4192 0
4193 0
4194 0
4195 0
4196 0
4197 0
4198 0
4199 0
4200 0
4201 0
4202 0
4203 0
4204 0
4205 0
4206 0
4207 0
4208 0
4209 0
4210 0
4211 0
4212 0
4213 0
4214 0
4215 0
4216 0
4217 0
4218 0
4219 0
4220 0
4221 0
4222 0
4223 0
4224 0
4225 0
4226 0
4227 0
4228 0
4229 0
4230 0
4231 0
4232 0
4233 0
4234 0
4235 0
4236 0
4237 0
4238 0
4239 0
4240 0
4241 0
4242 0
4243 0
4244 0
4245 0
4246 0
4247 0
4248 0
4249 0
4250 0
4251 0
4252 0
4253 0
4254 0
4255 0
4256 0
4257 0
4258 0
4259 0
4260 0
4261 0
4262 0
4263 0
4264 0
4265 0
4266 0
4267 0
4268 0
4269 0
4270 0
4271 0
4272 0
4273 0
4274 0
4275 0
4276 0
4277 0
4278 0
4279 0
4280 0
4281 0
4282 0
4283 0
4284 0
4285 0
4286 0
4287 0
4288 0
4289 0
4290 0
4291 0
4292 0
4293 0
4294 0
4295 0
4296 0
4297 0
4298 0
4299 0
4300 0
4301 0
4302 0
4303 0
4304 0
4305 0
4306 0
4307 0
4308 0
4309 0
4310 0
4311 0
4312 0
4313 0
4314 0
4315 0
4316 0
4317 0
4318 0
4319 0
4320 0
4321 0
4322 0
4323 0
4324 0
4325 0
4326 0
4327 0
4328 0
4329 0
4330 0
4331 0
4332 0
4333 0
4334 0
4335 0
4336 0
4337 0
4338 0
4339 0
4340 0
4341 0
4342 0
4343 0
4344 0
4345 0
4346 0
4347 0
4348 0
4349 0
4350 0
4351 0
4352 0
4353 0
4354 0
4355 0
4356 0
4357 0
4358 0
4359 0
4360 0
4361 0
4362 0
4363 0
4364 0
4365 0
4366 0
4367 0
4368 0
4369 0
4370 0
4371 0
4372 0
4373 0
4374 0
4375 0
4376 0
4377 0
4378 0
4379 0
4380 0
4381 0
4382 0
4383 0
4384 0
4385 0
4386 0
4387 0
4388 0
4389 0
4390 0
4391 0
4392 0
4393 0
4394 0
4395 0
4396 0
4397 0
4398 0
4399 0
4400 0
4401 0
4402 0
4403 0
4404 0
4405 0
4406 0
4407 0
4408 0
4409 0
4410 0
4411 0
4412 0
4413 0
4414 0
4415 0
4416 0
4417 0
4418 0
4419 0
4420 0
4421 0
4422 0
4423 0
4424 0
4425 0
4426 0
4427 0
4428 0
4429 0
4430 0
4431 0
4432 0
4433 0
4434 0
4435 0
4436 0
4437 0
4438 0
4439 0
4440 0
4441 0
4442 0
4443 0
4444 0
4445 0
4446 0
4447 0
4448 0
4449 0
4450 0
4451 0
4452 0
4453 0
4454 0
4455 0
4456 0
4457 0
4458 0
4459 0
4460 0
4461 0
4462 0
4463 0
4464 0
4465 0
4466 0
4467 0
4468 0
4469 0
4470 0
4471 0
4472 0
4473 0
4474 0
4475 0
4476 0
4477 0
4478 0
4479 0
4480 0
4481 0
4482 0
4483 0
4484 0
4485 0
4486 0
4487 0
4488 0
4489 0
4490 0
4491 0
4492 0
4493 0
4494 0
4495 0
4496 0
4497 0
4498 0
4499 0
4500 0
4501 0
4502 0
4503 0
4504 0
4505 0
4506 0
4507 0
4508 0
4509 0
4510 0
4511 0
4512 0
4513 0
4514 0
4515 0
4516 0
4517 0
4518 0
4519 0
4520 0
4521 0
4522 0
4523 0
4524 0
4525 0
4526 0
4527 0
4528 0
4529 0
4530 0
4531 0
4532 0
4533 0
4534 0
4535 0
4536 0
4537 0
4538 0
4539 0
4540 0
4541 0
4542 0
4543 0
4544 0
4545 0
4546 0
4547 0
4548 0
4549 0
4550 0
4551 0
4552 0
4553 0
4554 0
4555 0
4556 0
4557 0
4558 0
4559 0
4560 0
4561 0
4562 0
4563 0
4564 0
4565 0
4566 0
4567 0
4568 0
4569 0
4570 0
4571 0
4572 0
4573 0
4574 0
4575 0
4576 0
4577 0
4578 0
4579 0
4580 0
4581 0
4582 0
4583 0
4584 0
4585 0
4586 0
4587 0
4588 0
4589 0
4590 0
4591 0
4592 0
4593 0
4594 0
4595 0
4596 0
4597 0
4598 0
4599 0
4600 0
4601 0
4602 0
4603 0
4604 0
4605 0
4606 0
4607 0
4608 0
4609 0
4610 0
4611 0
4612 0
4613 0
4614 0
4615 0
4616 0
4617 0
4618 0
4619 0
4620 0
4621 0
4622 0
4623 0
4624 0
4625 0
4626 0
4627 0
4628 0
4629 0
4630 0
4631 0
4632 0
4633 0
4634 0
4635 0
4636 0
4637 0
4638 0
4639 0
4640 0
4641 0
4642 0
4643 0
4644 0
4645 0
4646 0
4647 0
4648 0
4649 0
4650 0
4651 0
4652 0
4653 0
4654 0
4655 0
4656 0
4657 0
4658 0
4659 0
4660 0
4661 0
4662 0
4663 0
4664 0
4665 0
4666 0
4667 0
4668 0
4669 0
4670 0
4671 0
4672 0
4673 0
4674 0
4675 0
4676 0
4677 0
4678 0
4679 0
4680 0
4681 0
4682 0
4683 0
4684 0
4685 0
4686 0
4687 0
4688 0
4689 0
4690 0
4691 0
4692 0
4693 0
4694 0
4695 0
4696 0
4697 0
4698 0
4699 0
4700 0
4701 0
4702 0
4703 0
4704 0
4705 0
4706 0
4707 0
4708 0
4709 0
4710 0
4711 0
4712 0
4713 0
4714 0
4715 0
4716 0
4717 0
4718 0
4719 0
4720 0
4721 0
4722 0
4723 0
4724 0
4725 0
4726 0
4727 0
4728 0
4729 0
4730 0
4731 0
4732 0
4733 0
4734 0
4735 0
4736 0
4737 0
4738 0
4739 0
4740 0
4741 0
4742 0
4743 0
4744 0
4745 0
4746 0
4747 0
4748 0
4749 0
4750 0
4751 0
4752 0
4753 0
4754 0
4755 0
4756 0
4757 0
4758 0
4759 0
4760 0
4761 0
4762 0
4763 0
4764 0
4765 0
4766 0
4767 0
4768 0
4769 0
4770 0
4771 0
4772 0
4773 0
4774 0
4775 0
4776 0
4777 0
4778 0
4779 0
4780 0
4781 0
4782 0
4783 0
4784 0
4785 0
4786 0
4787 0
4788 0
4789 0
4790 0
4791 0
4792 0
4793 0
4794 0
4795 0
4796 0
4797 0
4798 0
4799 0
4800 0
4801 0
4802 0
4803 0
4804 0
4805 0
4806 0
4807 0
4808 0
4809 0
4810 0
4811 0
4812 0
4813 0
4814 0
4815 0
4816 0
4817 0
4818 0
4819 0
4820 0
4821 0
4822 0
4823 0
4824 0
4825 0
4826 0
4827 0
4828 0
4829 0
4830 0
4831 0
4832 0
4833 0
4834 0
4835 0
4836 0
4837 0
4838 0
4839 0
4840 0
4841 0
4842 0
4843 0
4844 0
4845 0
4846 0
4847 0
4848 0
4849 0
4850 0
4851 0
4852 0
4853 0
4854 0
4855 0
4856 0
4857 0
4858 0
4859 0
4860 0
4861 0
4862 0
4863 0
4864 0
4865 0
4866 0
4867 0
4868 0
4869 0
4870 0
4871 0
4872 0
4873 0
4874 0
4875 0
4876 0
4877 0
4878 0
4879 0
4880 0
4881 0
4882 0
4883 0
4884 0
4885 0
4886 0
4887 0
4888 0
4889 0
4890 0
4891 0
4892 0
4893 0
4894 0
4895 0
4896 0
4897 0
4898 0
4899 0
4900 0
4901 0
4902 0
4903 0
4904 0
4905 0
4906 0
4907 0
4908 0
4909 0
4910 0
4911 0
4912 0
4913 0
4914 0
4915 0
4916 0
4917 0
4918 0
4919 0
4920 0
4921 0
4922 0
4923 0
4924 0
4925 0
4926 0
4927 0
4928 0
4929 0
4930 0
4931 0
4932 0
4933 0
4934 0
4935 0
4936 0
4937 0
4938 0
4939 0
4940 0
4941 0
4942 0
4943 0
4944 0
4945 0
4946 0
4947 0
4948 0
4949 0
4950 0
4951 0
4952 0
4953 0
4954 0
4955 0
4956 0
4957 0
4958 0
4959 0
4960 0
4961 0
4962 0
4963 0
4964 0
4965 0
4966 0
4967 0
4968 0
4969 0
4970 0
4971 0
4972 0
4973 0
4974 0
4975 0
4976 0
4977 0
4978 0
4979 0
4980 0
4981 0
4982 0
4983 0
4984 0
4985 0
4986 0
4987 0
4988 0
4989 0
4990 0
4991 0
4992 0
4993 0
4994 0
4995 0
4996 0
4997 0
4998 0
4999 0
5000 0
5001 0
5002 0
5003 0
5004 0
5005 0
5006 0
5007 0
5008 0
5009 0
5010 0
5011 0
5012 0
5013 0
5014 0
5015 0
5016 0
5017 0
5018 0
5019 0
5020 0
5021 0
5022 0
5023 0
5024 0
5025 0
5026 0
5027 0
5028 0
5029 0
5030 0
5031 0
5032 0
5033 0
5034 0
5035 0
5036 0
5037 0
5038 0
5039 0
5040 0
5041 0
5042 0
5043 0
5044 0
5045 0
5046 0
5047 0
5048 0
5049 0
5050 0
5051 0
5052 0
5053 0
5054 0
5055 0
5056 0
5057 0
5058 0
5059 0
5060 0
5061 0
5062 0
5063 0
5064 0
5065 0
5066 0
5067 0
5068 0
5069 0
5070 0
5071 0
5072 0
5073 0
5074 0
5075 0
5076 0
5077 0
5078 0
5079 0
5080 0
5081 0
5082 0
5083 0
5084 0
5085 0
5086 0
5087 0
5088 0
5089 0
5090 0
5091 0
5092 0
5093 0
5094 0
5095 0
5096 0
5097 0
5098 0
5099 0
5100 0
5101 0
5102 0
5103 0
5104 0
5105 0
5106 0
5107 0
5108 0
5109 0
5110 0
5111 0
5112 0
5113 0
5114 0
5115 0
5116 0
5117 0
5118 0
5119 0
5120 0
5121 0
5122 0
5123 0
5124 0
5125 0
5126 0
5127 0
5128 0
5129 0
5130 0
5131 0
5132 0
5133 0
5134 0
5135 0
5136 0
5137 0
5138 0
5139 0
5140 0
5141 0
5142 0
5143 0
5144 0
5145 0
5146 0
5147 0
5148 0
5149 0
5150 0
5151 0
5152 0
5153 0
5154 0
5155 0
5156 0
5157 0
5158 0
5159 0
5160 0
5161 0
5162 0
5163 0
5164 0
5165 0
5166 0
5167 0
5168 0
5169 0
5170 0
5171 0
5172 0
5173 0
5174 0
5175 0
5176 0
5177 0
5178 0
5179 0
5180 0
5181 0
5182 0
5183 0
5184 0
5185 0
5186 0
5187 0
5188 0
5189 0
5190 0
5191 0
5192 0
5193 0
5194 0
5195 0
5196 0
5197 0
5198 0
5199 0
5200 0
5201 0
5202 0
5203 0
5204 0
5205 0
5206 0
5207 0
5208 0
5209 0
5210 0
5211 0
5212 0
5213 0
5214 0
5215 0
5216 0
5217 0
5218 0
5219 0
5220 0
5221 0
5222 0
5223 0
5224 0
5225 0
5226 0
5227 0
5228 0
5229 0
5230 0
5231 0
5232 0
5233 0
5234 0
5235 0
5236 0
5237 0
5238 0
5239 0
5240 0
5241 0
5242 0
5243 0
5244 0
5245 0
5246 0
5247 0
5248 0
5249 0
5250 0
5251 0
5252 0
5253 0
5254 0
5255 0
5256 0
5257 0
5258 0
5259 0
5260 0
5261 0
5262 0
5263 0
5264 0
5265 0
5266 0
5267 0
5268 0
5269 0
5270 0
5271 0
5272 0
5273 0
5274 0
5275 0
5276 0
5277 0
5278 0
5279 0
5280 0
5281 0
5282 0
5283 0
5284 0
5285 0
5286 0
5287 0
5288 0
5289 0
5290 0
5291 0
5292 0
5293 0
5294 0
5295 0
5296 0
5297 0
5298 0
5299 0
5300 0
5301 0
5302 0
5303 0
5304 0
5305 0
5306 0
5307 0
5308 0
5309 0
5310 0
5311 0
5312 0
5313 0
5314 0
5315 0
5316 0
5317 0
5318 0
5319 0
5320 0
5321 0
5322 0
5323 0
5324 0
5325 0
5326 0
5327 0
5328 0
5329 0
5330 0
5331 0
5332 0
5333 0
5334 0
5335 0
5336 0
5337 0
5338 0
5339 0
5340 0
5341 0
5342 0
5343 0
5344 0
5345 0
5346 0
5347 0
5348 0
5349 0
5350 0
5351 0
5352 0
5353 0
5354 0
5355 0
5356 0
5357 0
5358 0
5359 0
5360 0
5361 0
5362 0
5363 0
5364 0
5365 0
5366 0
5367 0
5368 0
5369 0
5370 0
5371 0
5372 0
5373 0
5374 0
5375 0
5376 0
5377 0
5378 0
5379 0
5380 0
5381 0
5382 0
5383 0
5384 0
5385 0
5386 0
5387 0
5388 0
5389 0
5390 0
5391 0
5392 0
5393 0
5394 0
5395 0
5396 0
5397 0
5398 0
5399 0
5400 0
5401 0
5402 0
5403 0
5404 0
5405 0
5406 0
5407 0
5408 0
5409 0
5410 0
5411 0
5412 0
5413 0
5414 0
5415 0
5416 0
5417 0
5418 0
5419 0
5420 0
5421 0
5422 0
5423 0
5424 0
5425 0
5426 0
5427 0
5428 0
5429 0
5430 0
5431 0
5432 0
5433 0
5434 0
5435 0
5436 0
5437 0
5438 0
5439 0
5440 0
5441 0
5442 0
5443 0
5444 0
5445 0
5446 0
5447 0
5448 0
5449 0
5450 0
5451 0
5452 0
5453 0
5454 0
5455 0
5456 0
5457 0
5458 0
5459 0
5460 0
5461 0
5462 0
5463 0
5464 0
5465 0
5466 0
5467 0
5468 0
5469 0
5470 0
5471 0
5472 0
5473 0
5474 0
5475 0
5476 0
5477 0
5478 0
5479 0
5480 0
5481 0
5482 0
5483 0
5484 0
5485 0
5486 0
5487 0
5488 0
5489 0
5490 0
5491 0
5492 0
5493 0
5494 0
5495 0
5496 0
5497 0
5498 0
5499 0
5500 0
5501 0
5502 0
5503 0
5504 0
5505 0
5506 0
5507 0
5508 0
5509 0
5510 0
5511 0
5512 0
5513 0
5514 0
5515 0
5516 0
5517 0
5518 0
5519 0
5520 0
5521 0
5522 0
5523 0
5524 0
5525 0
5526 0
5527 0
5528 0
5529 0
5530 0
5531 0
5532 0
5533 0
5534 0
5535 0
5536 0
5537 0
5538 0
5539 0
5540 0
5541 0
5542 0
5543 0
5544 0
5545 0
5546 0
5547 0
5548 0
5549 0
5550 0
5551 0
5552 0
5553 0
5554 0
5555 0
5556 0
5557 0
5558 0
5559 0
5560 0
5561 0
5562 0
5563 0
5564 0
5565 0
5566 0
5567 0
5568 0
5569 0
5570 0
5571 0
5572 0
5573 0
5574 0
5575 0
5576 0
5577 0
5578 0
5579 0
5580 0
5581 0
5582 0
5583 0
5584 0
5585 0
5586 0
5587 0
5588 0
5589 0
5590 0
5591 0
5592 0
5593 0
5594 0
5595 0
5596 0
5597 0
5598 0
5599 0
5600 0
5601 0
5602 0
5603 0
5604 0
5605 0
5606 0
5607 0
5608 0
5609 0
5610 0
5611 0
5612 0
5613 0
5614 0
5615 0
5616 0
5617 0
5618 0
5619 0
5620 0
5621 0
5622 0
5623 0
5624 0
5625 0
5626 0
5627 0
5628 0
5629 0
5630 0
5631 0
5632 0
5633 0
5634 0
5635 0
5636 0
5637 0
5638 0
5639 0
5640 0
5641 0
5642 0
5643 0
5644 0
5645 0
5646 0
5647 0
5648 0
5649 0
5650 0
5651 0
5652 0
5653 0
5654 0
5655 0
5656 0
5657 0
5658 0
5659 0
5660 0
5661 0
5662 0
5663 0
5664 0
5665 0
5666 0
5667 0
5668 0
5669 0
5670 0
5671 0
5672 0
5673 0
5674 0
5675 0
5676 0
5677 0
5678 0
5679 0
5680 0
5681 0
5682 0
5683 0
5684 0
5685 0
5686 0
5687 0
5688 0
5689 0
5690 0
5691 0
5692 0
5693 0
5694 0
5695 0
5696 0
5697 0
5698 0
5699 0
5700 0
5701 0
5702 0
5703 0
5704 0
5705 0
5706 0
5707 0
5708 0
5709 0
5710 0
5711 0
5712 0
5713 0
5714 0
5715 0
5716 0
5717 0
5718 0
5719 0
5720 0
5721 0
5722 0
5723 0
5724 0
5725 0
5726 0
5727 0
5728 0
5729 0
5730 0
5731 0
5732 0
5733 0
5734 0
5735 0
5736 0
5737 0
5738 0
5739 0
5740 0
5741 0
5742 0
5743 0
5744 0
5745 0
5746 0
5747 0
5748 0
5749 0
5750 0
5751 0
5752 0
5753 0
5754 0
5755 0
5756 0
5757 0
5758 0
5759 0
5760 0
5761 0
5762 0
5763 0
5764 0
5765 0
5766 0
5767 0
5768 0
5769 0
5770 0
5771 0
5772 0
5773 0
5774 0
5775 0
5776 0
5777 0
5778 0
5779 0
5780 0
5781 0
5782 0
5783 0
5784 0
5785 0
5786 0
5787 0
5788 0
5789 0
5790 0
5791 0
5792 0
5793 0
5794 0
5795 0
5796 0
5797 0
5798 0
5799 0
5800 0
5801 0
5802 0
5803 0
5804 0
5805 0
5806 0
5807 0
5808 0
5809 0
5810 0
5811 0
5812 0
5813 0
5814 0
5815 0
5816 0
5817 0
5818 0
5819 0
5820 0
5821 0
5822 0
5823 0
5824 0
5825 0
5826 0
5827 0
5828 0
5829 0
5830 0
5831 0
5832 0
5833 0
5834 0
5835 0
5836 0
5837 0
5838 0
5839 0
5840 0
5841 0
5842 0
5843 0
5844 0
5845 0
5846 0
5847 0
5848 0
5849 0
5850 0
5851 0
5852 0
5853 0
5854 0
5855 0
5856 0
5857 0
5858 0
5859 0
5860 0
5861 0
5862 0
5863 0
5864 0
5865 0
5866 0
5867 0
5868 0
5869 0
5870 0
5871 0
5872 0
5873 0
5874 0
5875 0
5876 0
5877 0
5878 0
5879 0
5880 0
5881 0
5882 0
5883 0
5884 0
5885 0
5886 0
5887 0
5888 0
5889 0
5890 0
5891 0
5892 0
5893 0
5894 0
5895 0
5896 0
5897 0
5898 0
5899 0
5900 0
5901 0
5902 0
5903 0
5904 0
5905 0
5906 0
5907 0
5908 0
5909 0
5910 0
5911 0
5912 0
5913 0
5914 0
5915 0
5916 0
5917 0
5918 0
5919 0
5920 0
5921 0
5922 0
5923 0
5924 0
5925 0
5926 0
5927 0
5928 0
5929 0
5930 0
5931 0
5932 0
5933 0
5934 0
5935 0
5936 0
5937 0
5938 0
5939 0
5940 0
5941 0
5942 0
5943 0
5944 0
5945 0
5946 0
5947 0
5948 0
5949 0
5950 0
5951 0
5952 0
5953 0
5954 0
5955 0
5956 0
5957 0
5958 0
5959 0
5960 0
5961 0
5962 0
5963 0
5964 0
5965 0
5966 0
5967 0
5968 0
5969 0
5970 0
5971 0
5972 0
5973 0
5974 0
5975 0
5976 0
5977 0
5978 0
5979 0
5980 0
5981 0
5982 0
5983 0
5984 0
5985 0
5986 0
5987 0
5988 0
5989 0
5990 0
5991 0
5992 0
5993 0
5994 0
5995 0
5996 0
5997 0
5998 0
5999 0
6000 0
6001 0
6002 0
6003 0
6004 0
6005 0
6006 0
6007 0
6008 0
6009 0
6010 0
6011 0
6012 0
6013 0
6014 0
6015 0
6016 0
6017 0
6018 0
6019 0
6020 0
6021 0
6022 0
6023 0
6024 0
6025 0
6026 0
6027 0
6028 0
6029 0
6030 0
6031 0
6032 0
6033 0
6034 0
6035 0
6036 0
6037 0
6038 0
6039 0
6040 0
6041 0
6042 0
6043 0
6044 0
6045 0
6046 0
6047 0
6048 0
6049 0
6050 0
6051 0
6052 0
6053 0
6054 0
6055 0
6056 0
6057 0
6058 0
6059 0
6060 0
6061 0
6062 0
6063 0
6064 0
6065 0
6066 0
6067 0
6068 0
6069 0
6070 0
6071 0
6072 0
6073 0
6074 0
6075 0
6076 0
6077 0
6078 0
6079 0
6080 0
6081 0
6082 0
6083 0
6084 0
6085 0
6086 0
6087 0
6088 0
6089 0
6090 0
6091 0
6092 0
6093 0
6094 0
6095 0
6096 0
6097 0
6098 0
6099 0
6100 0
6101 0
6102 0
6103 0
6104 0
6105 0
6106 0
6107 0
6108 0
6109 0
6110 0
6111 0
6112 0
6113 0
6114 0
6115 0
6116 0
6117 0
6118 0
6119 0
6120 0
6121 0
6122 0
6123 0
6124 0
6125 0
6126 0
6127 0
6128 0
6129 0
6130 0
6131 0
6132 0
6133 0
6134 0
6135 0
6136 0
6137 0
6138 0
6139 0
6140 0
6141 0
6142 0
6143 0
6144 0
6145 0
6146 0
6147 0
6148 0
6149 0
6150 0
6151 0
6152 0
6153 0
6154 0
6155 0
6156 0
6157 0
6158 0
6159 0
6160 0
6161 0
6162 0
6163 0
6164 0
6165 0
6166 0
6167 0
6168 0
6169 0
6170 0
6171 0
6172 0
6173 0
6174 0
6175 0
6176 0
6177 0
6178 0
6179 0
6180 0
6181 0
6182 0
6183 0
6184 0
6185 0
6186 0
6187 0
6188 0
6189 0
6190 0
6191 0
6192 0
6193 0
6194 0
6195 0
6196 0
6197 0
6198 0
6199 0
6200 0
6201 0
6202 0
6203 0
6204 0
6205 0
6206 0
6207 0
6208 0
6209 0
6210 0
6211 0
6212 0
6213 0
6214 0
6215 0
6216 0
6217 0
6218 0
6219 0
6220 0
6221 0
6222 0
6223 0
6224 0
6225 0
6226 0
6227 0
6228 0
6229 0
6230 0
6231 0
6232 0
6233 0
6234 0
6235 0
6236 0
6237 0
6238 0
6239 0
6240 0
6241 0
6242 0
6243 0
6244 0
6245 0
6246 0
6247 0
6248 0
6249 0
6250 0
6251 0
6252 0
6253 0
6254 0
6255 0
6256 0
6257 0
6258 0
6259 0
6260 0
6261 0
6262 0
6263 0
6264 0
6265 0
6266 0
6267 0
6268 0
6269 0
6270 0
6271 0
6272 0
6273 0
6274 0
6275 0
6276 0
6277 0
6278 0
6279 0
6280 0
6281 0
6282 0
6283 0
6284 0
6285 0
6286 0
6287 0
6288 0
6289 0
6290 0
6291 0
6292 0
6293 0
6294 0
6295 0
6296 0
6297 0
6298 0
6299 0
6300 0
6301 0
6302 0
6303 0
6304 0
6305 0
6306 0
6307 0
6308 0
6309 0
6310 0
6311 0
6312 0
6313 0
6314 0
6315 0
6316 0
6317 0
6318 0
6319 0
6320 0
6321 0
6322 0
6323 0
6324 0
6325 0
6326 0
6327 0
6328 0
6329 0
6330 0
6331 0
6332 0
6333 0
6334 0
6335 0
6336 0
6337 0
6338 0
6339 0
6340 0
6341 0
6342 0
6343 0
6344 0
6345 0
6346 0
6347 0
6348 0
6349 0
6350 0
6351 0
6352 0
6353 0
6354 0
6355 0
6356 0
6357 0
6358 0
6359 0
6360 0
6361 0
6362 0
6363 0
6364 0
6365 0
6366 0
6367 0
6368 0
6369 0
6370 0
6371 0
6372 0
6373 0
6374 0
6375 0
6376 0
6377 0
6378 0
6379 0
6380 0
6381 0
6382 0
6383 0
6384 0
6385 0
6386 0
6387 0
6388 0
6389 0
6390 0
6391 0
6392 0
6393 0
6394 0
6395 0
6396 0
6397 0
6398 0
6399 0
6400 0
6401 0
6402 0
6403 0
6404 0
6405 0
6406 0
6407 0
6408 0
6409 0
6410 0
6411 0
6412 0
6413 0
6414 0
6415 0
6416 0
6417 0
6418 0
6419 0
6420 0
6421 0
6422 0
6423 0
6424 0
6425 0
6426 0
6427 0
6428 0
6429 0
6430 0
6431 0
6432 0
6433 0
6434 0
6435 0
6436 0
6437 0
6438 0
6439 0
6440 0
6441 0
6442 0
6443 0
6444 0
6445 0
6446 0
6447 0
6448 0
6449 0
6450 0
6451 0
6452 0
6453 0
6454 0
6455 0
6456 0
6457 0
6458 0
6459 0
6460 0
6461 0
6462 0
6463 0
6464 0
6465 0
6466 0
6467 0
6468 0
6469 0
6470 0
6471 0
6472 0
6473 0
6474 0
6475 0
6476 0
6477 0
6478 0
6479 0
6480 0
6481 0
6482 0
6483 0
6484 0
6485 0
6486 0
6487 0
6488 0
6489 0
6490 0
6491 0
6492 0
6493 0
6494 0
6495 0
6496 0
6497 0
6498 0
6499 0
6500 0
6501 0
6502 0
6503 0
6504 0
6505 0
6506 0
6507 0
6508 0
6509 0
6510 0
6511 0
6512 0
6513 0
6514 0
6515 0
6516 0
6517 0
6518 0
6519 0
6520 0
6521 0
6522 0
6523 0
6524 0
6525 0
6526 0
6527 0
6528 0
6529 0
6530 0
6531 0
6532 0
6533 0
6534 0
6535 0
6536 0
6537 0
6538 0
6539 0
6540 0
6541 0
6542 0
6543 0
6544 0
6545 0
6546 0
6547 0
6548 0
6549 0
6550 0
6551 0
6552 0
6553 0
6554 0
6555 0
6556 0
6557 0
6558 0
6559 0
6560 0
6561 0
6562 0
6563 0
6564 0
6565 0
6566 0
6567 0
6568 0
6569 0
6570 0
6571 0
6572 0
6573 0
6574 0
6575 0
6576 0
6577 0
6578 0
6579 0
6580 0
6581 0
6582 0
6583 0
6584 0
6585 0
6586 0
6587 0
6588 0
6589 0
6590 0
6591 0
6592 0
6593 0
6594 0
6595 0
6596 0
6597 0
6598 0
6599 0
6600 0
6601 0
6602 0
6603 0
6604 0
6605 0
6606 0
6607 0
6608 0
6609 0
6610 0
6611 0
6612 0
6613 0
6614 0
6615 0
6616 0
6617 0
6618 0
6619 0
6620 0
6621 0
6622 0
6623 0
6624 0
6625 0
6626 0
6627 0
6628 0
6629 0
6630 0
6631 0
6632 0
6633 0
6634 0
6635 0
6636 0
6637 0
6638 0
6639 0
6640 0
6641 0
6642 0
6643 0
6644 0
6645 0
6646 0
6647 0
6648 0
6649 0
6650 0
6651 0
6652 0
6653 0
6654 0
6655 0
6656 0
6657 0
6658 0
6659 0
6660 0
6661 0
6662 0
6663 0
6664 0
6665 0
6666 0
6667 0
6668 0
6669 0
6670 0
6671 0
6672 0
6673 0
6674 0
6675 0
6676 0
6677 0
6678 0
6679 0
6680 0
6681 0
6682 0
6683 0
6684 0
6685 0
6686 0
6687 0
6688 0
6689 0
6690 0
6691 0
6692 0
6693 0
6694 0
6695 0
6696 0
6697 0
6698 0
6699 0
6700 0
6701 0
6702 0
6703 0
6704 0
6705 0
6706 0
6707 0
6708 0
6709 0
6710 0
6711 0
6712 0
6713 0
6714 0
6715 0
6716 0
6717 0
6718 0
6719 0
6720 0
6721 0
6722 0
6723 0
6724 0
6725 0
6726 0
6727 0
6728 0
6729 0
6730 0
6731 0
6732 0
6733 0
6734 0
6735 0
6736 0
6737 0
6738 0
6739 0
6740 0
6741 0
6742 0
6743 0
6744 0
6745 0
6746 0
6747 0
6748 0
6749 0
6750 0
6751 0
6752 0
6753 0
6754 0
6755 0
6756 0
6757 0
6758 0
6759 0
6760 0
6761 0
6762 0
6763 0
6764 0
6765 0
6766 0
6767 0
6768 0
6769 0
6770 0
6771 0
6772 0
6773 0
6774 0
6775 0
6776 0
6777 0
6778 0
6779 0
6780 0
6781 0
6782 0
6783 0
6784 0
6785 0
6786 0
6787 0
6788 0
6789 0
6790 0
6791 0
6792 0
6793 0
6794 0
6795 0
6796 0
6797 0
6798 0
6799 0
6800 0
6801 0
6802 0
6803 0
6804 0
6805 0
6806 0
6807 0
6808 0
6809 0
6810 0
6811 0
6812 0
6813 0
6814 0
6815 0
6816 0
6817 0
6818 0
6819 0
6820 0
6821 0
6822 0
6823 0
6824 0
6825 0
6826 0
6827 0
6828 0
6829 0
6830 0
6831 0
6832 0
6833 0
6834 0
6835 0
6836 0
6837 0
6838 0
6839 0
6840 0
6841 0
6842 0
6843 0
6844 0
6845 0
6846 0
6847 0
6848 0
6849 0
6850 0
6851 0
6852 0
6853 0
6854 0
6855 0
6856 0
6857 0
6858 0
6859 0
6860 0
6861 0
6862 0
6863 0
6864 0
6865 0
6866 0
6867 0
6868 0
6869 0
6870 0
6871 0
6872 0
6873 0
6874 0
6875 0
6876 0
6877 0
6878 0
6879 0
6880 0
6881 0
6882 0
6883 0
6884 0
6885 0
6886 0
6887 0
6888 0
6889 0
6890 0
6891 0
6892 0
6893 0
6894 0
6895 0
6896 0
6897 0
6898 0
6899 0
6900 0
6901 0
6902 0
6903 0
6904 0
6905 0
6906 0
6907 0
6908 0
6909 0
6910 0
6911 0
6912 0
6913 0
6914 0
6915 0
6916 0
6917 0
6918 0
6919 0
6920 0
6921 0
6922 0
6923 0
6924 0
6925 0
6926 0
6927 0
6928 0
6929 0
6930 0
6931 0
6932 0
6933 0
6934 0
6935 0
6936 0
6937 0
6938 0
6939 0
6940 0
6941 0
6942 0
6943 0
6944 0
6945 0
6946 0
6947 0
6948 0
6949 0
6950 0
6951 0
6952 0
6953 0
6954 0
6955 0
6956 0
6957 0
6958 0
6959 0
6960 0
6961 0
6962 0
6963 0
6964 0
6965 0
6966 0
6967 0
6968 0
6969 0
6970 0
6971 0
6972 0
6973 0
6974 0
6975 0
6976 0
6977 0
6978 0
6979 0
6980 0
6981 0
6982 0
6983 0
6984 0
6985 0
6986 0
6987 0
6988 0
6989 0
6990 0
6991 0
6992 0
6993 0
6994 0
6995 0
6996 0
6997 0
6998 0
6999 0
7000 0
7001 0
7002 0
7003 0
7004 0
7005 0
7006 0
7007 0
7008 0
7009 0
7010 0
7011 0
7012 0
7013 0
7014 0
7015 0
7016 0
7017 0
7018 0
7019 0
7020 0
7021 0
7022 0
7023 0
7024 0
7025 0
7026 0
7027 0
7028 0
7029 0
7030 0
7031 0
7032 0
7033 0
7034 0
7035 0
7036 0
7037 0
7038 0
7039 0
7040 0
7041 0
7042 0
7043 0
7044 0
7045 0
7046 0
7047 0
7048 0
7049 0
7050 0
7051 0
7052 0
7053 0
7054 0
7055 0
7056 0
