0 3.2087
1 3.20891
2 3.20913
3 3.20933
4 3.20953
5 3.20975
6 3.20994
7 3.21013
8 3.21035
9 3.21055
10 3.21073
11 3.21093
12 3.21112
13 3.21131
14 3.21149
15 3.21167
16 3.21185
17 3.21203
18 3.21221
19 3.21237
20 3.21254
21 3.21272
22 3.21289
23 3.21306
24 3.21321
25 3.21338
26 3.21355
27 3.2137
28 3.21384
29 3.21401
30 3.21417
31 3.21432
32 3.21446
33 3.21462
34 3.21476
35 3.21492
36 3.21505
37 3.2152
38 3.21534
39 3.21548
40 3.21561
41 3.21577
42 3.21589
43 3.21603
44 3.21618
45 3.21631
46 3.21645
47 3.21659
48 3.21672
49 3.21686
50 3.21699
51 3.21712
52 3.21725
53 3.21737
54 3.21752
55 3.21766
56 3.21779
57 3.21792
58 3.21804
59 3.21819
60 3.21833
61 3.21846
62 3.2186
63 3.21874
64 3.21889
65 3.21903
66 3.21919
67 3.21932
68 3.21948
69 3.21963
70 3.2198
71 3.21995
72 3.22011
73 3.22029
74 3.22045
75 3.22064
76 3.22081
77 3.22102
78 3.22119
79 3.22139
80 3.22161
81 3.22182
82 3.22204
83 3.22226
84 3.22247
85 3.22274
86 3.22297
87 3.22324
88 3.2235
89 3.2238
90 3.22409
91 3.2244
92 3.2247
93 3.22503
94 3.22538
95 3.22575
96 3.22611
97 3.22651
98 3.22691
99 3.22733
100 3.22778
101 3.22824
102 3.22873
103 3.22923
104 3.22974
105 3.2303
106 3.23088
107 3.23148
108 3.23211
109 3.23277
110 3.23345
111 3.23417
112 3.2349
113 3.23569
114 3.2365
115 3.23735
116 3.23824
117 3.23915
118 3.24014
119 3.24114
120 3.24219
121 3.2433
122 3.24444
123 3.24562
124 3.24687
125 3.24818
126 3.24955
127 3.25094
128 3.2524
129 3.25393
130 3.25554
131 3.25718
132 3.25893
133 3.26071
134 3.26257
135 3.26452
136 3.26653
137 3.26863
138 3.2708
139 3.27307
140 3.27541
141 3.27786
142 3.2804
143 3.28302
144 3.28574
145 3.28856
146 3.2915
147 3.29453
148 3.29769
149 3.30095
150 3.3043
151 3.3078
152 3.31142
153 3.31517
154 3.31902
155 3.32302
156 3.32715
157 3.33143
158 3.33583
159 3.34039
160 3.34509
161 3.34994
162 3.35495
163 3.36011
164 3.36544
165 3.37092
166 3.37658
167 3.3824
168 3.38839
169 3.39457
170 3.40094
171 3.40747
172 3.4142
173 3.42114
174 3.42823
175 3.43555
176 3.44305
177 3.45079
178 3.4587
179 3.46684
180 3.47517
181 3.48374
182 3.49252
183 3.50153
184 3.51076
185 3.5202
186 3.5299
187 3.53982
188 3.54997
189 3.56036
190 3.57101
191 3.58189
192 3.59303
193 3.60439
194 3.61603
195 3.62791
196 3.64005
197 3.65246
198 3.66513
199 3.67804
200 3.69124
201 3.7047
202 3.71843
203 3.7324
204 3.74666
205 3.76121
206 3.77603
207 3.79111
208 3.80648
209 3.82211
210 3.83804
211 3.85425
212 3.87072
213 3.8875
214 3.90456
215 3.9219
216 3.9395
217 3.95742
218 3.97559
219 3.99407
220 4.01285
221 4.0319
222 4.05123
223 4.07087
224 4.09078
225 4.11099
226 4.1315
227 4.15228
228 4.17337
229 4.19474
230 4.2164
231 4.23835
232 4.26057
233 4.28312
234 4.30595
235 4.32907
236 4.35246
237 4.37618
238 4.40019
239 4.4245
240 4.44907
241 4.47396
242 4.49916
243 4.52465
244 4.55041
245 4.57652
246 4.60293
247 4.62962
248 4.65664
249 4.68392
250 4.71155
251 4.73948
252 4.76773
253 4.7963
254 4.82521
255 4.85442
256 4.88397
257 4.91386
258 4.94407
259 4.97463
260 5.00554
261 5.03678
262 5.06838
263 5.10038
264 5.13267
265 5.16541
266 5.19851
267 5.23198
268 5.26582
269 5.30012
270 5.33475
271 5.36987
272 5.40537
273 5.44132
274 5.4777
275 5.51455
276 5.55185
277 5.58963
278 5.62788
279 5.66661
280 5.70585
281 5.74563
282 5.78593
283 5.82676
284 5.86814
285 5.9101
286 5.95262
287 5.99574
288 6.03951
289 6.08383
290 6.12882
291 6.17445
292 6.22073
293 6.26776
294 6.31542
295 6.36382
296 6.41292
297 6.46282
298 6.51345
299 6.56487
300 6.61707
301 6.67016
302 6.724
303 6.77872
304 6.83434
305 6.89078
306 6.94825
307 7.00653
308 7.0658
309 7.12602
310 7.18725
311 7.24927
312 7.31249
313 7.37678
314 7.44208
315 7.50854
316 7.57606
317 7.64468
318 7.71448
319 7.78533
320 7.85743
321 7.93072
322 8.00521
323 8.08093
324 8.1579
325 8.23618
326 8.31567
327 8.39648
328 8.47858
329 8.56208
330 8.64689
331 8.73302
332 8.82061
333 8.90951
334 8.99985
335 9.09155
336 9.1848
337 9.27947
338 9.37551
339 9.47312
340 9.57209
341 9.67265
342 9.77436
343 9.87791
344 9.98296
345 10.0895
346 10.1976
347 10.3072
348 10.4184
349 10.5312
350 10.6454
351 10.7612
352 10.8786
353 10.9974
354 11.1179
355 11.2398
356 11.3633
357 11.4883
358 11.6149
359 11.7429
360 11.8726
361 12.0036
362 12.1362
363 12.2702
364 12.4057
365 12.5427
366 12.681
367 12.8208
368 12.9621
369 13.1046
370 13.2485
371 13.3937
372 13.5403
373 13.6877
374 13.8368
375 13.9871
376 14.1386
377 14.2913
378 14.445
379 14.6
380 14.756
381 14.9131
382 15.0709
383 15.23
384 15.3899
385 15.5505
386 15.7121
387 15.8744
388 16.0375
389 16.2013
390 16.3657
391 16.5307
392 16.6962
393 16.8623
394 17.0288
395 17.1956
396 17.3627
397 17.5303
398 17.698
399 17.8657
400 18.0336
401 18.2015
402 18.3695
403 18.5374
404 18.7051
405 18.8721
406 19.0394
407 19.2063
408 19.3727
409 19.5389
410 19.7044
411 19.8694
412 20.0337
413 20.1972
414 20.3599
415 20.5218
416 20.6828
417 20.8428
418 21.0017
419 21.1595
420 21.3161
421 21.4717
422 21.6256
423 21.7783
424 21.9294
425 22.0792
426 22.2273
427 22.3738
428 22.5185
429 22.6614
430 22.8027
431 22.942
432 23.0792
433 23.2145
434 23.3479
435 23.4789
436 23.6078
437 23.7341
438 23.8584
439 23.9805
440 24.1002
441 24.2174
442 24.3321
443 24.4443
444 24.554
445 24.6609
446 24.7652
447 24.8668
448 24.9656
449 25.0617
450 25.155
451 25.2453
452 25.3328
453 25.4174
454 25.499
455 25.5776
456 25.6533
457 25.726
458 25.7955
459 25.8621
460 25.9255
461 25.9859
462 26.0432
463 26.0973
464 26.1482
465 26.1961
466 26.2408
467 26.2824
468 26.3209
469 26.356
470 26.3882
471 26.4172
472 26.4431
473 26.466
474 26.4856
475 26.5022
476 26.5157
477 26.5261
478 26.5335
479 26.5379
480 26.5392
481 26.5376
482 26.5329
483 26.5254
484 26.5149
485 26.5016
486 26.4855
487 26.4665
488 26.4448
489 26.4203
490 26.3931
491 26.3631
492 26.3307
493 26.2956
494 26.2581
495 26.2179
496 26.1753
497 26.1304
498 26.083
499 26.0335
500 25.9815
501 25.9275
502 25.8712
503 25.8129
504 25.7524
505 25.6899
506 25.6255
507 25.5592
508 25.4912
509 25.4212
510 25.3495
511 25.2762
512 25.2012
513 25.1247
514 25.0466
515 24.9672
516 24.8862
517 24.8041
518 24.7206
519 24.6358
520 24.5499
521 24.4629
522 24.375
523 24.286
524 24.1959
525 24.1051
526 24.0134
527 23.921
528 23.8277
529 23.7339
530 23.6396
531 23.5447
532 23.449
533 23.3532
534 23.2568
535 23.1604
536 23.0636
537 22.9664
538 22.869
539 22.7715
540 22.6738
541 22.5762
542 22.4786
543 22.3809
544 22.2834
545 22.1861
546 22.0889
547 21.9918
548 21.8951
549 21.7986
550 21.7026
551 21.6069
552 21.5116
553 21.4168
554 21.3224
555 21.2286
556 21.1353
557 21.0428
558 20.9506
559 20.8592
560 20.7685
561 20.6784
562 20.5892
563 20.5007
564 20.413
565 20.3261
566 20.2401
567 20.1549
568 20.0706
569 19.9875
570 19.905
571 19.8234
572 19.7429
573 19.6632
574 19.5846
575 19.5072
576 19.4306
577 19.355
578 19.2806
579 19.2072
580 19.1348
581 19.0636
582 18.9934
583 18.9244
584 18.8564
585 18.7895
586 18.7238
587 18.6592
588 18.5957
589 18.5333
590 18.4721
591 18.412
592 18.353
593 18.2952
594 18.2385
595 18.183
596 18.1285
597 18.0753
598 18.0231
599 17.972
600 17.922
601 17.8732
602 17.8255
603 17.7788
604 17.7332
605 17.6888
606 17.6454
607 17.603
608 17.5617
609 17.5214
610 17.4822
611 17.444
612 17.4068
613 17.3705
614 17.3354
615 17.3011
616 17.2679
617 17.2354
618 17.204
619 17.1735
620 17.1439
621 17.1152
622 17.0874
623 17.0603
624 17.0342
625 17.0088
626 16.9843
627 16.9605
628 16.9375
629 16.9152
630 16.8937
631 16.8729
632 16.8528
633 16.8334
634 16.8145
635 16.7964
636 16.7788
637 16.7619
638 16.7455
639 16.7298
640 16.7144
641 16.6996
642 16.6854
643 16.6715
644 16.6581
645 16.6452
646 16.6327
647 16.6206
648 16.6088
649 16.5973
650 16.5863
651 16.5754
652 16.5649
653 16.5546
654 16.5446
655 16.5347
656 16.5251
657 16.5157
658 16.5064
659 16.4972
660 16.4882
661 16.4793
662 16.4703
663 16.4615
664 16.4526
665 16.4438
666 16.435
667 16.4261
668 16.4172
669 16.4082
670 16.3991
671 16.3899
672 16.3805
673 16.3711
674 16.3615
675 16.3516
676 16.3416
677 16.3313
678 16.3208
679 16.31
680 16.299
681 16.2876
682 16.2759
683 16.264
684 16.2517
685 16.239
686 16.226
687 16.2126
688 16.1987
689 16.1844
690 16.1698
691 16.1546
692 16.1391
693 16.1231
694 16.1066
695 16.0895
696 16.0721
697 16.054
698 16.0355
699 16.0164
700 15.9968
701 15.9767
702 15.9558
703 15.9345
704 15.9127
705 15.8901
706 15.867
707 15.8434
708 15.8192
709 15.7942
710 15.7687
711 15.7426
712 15.7158
713 15.6884
714 15.6604
715 15.6318
716 15.6024
717 15.5725
718 15.5419
719 15.5107
720 15.4787
721 15.4463
722 15.413
723 15.3793
724 15.3447
725 15.3096
726 15.2738
727 15.2374
728 15.2003
729 15.1627
730 15.1243
731 15.0853
732 15.0458
733 15.0056
734 14.9647
735 14.9233
736 14.8812
737 14.8385
738 14.7952
739 14.7513
740 14.7069
741 14.6619
742 14.6163
743 14.5702
744 14.5235
745 14.4761
746 14.4284
747 14.38
748 14.3313
749 14.2819
750 14.232
751 14.1817
752 14.1308
753 14.0795
754 14.0277
755 13.9753
756 13.9226
757 13.8694
758 13.8159
759 13.7619
760 13.7074
761 13.6526
762 13.5975
763 13.5419
764 13.486
765 13.4298
766 13.3733
767 13.3164
768 13.2591
769 13.2017
770 13.1438
771 13.0857
772 13.0274
773 12.9689
774 12.91
775 12.8509
776 12.7916
777 12.7322
778 12.6725
779 12.6127
780 12.5526
781 12.4925
782 12.4322
783 12.3717
784 12.3112
785 12.2505
786 12.1898
787 12.1291
788 12.0681
789 12.0072
790 11.9462
791 11.8851
792 11.8241
793 11.763
794 11.7018
795 11.6408
796 11.5797
797 11.5187
798 11.4577
799 11.3967
800 11.3359
801 11.275
802 11.2143
803 11.1536
804 11.093
805 11.0327
806 10.9724
807 10.9121
808 10.8522
809 10.7922
810 10.7326
811 10.673
812 10.6135
813 10.5544
814 10.4953
815 10.4365
816 10.3779
817 10.3195
818 10.2613
819 10.2034
820 10.1457
821 10.0882
822 10.031
823 9.97406
824 9.9174
825 9.86095
826 9.80501
827 9.74912
828 9.69359
829 9.63831
830 9.58333
831 9.52863
832 9.47426
833 9.42024
834 9.36652
835 9.31312
836 9.26003
837 9.20733
838 9.15487
839 9.10282
840 9.0511
841 8.99973
842 8.94871
843 8.89805
844 8.84775
845 8.7978
846 8.74822
847 8.69899
848 8.65018
849 8.60169
850 8.5536
851 8.50585
852 8.45849
853 8.41153
854 8.36497
855 8.31874
856 8.27291
857 8.22749
858 8.18244
859 8.13776
860 8.09351
861 8.04958
862 8.00607
863 7.96298
864 7.92025
865 7.87792
866 7.83613
867 7.79459
868 7.75342
869 7.71265
870 7.67226
871 7.63226
872 7.59265
873 7.55345
874 7.51462
875 7.47619
876 7.43814
877 7.40046
878 7.36317
879 7.32627
880 7.28974
881 7.25358
882 7.21785
883 7.18247
884 7.14745
885 7.11282
886 7.07856
887 7.04469
888 7.01116
889 6.97803
890 6.94527
891 6.91283
892 6.88079
893 6.84911
894 6.81777
895 6.78679
896 6.75616
897 6.7259
898 6.69598
899 6.6664
900 6.63716
901 6.60832
902 6.57978
903 6.55154
904 6.52369
905 6.49617
906 6.46896
907 6.44209
908 6.41564
909 6.3894
910 6.36351
911 6.33794
912 6.31265
913 6.28769
914 6.26306
915 6.23872
916 6.2147
917 6.19096
918 6.16751
919 6.1444
920 6.12155
921 6.09901
922 6.07675
923 6.05478
924 6.03308
925 6.01168
926 5.99055
927 5.96969
928 5.94911
929 5.9288
930 5.90875
931 5.88896
932 5.86944
933 5.85017
934 5.83117
935 5.81241
936 5.7939
937 5.77563
938 5.75761
939 5.73985
940 5.72233
941 5.705
942 5.68792
943 5.67112
944 5.65449
945 5.63811
946 5.62196
947 5.606
948 5.59028
949 5.57477
950 5.55953
951 5.54442
952 5.52953
953 5.51486
954 5.50039
955 5.48612
956 5.47201
957 5.45813
958 5.44443
959 5.43093
960 5.4176
961 5.40443
962 5.39149
963 5.37869
964 5.3661
965 5.35365
966 5.3414
967 5.32931
968 5.31738
969 5.30562
970 5.29402
971 5.28258
972 5.2713
973 5.26014
974 5.24918
975 5.23834
976 5.22769
977 5.21714
978 5.20677
979 5.19651
980 5.18639
981 5.17643
982 5.16659
983 5.15689
984 5.14732
985 5.13788
986 5.12857
987 5.11936
988 5.11029
989 5.10135
990 5.09251
991 5.08381
992 5.0752
993 5.06674
994 5.05837
995 5.0501
996 5.04194
997 5.03389
998 5.02594
999 5.01811
1000 5.01037
1001 5.00272
1002 4.99518
1003 4.98773
1004 4.98035
1005 4.97309
1006 4.96592
1007 4.95881
1008 4.95183
1009 4.9449
1010 4.93805
1011 4.93129
1012 4.92464
1013 4.91805
1014 4.91156
1015 4.9051
1016 4.89875
1017 4.89243
1018 4.88621
1019 4.88008
1020 4.87402
1021 4.86801
1022 4.86205
1023 4.85617
1024 4.85035
1025 4.84458
1026 4.83892
1027 4.83327
1028 4.82772
1029 4.82219
1030 4.81675
1031 4.81135
1032 4.80595
1033 4.80068
1034 4.79543
1035 4.79024
1036 4.7851
1037 4.77999
1038 4.77497
1039 4.76997
1040 4.76502
1041 4.76009
1042 4.75521
1043 4.75037
1044 4.7456
1045 4.74084
1046 4.73611
1047 4.73144
1048 4.72682
1049 4.72223
1050 4.71766
1051 4.71312
1052 4.70865
1053 4.70419
1054 4.69973
1055 4.69535
1056 4.69098
1057 4.68665
1058 4.68232
1059 4.67806
1060 4.67379
1061 4.66959
1062 4.66535
1063 4.6612
1064 4.65703
1065 4.65291
1066 4.64879
1067 4.64469
1068 4.64064
1069 4.6366
1070 4.63256
1071 4.62855
1072 4.62458
1073 4.62058
1074 4.61666
1075 4.61273
1076 4.6088
1077 4.60491
1078 4.60102
1079 4.59716
1080 4.59331
1081 4.58946
1082 4.58563
1083 4.58181
1084 4.57801
1085 4.57423
1086 4.57042
1087 4.56664
1088 4.56291
1089 4.55918
1090 4.5554
1091 4.55168
1092 4.54796
1093 4.54425
1094 4.54052
1095 4.53682
1096 4.53312
1097 4.52947
1098 4.52577
1099 4.52208
1100 4.51843
1101 4.51474
1102 4.51111
1103 4.50745
1104 4.50378
1105 4.50015
1106 4.49651
1107 4.49287
1108 4.48922
1109 4.48557
1110 4.48196
1111 4.47832
1112 4.47469
1113 4.47107
1114 4.46744
1115 4.46378
1116 4.46017
1117 4.45657
1118 4.45291
1119 4.44929
1120 4.44567
1121 4.44205
1122 4.43842
1123 4.43479
1124 4.43117
1125 4.42752
1126 4.42389
1127 4.42026
1128 4.41661
1129 4.41298
1130 4.40933
1131 4.40571
1132 4.40206
1133 4.39841
1134 4.39476
1135 4.39107
1136 4.38744
1137 4.38376
1138 4.38009
1139 4.37643
1140 4.37276
1141 4.36907
1142 4.36541
1143 4.36169
1144 4.35802
1145 4.35433
1146 4.35061
1147 4.34692
1148 4.3432
1149 4.33949
1150 4.33575
1151 4.33204
1152 4.32832
1153 4.32458
1154 4.32082
1155 4.3171
1156 4.31332
1157 4.30958
1158 4.30581
1159 4.30203
1160 4.29827
1161 4.29449
1162 4.2907
1163 4.28691
1164 4.28312
1165 4.27929
1166 4.27548
1167 4.27169
1168 4.26786
1169 4.26403
1170 4.26018
1171 4.25635
1172 4.25251
1173 4.24861
1174 4.24477
1175 4.24091
1176 4.23704
1177 4.23314
1178 4.22926
1179 4.22535
1180 4.22146
1181 4.21755
1182 4.21365
1183 4.20971
1184 4.20579
1185 4.20184
1186 4.1979
1187 4.19397
1188 4.19
1189 4.18603
1190 4.18206
1191 4.17808
1192 4.17408
1193 4.17013
1194 4.1661
1195 4.16213
1196 4.15809
1197 4.15409
1198 4.15007
1199 4.14604
1200 4.14197
1201 4.13793
1202 4.13389
1203 4.12982
1204 4.12578
1205 4.12171
1206 4.11762
1207 4.11357
1208 4.10945
1209 4.10537
1210 4.10122
1211 4.09712
1212 4.09303
1213 4.0889
1214 4.08475
1215 4.08061
1216 4.07649
1217 4.07233
1218 4.06818
1219 4.06399
1220 4.05986
1221 4.05566
1222 4.05149
1223 4.04727
1224 4.0431
1225 4.03887
1226 4.03467
1227 4.03046
1228 4.02624
1229 4.02201
1230 4.01778
1231 4.01358
1232 4.00929
1233 4.00507
1234 4.00078
1235 3.99653
1236 3.99229
1237 3.98801
1238 3.98371
1239 3.97943
1240 3.97515
1241 3.97086
1242 3.96655
1243 3.96223
1244 3.95792
1245 3.9536
1246 3.94929
1247 3.94493
1248 3.94061
1249 3.93629
1250 3.93195
1251 3.92754
1252 3.9232
1253 3.91888
1254 3.91449
1255 3.91011
1256 3.90572
1257 3.90137
1258 3.89696
1259 3.89258
1260 3.88817
1261 3.88377
1262 3.87938
1263 3.87495
1264 3.87052
1265 3.86609
1266 3.8617
1267 3.85724
1268 3.85284
1269 3.8484
1270 3.84394
1271 3.83951
1272 3.83503
1273 3.83059
1274 3.82614
1275 3.82165
1276 3.81718
1277 3.8127
1278 3.80825
1279 3.80376
1280 3.79927
1281 3.79479
1282 3.79027
1283 3.78578
1284 3.7813
1285 3.7768
1286 3.77228
1287 3.76777
1288 3.76326
1289 3.75873
1290 3.7542
1291 3.74969
1292 3.74516
1293 3.74063
1294 3.73607
1295 3.73154
1296 3.72701
1297 3.72244
1298 3.7179
1299 3.71335
1300 3.7088
1301 3.70424
1302 3.69966
1303 3.69514
1304 3.69055
1305 3.68596
1306 3.68142
1307 3.67682
1308 3.67226
1309 3.66765
1310 3.66308
1311 3.65851
1312 3.65392
1313 3.64934
1314 3.64475
1315 3.64014
1316 3.63552
1317 3.63092
1318 3.62634
1319 3.62172
1320 3.61712
1321 3.61251
1322 3.60791
1323 3.60331
1324 3.59868
1325 3.59404
1326 3.58944
1327 3.58482
1328 3.58018
1329 3.57555
1330 3.57093
1331 3.56633
1332 3.56171
1333 3.55706
1334 3.55244
1335 3.5478
1336 3.54314
1337 3.53851
1338 3.5339
1339 3.52925
1340 3.52464
1341 3.51996
1342 3.51534
1343 3.5107
1344 3.50602
1345 3.50138
1346 3.49673
1347 3.49208
1348 3.48744
1349 3.48282
1350 3.47814
1351 3.47352
1352 3.46885
1353 3.46422
1354 3.45955
1355 3.45491
1356 3.45024
1357 3.44557
1358 3.44092
1359 3.43627
1360 3.43162
1361 3.42696
1362 3.4223
1363 3.41768
1364 3.413
1365 3.40833
1366 3.4037
1367 3.39901
1368 3.39439
1369 3.38971
1370 3.38504
1371 3.38042
1372 3.37574
1373 3.3711
1374 3.36643
1375 3.36177
1376 3.35711
1377 3.35246
1378 3.3478
1379 3.34314
1380 3.33848
1381 3.33382
1382 3.32921
1383 3.32454
1384 3.31989
1385 3.31522
1386 3.3106
1387 3.30591
1388 3.30127
1389 3.29663
1390 3.29198
1391 3.28734
1392 3.28269
1393 3.27803
1394 3.27338
1395 3.26872
1396 3.26411
1397 3.25945
1398 3.25482
1399 3.25015
1400 3.24554
1401 3.24091
1402 3.23624
1403 3.23163
1404 3.22698
1405 3.22235
1406 3.21772
1407 3.21309
1408 3.20848
1409 3.20385
1410 3.19922
1411 3.1946
1412 3.18996
1413 3.18535
1414 3.18073
1415 3.17613
1416 3.17149
1417 3.1669
1418 3.16225
1419 3.15764
1420 3.15302
1421 3.14841
1422 3.14381
1423 3.13921
1424 3.13463
1425 3.13003
1426 3.12541
1427 3.12085
1428 3.11622
1429 3.11165
1430 3.10703
1431 3.10246
1432 3.09789
1433 3.09331
1434 3.08872
1435 3.08414
1436 3.07956
1437 3.07497
1438 3.0704
1439 3.06585
1440 3.06127
1441 3.05672
1442 3.05214
1443 3.04758
1444 3.04303
1445 3.03845
1446 3.03391
1447 3.02935
1448 3.0248
1449 3.02026
1450 3.0157
1451 3.01121
1452 3.00665
1453 3.00211
1454 2.99757
1455 2.99304
1456 2.98853
1457 2.98397
1458 2.97948
1459 2.97495
1460 2.97045
1461 2.96593
1462 2.96142
1463 2.95691
1464 2.9524
1465 2.9479
1466 2.94341
1467 2.93894
1468 2.93443
1469 2.92996
1470 2.92546
1471 2.92098
1472 2.91652
1473 2.91204
1474 2.90756
1475 2.90308
1476 2.89861
1477 2.89415
1478 2.88974
1479 2.88526
1480 2.88081
1481 2.87634
1482 2.87192
1483 2.86745
1484 2.86304
1485 2.85857
1486 2.85416
1487 2.84974
1488 2.84532
1489 2.84091
1490 2.83648
1491 2.83207
1492 2.82764
1493 2.82322
1494 2.81884
1495 2.81444
1496 2.81007
1497 2.80566
1498 2.80129
1499 2.79688
1500 2.7925
1501 2.78814
1502 2.78377
1503 2.7794
1504 2.77503
1505 2.77067
1506 2.76633
1507 2.76196
1508 2.75759
1509 2.75328
1510 2.74891
1511 2.74461
1512 2.74024
1513 2.73591
1514 2.7316
1515 2.7273
1516 2.72293
1517 2.71862
1518 2.71432
1519 2.71003
1520 2.70574
1521 2.70143
1522 2.69712
1523 2.69286
1524 2.68855
1525 2.68428
1526 2.68003
1527 2.67573
1528 2.67147
1529 2.6672
1530 2.66294
1531 2.6587
1532 2.65445
1533 2.6502
1534 2.64597
1535 2.64173
1536 2.63748
1537 2.63329
1538 2.62905
1539 2.62484
1540 2.62063
1541 2.61639
1542 2.6122
1543 2.60799
1544 2.60379
1545 2.59959
1546 2.59544
1547 2.59126
1548 2.58706
1549 2.58292
1550 2.57871
1551 2.57456
1552 2.57037
1553 2.56623
1554 2.56209
1555 2.55795
1556 2.55381
1557 2.54967
1558 2.54554
1559 2.5414
1560 2.53727
1561 2.53318
1562 2.52905
1563 2.52492
1564 2.52082
1565 2.51674
1566 2.51263
1567 2.50853
1568 2.50446
1569 2.50039
1570 2.49631
1571 2.49222
1572 2.48816
1573 2.4841
1574 2.48006
1575 2.47599
1576 2.47197
1577 2.4679
1578 2.46387
1579 2.45986
1580 2.45582
1581 2.4518
1582 2.44779
1583 2.44377
1584 2.43975
1585 2.43574
1586 2.43175
1587 2.42777
1588 2.42375
1589 2.41979
1590 2.41579
1591 2.41183
1592 2.40787
1593 2.40392
1594 2.39996
1595 2.396
1596 2.39206
1597 2.3881
1598 2.38417
1599 2.38023
1600 2.37632
1601 2.37237
1602 2.36849
1603 2.36454
1604 2.36064
1605 2.35673
1606 2.35285
1607 2.34896
1608 2.34506
1609 2.34119
1610 2.3373
1611 2.33343
1612 2.32958
1613 2.32571
1614 2.32185
1615 2.31802
1616 2.31419
1617 2.31031
1618 2.30648
1619 2.30265
1620 2.29881
1621 2.29499
1622 2.29122
1623 2.28739
1624 2.28357
1625 2.27979
1626 2.27598
1627 2.27221
1628 2.26842
1629 2.26463
1630 2.26086
1631 2.2571
1632 2.25333
1633 2.24958
1634 2.24583
1635 2.24207
1636 2.23831
1637 2.2346
1638 2.23086
1639 2.22715
1640 2.22342
1641 2.2197
1642 2.21598
1643 2.21227
1644 2.20857
1645 2.20488
1646 2.20119
1647 2.1975
1648 2.19382
1649 2.19017
1650 2.1865
1651 2.18282
1652 2.17918
1653 2.17552
1654 2.17188
1655 2.16821
1656 2.16459
1657 2.16097
1658 2.15734
1659 2.15372
1660 2.15009
1661 2.14651
1662 2.14289
1663 2.1393
1664 2.13569
1665 2.13211
1666 2.12854
1667 2.12496
1668 2.12138
1669 2.11779
1670 2.11426
1671 2.1107
1672 2.10713
1673 2.10358
1674 2.10005
1675 2.09651
1676 2.093
1677 2.08945
1678 2.08594
1679 2.08243
1680 2.07892
1681 2.07542
1682 2.07193
1683 2.06843
1684 2.06494
1685 2.06146
1686 2.058
1687 2.05452
1688 2.05105
1689 2.0476
1690 2.04414
1691 2.04069
1692 2.03725
1693 2.0338
1694 2.03036
1695 2.02694
1696 2.02353
1697 2.02008
1698 2.01669
1699 2.01326
1700 2.00988
1701 2.0065
1702 2.00308
1703 1.9997
1704 1.99632
1705 1.99294
1706 1.98957
1707 1.9862
1708 1.98286
1709 1.9795
1710 1.97613
1711 1.97281
1712 1.96947
1713 1.96613
1714 1.96282
1715 1.95948
1716 1.95616
1717 1.95285
1718 1.94955
1719 1.94624
1720 1.94295
1721 1.93968
1722 1.93639
1723 1.9331
1724 1.92984
1725 1.92656
1726 1.92331
1727 1.92005
1728 1.91678
1729 1.91353
1730 1.91028
1731 1.90706
1732 1.90382
1733 1.90061
1734 1.89738
1735 1.89416
1736 1.89097
1737 1.88773
1738 1.88454
1739 1.88134
1740 1.87815
1741 1.87496
1742 1.87178
1743 1.86863
1744 1.86545
1745 1.86228
1746 1.85914
1747 1.85596
1748 1.85283
1749 1.8497
1750 1.84655
1751 1.84341
1752 1.84029
1753 1.83717
1754 1.83405
1755 1.83095
1756 1.82786
1757 1.82476
1758 1.82165
1759 1.81855
1760 1.81547
1761 1.81239
1762 1.80933
1763 1.80626
1764 1.8032
1765 1.80013
1766 1.79708
1767 1.79403
1768 1.79097
1769 1.78794
1770 1.78492
1771 1.78189
1772 1.77885
1773 1.77583
1774 1.77283
1775 1.76983
1776 1.76684
1777 1.76384
1778 1.76083
1779 1.75784
1780 1.75487
1781 1.75189
1782 1.74892
1783 1.74597
1784 1.743
1785 1.74004
1786 1.73708
1787 1.73413
1788 1.7312
1789 1.72827
1790 1.72534
1791 1.72242
1792 1.71949
1793 1.71656
1794 1.71367
1795 1.71074
1796 1.70786
1797 1.70497
1798 1.70208
1799 1.69921
1800 1.69631
1801 1.69343
1802 1.69057
1803 1.68772
1804 1.68486
1805 1.68198
1806 1.67914
1807 1.67629
1808 1.67345
1809 1.67061
1810 1.6678
1811 1.66498
1812 1.66214
1813 1.65935
1814 1.65653
1815 1.65372
1816 1.65091
1817 1.64812
1818 1.64534
1819 1.64255
1820 1.63978
1821 1.63699
1822 1.63423
1823 1.63147
1824 1.6287
1825 1.62594
1826 1.62319
1827 1.62044
1828 1.6177
1829 1.61497
1830 1.61225
1831 1.60952
1832 1.60679
1833 1.60408
1834 1.60137
1835 1.59865
1836 1.59597
1837 1.59326
1838 1.59057
1839 1.58789
1840 1.58521
1841 1.58253
1842 1.57986
1843 1.57718
1844 1.57454
1845 1.57187
1846 1.56921
1847 1.56657
1848 1.56393
1849 1.56128
1850 1.55866
1851 1.55604
1852 1.55339
1853 1.55079
1854 1.54815
1855 1.54555
1856 1.54295
1857 1.54035
1858 1.53774
1859 1.53517
1860 1.53258
1861 1.53
1862 1.52741
1863 1.52484
1864 1.52227
1865 1.5197
1866 1.51716
1867 1.5146
1868 1.51205
1869 1.50951
1870 1.50697
1871 1.50444
1872 1.50191
1873 1.49938
1874 1.49686
1875 1.49433
1876 1.49182
1877 1.48932
1878 1.48681
1879 1.48431
1880 1.48182
1881 1.47935
1882 1.47684
1883 1.47436
1884 1.4719
1885 1.46943
1886 1.46696
1887 1.4645
1888 1.46204
1889 1.45958
1890 1.45714
1891 1.4547
1892 1.45226
1893 1.44982
1894 1.44739
1895 1.44497
1896 1.44254
1897 1.44011
1898 1.43771
1899 1.43531
1900 1.43289
1901 1.4305
1902 1.42811
1903 1.42573
1904 1.42334
1905 1.42095
1906 1.41858
1907 1.4162
1908 1.41385
1909 1.41148
1910 1.40912
1911 1.40677
1912 1.40441
1913 1.40207
1914 1.39973
1915 1.39739
1916 1.39507
1917 1.39273
1918 1.3904
1919 1.38809
1920 1.38578
1921 1.38347
1922 1.38117
1923 1.37887
1924 1.37656
1925 1.37426
1926 1.37199
1927 1.36969
1928 1.36742
1929 1.36514
1930 1.36288
1931 1.3606
1932 1.35833
1933 1.35608
1934 1.35382
1935 1.35157
1936 1.34933
1937 1.34708
1938 1.34484
1939 1.34262
1940 1.34038
1941 1.33816
1942 1.33594
1943 1.33371
1944 1.3315
1945 1.32931
1946 1.3271
1947 1.3249
1948 1.32269
1949 1.32051
1950 1.31832
1951 1.31614
1952 1.31395
1953 1.31178
1954 1.3096
1955 1.30744
1956 1.30529
1957 1.30312
1958 1.30097
1959 1.29881
1960 1.29668
1961 1.29452
1962 1.29239
1963 1.29026
1964 1.28812
1965 1.286
1966 1.28388
1967 1.28176
1968 1.27964
1969 1.27752
1970 1.27544
1971 1.27332
1972 1.27122
1973 1.26913
1974 1.26705
1975 1.26494
1976 1.26287
1977 1.2608
1978 1.25871
1979 1.25664
1980 1.25458
1981 1.25252
1982 1.25046
1983 1.2484
1984 1.24635
1985 1.24429
1986 1.24227
1987 1.24022
1988 1.23817
1989 1.23615
1990 1.23414
1991 1.2321
1992 1.23009
1993 1.22807
1994 1.22606
1995 1.22405
1996 1.22205
1997 1.22005
1998 1.21805
1999 1.21605
2000 1.21406
2001 1.21208
2002 1.21009
2003 1.20812
2004 1.20614
2005 1.20417
2006 1.20221
2007 1.20025
2008 1.19828
2009 1.19633
2010 1.19438
2011 1.19244
2012 1.19049
2013 1.18854
2014 1.18661
2015 1.18469
2016 1.18277
2017 1.18083
2018 1.17891
2019 1.17699
2020 1.17508
2021 1.17317
2022 1.17126
2023 1.16935
2024 1.16745
2025 1.16556
2026 1.16366
2027 1.16177
2028 1.1599
2029 1.15802
2030 1.15613
2031 1.15426
2032 1.15239
2033 1.15053
2034 1.14865
2035 1.1468
2036 1.14494
2037 1.1431
2038 1.14125
2039 1.13939
2040 1.13754
2041 1.13572
2042 1.13388
2043 1.13205
2044 1.13021
2045 1.1284
2046 1.12658
2047 1.12475
2048 1.12294
2049 1.12113
2050 1.11933
2051 1.11752
2052 1.11572
2053 1.11393
2054 1.11213
2055 1.11035
2056 1.10856
2057 1.10677
2058 1.10499
2059 1.10323
2060 1.10144
2061 1.09968
2062 1.09791
2063 1.09615
2064 1.09438
2065 1.09263
2066 1.09088
2067 1.08913
2068 1.08739
2069 1.08564
2070 1.0839
2071 1.08217
2072 1.08044
2073 1.07872
2074 1.07699
2075 1.07525
2076 1.07355
2077 1.07182
2078 1.07011
2079 1.06841
2080 1.06671
2081 1.06501
2082 1.0633
2083 1.06159
2084 1.05991
2085 1.05823
2086 1.05654
2087 1.05484
2088 1.05317
2089 1.0515
2090 1.04983
2091 1.04816
2092 1.0465
2093 1.04482
2094 1.04316
2095 1.04151
2096 1.03986
2097 1.0382
2098 1.03656
2099 1.03491
2100 1.03326
2101 1.03165
2102 1.03
2103 1.02837
2104 1.02674
2105 1.02511
2106 1.02349
2107 1.02188
2108 1.02025
2109 1.01864
2110 1.01703
2111 1.01543
2112 1.01382
2113 1.01223
2114 1.01064
2115 1.00904
2116 1.00744
2117 1.00587
2118 1.00427
2119 1.0027
2120 1.00112
2121 0.999538
2122 0.99797
2123 0.996405
2124 0.994822
2125 0.99326
2126 0.991711
2127 0.990154
2128 0.988594
2129 0.987039
2130 0.985501
2131 0.983946
2132 0.98241
2133 0.98086
2134 0.979332
2135 0.9778
2136 0.976254
2137 0.97473
2138 0.973207
2139 0.971684
2140 0.970164
2141 0.968645
2142 0.967144
2143 0.965629
2144 0.964115
2145 0.962624
2146 0.961111
2147 0.95962
2148 0.95812
2149 0.956626
2150 0.955138
2151 0.953657
2152 0.952171
2153 0.950687
2154 0.949208
2155 0.947726
2156 0.946258
2157 0.944792
2158 0.943314
2159 0.941858
2160 0.940392
2161 0.938935
2162 0.937485
2163 0.936021
2164 0.934571
2165 0.933124
2166 0.93168
2167 0.930237
2168 0.928797
2169 0.927357
2170 0.925935
2171 0.924498
2172 0.923063
2173 0.921647
2174 0.920213
2175 0.918799
2176 0.917393
2177 0.915967
2178 0.914554
2179 0.913145
2180 0.911742
2181 0.910337
2182 0.908935
2183 0.907541
2184 0.906136
2185 0.904754
2186 0.903354
2187 0.901977
2188 0.90058
2189 0.899201
2190 0.897828
2191 0.896449
2192 0.895075
2193 0.893692
2194 0.892334
2195 0.890967
2196 0.889601
2197 0.888236
2198 0.886874
2199 0.885524
2200 0.884164
2201 0.88282
2202 0.881474
2203 0.880121
2204 0.878781
2205 0.877448
2206 0.876094
2207 0.874759
2208 0.873439
2209 0.872099
2210 0.87077
2211 0.86945
2212 0.868124
2213 0.866814
2214 0.865481
2215 0.864174
2216 0.862867
2217 0.861542
2218 0.860237
2219 0.858938
2220 0.857635
2221 0.856334
2222 0.855036
2223 0.853751
2224 0.852454
2225 0.851157
2226 0.84988
2227 0.848585
2228 0.847307
2229 0.846017
2230 0.844747
2231 0.843476
2232 0.842192
2233 0.840919
2234 0.839665
2235 0.838393
2236 0.837127
2237 0.835871
2238 0.834611
2239 0.833348
2240 0.832101
2241 0.830847
2242 0.829593
2243 0.828351
2244 0.827109
2245 0.825865
2246 0.824627
2247 0.823389
2248 0.822154
2249 0.820918
2250 0.819682
2251 0.818464
2252 0.817236
2253 0.816016
2254 0.814789
2255 0.813569
2256 0.812354
2257 0.811141
2258 0.809931
2259 0.808715
2260 0.807508
2261 0.806312
2262 0.805107
2263 0.803903
2264 0.802706
2265 0.801509
2266 0.800322
2267 0.799123
2268 0.79794
2269 0.796751
2270 0.795569
2271 0.794388
2272 0.793209
2273 0.79203
2274 0.790853
2275 0.78968
2276 0.788507
2277 0.787334
2278 0.786173
2279 0.785001
2280 0.783851
2281 0.782681
2282 0.781525
2283 0.780371
2284 0.779213
2285 0.778064
2286 0.776912
2287 0.775776
2288 0.774623
2289 0.773478
2290 0.772343
2291 0.771206
2292 0.770067
2293 0.768938
2294 0.767796
2295 0.766668
2296 0.765542
2297 0.764417
2298 0.763297
2299 0.762173
2300 0.761051
2301 0.759934
2302 0.758826
2303 0.757712
2304 0.756594
2305 0.755493
2306 0.754382
2307 0.753281
2308 0.752178
2309 0.751077
2310 0.749978
2311 0.748884
2312 0.747786
2313 0.746696
2314 0.745604
2315 0.744516
2316 0.743432
2317 0.742352
2318 0.741263
2319 0.740187
2320 0.739112
2321 0.738027
2322 0.736953
2323 0.735881
2324 0.734813
2325 0.733743
2326 0.732687
2327 0.731621
2328 0.730555
2329 0.729494
2330 0.728438
2331 0.727388
2332 0.726326
2333 0.725285
2334 0.724233
2335 0.723185
2336 0.722139
2337 0.721094
2338 0.720049
2339 0.719013
2340 0.71797
2341 0.716941
2342 0.715899
2343 0.714871
2344 0.713842
2345 0.712806
2346 0.711781
2347 0.710757
2348 0.709735
2349 0.708711
2350 0.707693
2351 0.706674
2352 0.705665
2353 0.704651
2354 0.703636
2355 0.702629
2356 0.701616
2357 0.700618
2358 0.699606
2359 0.698608
2360 0.697611
2361 0.696612
2362 0.695612
2363 0.694613
2364 0.693628
2365 0.692629
2366 0.69165
2367 0.690656
2368 0.689673
2369 0.688691
2370 0.687707
2371 0.686724
2372 0.685749
2373 0.68477
2374 0.683794
2375 0.682822
2376 0.681853
2377 0.680886
2378 0.679917
2379 0.67895
2380 0.677987
2381 0.67702
2382 0.676067
2383 0.67511
2384 0.674145
2385 0.673192
2386 0.672241
2387 0.67129
2388 0.670344
2389 0.669389
2390 0.668448
2391 0.667499
2392 0.666561
2393 0.665612
2394 0.664677
2395 0.663741
2396 0.662804
2397 0.661872
2398 0.66094
2399 0.660009
2400 0.65908
2401 0.658151
2402 0.657226
2403 0.656302
2404 0.655379
2405 0.654464
2406 0.653539
2407 0.652625
2408 0.651705
2409 0.65079
2410 0.649881
2411 0.648972
2412 0.648059
2413 0.647159
2414 0.646249
2415 0.645346
2416 0.644443
2417 0.643545
2418 0.642646
2419 0.641745
2420 0.64085
2421 0.639957
2422 0.639066
2423 0.638172
2424 0.637282
2425 0.636399
2426 0.635515
2427 0.634628
2428 0.633744
2429 0.632867
2430 0.631984
2431 0.631107
2432 0.630232
2433 0.629353
2434 0.628484
2435 0.627615
2436 0.62674
2437 0.625877
2438 0.625009
2439 0.624144
2440 0.623277
2441 0.622418
2442 0.621561
2443 0.620695
2444 0.61984
2445 0.618984
2446 0.61813
2447 0.617277
2448 0.616426
2449 0.615577
2450 0.614735
2451 0.613884
2452 0.613033
2453 0.612199
2454 0.61135
2455 0.610514
2456 0.609678
2457 0.608841
2458 0.608003
2459 0.60717
2460 0.606339
2461 0.605506
2462 0.604678
2463 0.603846
2464 0.603023
2465 0.6022
2466 0.601374
2467 0.600548
2468 0.59973
2469 0.59891
2470 0.598092
2471 0.597275
2472 0.596458
2473 0.595652
2474 0.59484
2475 0.594022
2476 0.593219
2477 0.59241
2478 0.591604
2479 0.590796
2480 0.589996
2481 0.589193
2482 0.588391
2483 0.587594
2484 0.586797
2485 0.586001
2486 0.585206
2487 0.584417
2488 0.583618
2489 0.58283
2490 0.582042
2491 0.581254
2492 0.580473
2493 0.579687
2494 0.578902
2495 0.578121
2496 0.577337
2497 0.576558
2498 0.575778
2499 0.575006
2500 0.574226
2501 0.573457
2502 0.572681
2503 0.571913
2504 0.571141
2505 0.570373
2506 0.56961
2507 0.568841
2508 0.56808
2509 0.567313
2510 0.566557
2511 0.565793
2512 0.565032
2513 0.564279
2514 0.563526
2515 0.56277
2516 0.562018
2517 0.561265
2518 0.560513
2519 0.559764
2520 0.559015
2521 0.558267
2522 0.557525
2523 0.556786
2524 0.556046
2525 0.555307
2526 0.554568
2527 0.553828
2528 0.553089
2529 0.55235
2530 0.551611
2531 0.550872
2532 0.550133
2533 0.549394
2534 0.548655
2535 0.547916
2536 0.547177
2537 0.546438
2538 0.545699
2539 0.54496
2540 0.544222
2541 0.543483
2542 0.542744
2543 0.542005
2544 0.541267
2545 0.540528
2546 0.53979
2547 0.539051
2548 0.538312
2549 0.537574
2550 0.536835
2551 0.536097
2552 0.535359
2553 0.53462
2554 0.533882
2555 0.533144
2556 0.532405
2557 0.531667
2558 0.530929
2559 0.530191
2560 0.529452
2561 0.528714
2562 0.527976
2563 0.527238
2564 0.5265
2565 0.525762
2566 0.525024
2567 0.524286
2568 0.523548
2569 0.522811
2570 0.522073
2571 0.521335
2572 0.520597
2573 0.519859
2574 0.519122
2575 0.518384
2576 0.517646
2577 0.516909
2578 0.516171
2579 0.515434
2580 0.514696
2581 0.513959
2582 0.513221
2583 0.512484
2584 0.511746
2585 0.511009
2586 0.510272
2587 0.509535
2588 0.508797
2589 0.50806
2590 0.507323
2591 0.506586
2592 0.505849
2593 0.505112
2594 0.504374
2595 0.503637
2596 0.5029
2597 0.502163
2598 0.501427
2599 0.50069
2600 0.499953
2601 0.499216
2602 0.498479
2603 0.497742
2604 0.497006
2605 0.496269
2606 0.495532
2607 0.494796
2608 0.494059
2609 0.493322
2610 0.492586
2611 0.491849
2612 0.491113
2613 0.490377
2614 0.48964
2615 0.488904
2616 0.488167
2617 0.487431
2618 0.486695
2619 0.485959
2620 0.485222
2621 0.484486
2622 0.48375
2623 0.483014
2624 0.482278
2625 0.481542
2626 0.480806
2627 0.48007
2628 0.479334
2629 0.478598
2630 0.477862
2631 0.477126
2632 0.47639
2633 0.475654
2634 0.474919
2635 0.474183
2636 0.473447
2637 0.472712
2638 0.471976
2639 0.47124
2640 0.470505
2641 0.469769
2642 0.469034
2643 0.468298
2644 0.467563
2645 0.466827
2646 0.466092
2647 0.465357
2648 0.464621
2649 0.463886
2650 0.463151
2651 0.462415
2652 0.46168
2653 0.460945
2654 0.46021
2655 0.459475
2656 0.45874
2657 0.458005
2658 0.45727
2659 0.456535
2660 0.4558
2661 0.455065
2662 0.45433
2663 0.453595
2664 0.452861
2665 0.452126
2666 0.451391
2667 0.450656
2668 0.449922
2669 0.449187
2670 0.448452
2671 0.447718
2672 0.446983
2673 0.446249
2674 0.445514
2675 0.44478
2676 0.444045
2677 0.443311
2678 0.442577
2679 0.441842
2680 0.441108
2681 0.440374
2682 0.43964
2683 0.438905
2684 0.438171
2685 0.437437
2686 0.436703
2687 0.435969
2688 0.435235
2689 0.434501
2690 0.433767
2691 0.433033
2692 0.432299
2693 0.431565
2694 0.430831
2695 0.430098
2696 0.429364
2697 0.42863
2698 0.427896
2699 0.427163
2700 0.426429
2701 0.425695
2702 0.424962
2703 0.424228
2704 0.423495
2705 0.422761
2706 0.422028
2707 0.421294
2708 0.420561
2709 0.419828
2710 0.419094
2711 0.418361
2712 0.417628
2713 0.416895
2714 0.416161
2715 0.415428
2716 0.414695
2717 0.413962
2718 0.413229
2719 0.412496
2720 0.411763
2721 0.41103
2722 0.410297
2723 0.409564
2724 0.408831
2725 0.408098
2726 0.407366
2727 0.406633
2728 0.4059
2729 0.405167
2730 0.404435
2731 0.403702
2732 0.402969
2733 0.402237
2734 0.401504
2735 0.400772
2736 0.400039
2737 0.399307
2738 0.398574
2739 0.397842
2740 0.39711
2741 0.396377
2742 0.395645
2743 0.394913
2744 0.39418
2745 0.393448
2746 0.392716
2747 0.391984
2748 0.391252
2749 0.39052
2750 0.389788
2751 0.389056
2752 0.388324
2753 0.387592
2754 0.38686
2755 0.386128
2756 0.385396
2757 0.384664
2758 0.383933
2759 0.383201
2760 0.382469
2761 0.381737
2762 0.381006
2763 0.380274
2764 0.379543
2765 0.378811
2766 0.37808
2767 0.377348
2768 0.376617
2769 0.375885
2770 0.375154
2771 0.374422
2772 0.373691
2773 0.37296
2774 0.372228
2775 0.371497
2776 0.370766
2777 0.370035
2778 0.369304
2779 0.368573
2780 0.367842
2781 0.367111
2782 0.366379
2783 0.365649
2784 0.364918
2785 0.364187
2786 0.363456
2787 0.362725
2788 0.361994
2789 0.361263
2790 0.360533
2791 0.359802
2792 0.359071
2793 0.358341
2794 0.35761
2795 0.356879
2796 0.356149
2797 0.355418
2798 0.354688
2799 0.353957
2800 0.353227
2801 0.352496
2802 0.351766
2803 0.351036
2804 0.350305
2805 0.349575
2806 0.348845
2807 0.348115
2808 0.347385
2809 0.346654
2810 0.345924
2811 0.345194
2812 0.344464
2813 0.343734
2814 0.343004
2815 0.342274
2816 0.341544
2817 0.340814
2818 0.340085
2819 0.339355
2820 0.338625
2821 0.337895
2822 0.337165
2823 0.336436
2824 0.335706
2825 0.334976
2826 0.334247
2827 0.333517
2828 0.332788
2829 0.332058
2830 0.331329
2831 0.330599
2832 0.32987
2833 0.329141
2834 0.328411
2835 0.327682
2836 0.326953
2837 0.326223
2838 0.325494
2839 0.324765
2840 0.324036
2841 0.323307
2842 0.322578
2843 0.321849
2844 0.32112
2845 0.320391
2846 0.319662
2847 0.318933
2848 0.318204
2849 0.317475
2850 0.316746
2851 0.316017
2852 0.315289
2853 0.31456
2854 0.313831
2855 0.313102
2856 0.312374
2857 0.311645
2858 0.310917
2859 0.310188
2860 0.30946
2861 0.308731
2862 0.308003
2863 0.307274
2864 0.306546
2865 0.305818
2866 0.305089
2867 0.304361
2868 0.303633
2869 0.302904
2870 0.302176
2871 0.301448
2872 0.30072
2873 0.299992
2874 0.299264
2875 0.298536
2876 0.297808
2877 0.29708
2878 0.296352
2879 0.295624
2880 0.294896
2881 0.294168
2882 0.293441
2883 0.292713
2884 0.291985
2885 0.291257
2886 0.29053
2887 0.289802
2888 0.289074
2889 0.288347
2890 0.287619
2891 0.286892
2892 0.286164
2893 0.285437
2894 0.284709
2895 0.283982
2896 0.283255
2897 0.282527
2898 0.2818
2899 0.281073
2900 0.280346
2901 0.279618
2902 0.278891
2903 0.278164
2904 0.277437
2905 0.27671
2906 0.275983
2907 0.275256
2908 0.274529
2909 0.273802
2910 0.273075
2911 0.272348
2912 0.271621
2913 0.270895
2914 0.270168
2915 0.269441
2916 0.268714
2917 0.267988
2918 0.267261
2919 0.266534
2920 0.265808
2921 0.265081
2922 0.264355
2923 0.263628
2924 0.262902
2925 0.262175
2926 0.261449
2927 0.260723
2928 0.259996
2929 0.25927
2930 0.258544
2931 0.257818
2932 0.257091
2933 0.256365
2934 0.255639
2935 0.254913
2936 0.254187
2937 0.253461
2938 0.252735
2939 0.252009
2940 0.251283
2941 0.250557
2942 0.249831
2943 0.249105
2944 0.24838
2945 0.247654
2946 0.246928
2947 0.246202
2948 0.245477
2949 0.244751
2950 0.244025
2951 0.2433
2952 0.242574
2953 0.241849
2954 0.241123
2955 0.240398
2956 0.239672
2957 0.238947
2958 0.238222
2959 0.237496
2960 0.236771
2961 0.236046
2962 0.23532
2963 0.234595
2964 0.23387
2965 0.233145
2966 0.23242
2967 0.231695
2968 0.23097
2969 0.230245
2970 0.22952
2971 0.228795
2972 0.22807
2973 0.227345
2974 0.22662
2975 0.225895
2976 0.22517
2977 0.224446
2978 0.223721
2979 0.222996
2980 0.222272
2981 0.221547
2982 0.220822
2983 0.220098
2984 0.219373
2985 0.218649
2986 0.217924
2987 0.2172
2988 0.216475
2989 0.215751
2990 0.215027
2991 0.214302
2992 0.213578
2993 0.212854
2994 0.21213
2995 0.211406
2996 0.210681
2997 0.209957
2998 0.209233
2999 0.208509
3000 0.207785
3001 0.207061
3002 0.206337
3003 0.205613
3004 0.204889
3005 0.204165
3006 0.203442
3007 0.202718
3008 0.201994
3009 0.20127
3010 0.200547
3011 0.199823
3012 0.199099
3013 0.198376
3014 0.197652
3015 0.196929
3016 0.196205
3017 0.195482
3018 0.194758
3019 0.194035
3020 0.193311
3021 0.192588
3022 0.191865
3023 0.191141
3024 0.190418
3025 0.189695
3026 0.188972
3027 0.188249
3028 0.187526
3029 0.186802
3030 0.186079
3031 0.185356
3032 0.184633
3033 0.18391
3034 0.183187
3035 0.182465
3036 0.181742
3037 0.181019
3038 0.180296
3039 0.179573
3040 0.178851
3041 0.178128
3042 0.177405
3043 0.176683
3044 0.17596
3045 0.175237
3046 0.174515
3047 0.173792
3048 0.17307
3049 0.172347
3050 0.171625
3051 0.170903
3052 0.17018
3053 0.169458
3054 0.168736
3055 0.168013
3056 0.167291
3057 0.166569
3058 0.165847
3059 0.165125
3060 0.164402
3061 0.16368
3062 0.162958
3063 0.162236
3064 0.161514
3065 0.160792
3066 0.160071
3067 0.159349
3068 0.158627
3069 0.157905
3070 0.157183
3071 0.156461
3072 0.15574
3073 0.155018
3074 0.154296
3075 0.153575
3076 0.152853
3077 0.152132
3078 0.15141
3079 0.150689
3080 0.149967
3081 0.149246
3082 0.148524
3083 0.147803
3084 0.147082
3085 0.14636
3086 0.145639
3087 0.144918
3088 0.144197
3089 0.143475
3090 0.142754
3091 0.142033
3092 0.141312
3093 0.140591
3094 0.13987
3095 0.139149
3096 0.138428
3097 0.137707
3098 0.136986
3099 0.136265
3100 0.135545
3101 0.134824
3102 0.134103
3103 0.133382
3104 0.132662
3105 0.131941
3106 0.13122
3107 0.1305
3108 0.129779
3109 0.129059
3110 0.128338
3111 0.127618
3112 0.126897
3113 0.126177
3114 0.125457
3115 0.124736
3116 0.124016
3117 0.123296
3118 0.122575
3119 0.121855
3120 0.121135
3121 0.120415
3122 0.119695
3123 0.118975
3124 0.118255
3125 0.117535
3126 0.116815
3127 0.116095
3128 0.115375
3129 0.114655
3130 0.113935
3131 0.113215
3132 0.112495
3133 0.111776
3134 0.111056
3135 0.110336
3136 0.109616
3137 0.108897
3138 0.108177
3139 0.107458
3140 0.106738
3141 0.106019
3142 0.105299
3143 0.10458
3144 0.10386
3145 0.103141
3146 0.102421
3147 0.101702
3148 0.100983
3149 0.100264
3150 0.0995444
3151 0.0988252
3152 0.098106
3153 0.0973869
3154 0.0966678
3155 0.0959487
3156 0.0952297
3157 0.0945107
3158 0.0937917
3159 0.0930728
3160 0.0923539
3161 0.091635
3162 0.0909162
3163 0.0901974
3164 0.0894786
3165 0.0887598
3166 0.0880411
3167 0.0873225
3168 0.0866038
3169 0.0858852
3170 0.0851666
3171 0.0844481
3172 0.0837295
3173 0.083011
3174 0.0822926
3175 0.0815742
3176 0.0808558
3177 0.0801374
3178 0.0794191
3179 0.0787008
3180 0.0779825
3181 0.0772643
3182 0.0765461
3183 0.0758279
3184 0.0751098
3185 0.0743917
3186 0.0736736
3187 0.0729555
3188 0.0722375
3189 0.0715196
3190 0.0708016
3191 0.0700837
3192 0.0693658
3193 0.068648
3194 0.0679301
3195 0.0672124
3196 0.0664946
3197 0.0657769
3198 0.0650592
3199 0.0643415
3200 0.0636239
3201 0.0629063
3202 0.0621888
3203 0.0614712
3204 0.0607537
3205 0.0600363
3206 0.0593188
3207 0.0586014
3208 0.057884
3209 0.0571667
3210 0.0564494
3211 0.0557321
3212 0.0550149
3213 0.0542977
3214 0.0535805
3215 0.0528633
3216 0.0521462
3217 0.0514291
3218 0.0507121
3219 0.0499951
3220 0.0492781
3221 0.0485611
3222 0.0478442
3223 0.0471273
3224 0.0464104
3225 0.0456936
3226 0.0449768
3227 0.04426
3228 0.0435433
3229 0.0428266
3230 0.0421099
3231 0.0413933
3232 0.0406767
3233 0.0399601
3234 0.0392436
3235 0.0385271
3236 0.0378106
3237 0.0370941
3238 0.0363777
3239 0.0356613
3240 0.034945
3241 0.0342287
3242 0.0335124
3243 0.0327961
3244 0.0320799
3245 0.0313637
3246 0.0306476
3247 0.0299314
3248 0.0292153
3249 0.0284993
3250 0.0277832
3251 0.0270672
3252 0.0263513
3253 0.0256353
3254 0.0249194
3255 0.0242036
3256 0.0234877
3257 0.0227719
3258 0.0220561
3259 0.0213404
3260 0.0206247
3261 0.019909
3262 0.0191934
3263 0.0184777
3264 0.0177622
3265 0.0170466
3266 0.0163311
3267 0.0156156
3268 0.0149001
3269 0.0141847
3270 0.0134693
3271 0.0127539
3272 0.0120386
3273 0.0113233
3274 0.0106081
3275 0.00989282
3276 0.00917762
3277 0.00846245
3278 0.00774731
3279 0.0070322
3280 0.00631713
3281 0.00560208
3282 0.00488707
3283 0.00417209
3284 0.00345714
3285 0.00274223
3286 0.00202735
3287 0.00131249
3288 0.000597674
3289 0
3290 0
3291 0
3292 0
3293 0
3294 0
3295 0
3296 0
3297 0
3298 0
3299 0
3300 0
3301 0
3302 0
3303 0
3304 0
3305 0
3306 0
3307 0
3308 0
3309 0
3310 0
3311 0
3312 0
3313 0
3314 0
3315 0
3316 0
3317 0
3318 0
3319 0
3320 0
3321 0
3322 0
3323 0
3324 0
3325 0
3326 0
3327 0
3328 0
3329 0
3330 0
3331 0
3332 0
3333 0
3334 0
3335 0
3336 0
3337 0
3338 0
3339 0
3340 0
3341 0
3342 0
3343 0
3344 0
3345 0
3346 0
3347 0
3348 0
3349 0
3350 0
3351 0
3352 0
3353 0
3354 0
3355 0
3356 0
3357 0
3358 0
3359 0
3360 0
3361 0
3362 0
3363 0
3364 0
3365 0
3366 0
3367 0
3368 0
3369 0
3370 0
3371 0
3372 0
3373 0
3374 0
3375 0
3376 0
3377 0
3378 0
3379 0
3380 0
3381 0
3382 0
3383 0
3384 0
3385 0
3386 0
3387 0
3388 0
3389 0
3390 0
3391 0
3392 0
3393 0
3394 0
3395 0
3396 0
3397 0
3398 0
3399 0
3400 0
3401 0
3402 0
3403 0
3404 0
3405 0
3406 0
3407 0
3408 0
3409 0
3410 0
3411 0
3412 0
3413 0
3414 0
3415 0
3416 0
3417 0
3418 0
3419 0
3420 0
3421 0
3422 0
3423 0
3424 0
3425 0
3426 0
3427 0
3428 0
3429 0
3430 0
3431 0
3432 0
3433 0
3434 0
3435 0
3436 0
3437 0
3438 0
3439 0
3440 0
3441 0
3442 0
3443 0
3444 0
3445 0
3446 0
3447 0
3448 0
3449 0
3450 0
3451 0
3452 0
3453 0
3454 0
3455 0
3456 0
3457 0
3458 0
3459 0
3460 0
3461 0
3462 0
3463 0
3464 0
3465 0
3466 0
3467 0
3468 0
3469 0
3470 0
3471 0
3472 0
3473 0
3474 0
3475 0
3476 0
3477 0
3478 0
3479 0
3480 0
3481 0
3482 0
3483 0
3484 0
3485 0
3486 0
3487 0
3488 0
3489 0
3490 0
3491 0
3492 0
3493 0
3494 0
3495 0
3496 0
3497 0
3498 0
3499 0
3500 0
3501 0
3502 0
3503 0
3504 0
3505 0
3506 0
3507 0
3508 0
3509 0
3510 0
3511 0
3512 0
3513 0
3514 0
3515 0
3516 0
3517 0
3518 0
3519 0
3520 0
3521 0
3522 0
3523 0
3524 0
3525 0
3526 0
3527 0
3528 0
3529 0
3530 0
3531 0
3532 0
3533 0
3534 0
3535 0
3536 0
3537 0
3538 0
3539 0
3540 0
3541 0
3542 0
3543 0
3544 0
3545 0
3546 0
3547 0
3548 0
3549 0
3550 0
3551 0
3552 0
3553 0
3554 0
3555 0
3556 0
3557 0
3558 0
3559 0
3560 0
3561 0
3562 0
3563 0
3564 0
3565 0
3566 0
3567 0
3568 0
3569 0
3570 0
3571 0
3572 0
3573 0
3574 0
3575 0
3576 0
3577 0
3578 0
3579 0
3580 0
3581 0
3582 0
3583 0
3584 0
3585 0
3586 0
3587 0
3588 0
3589 0
3590 0
3591 0
3592 0
3593 0
3594 0
3595 0
3596 0
3597 0
3598 0
3599 0
3600 0
3601 0
3602 0
3603 0
3604 0
3605 0
3606 0
3607 0
3608 0
3609 0
3610 0
3611 0
3612 0
3613 0
3614 0
3615 0
3616 0
3617 0
3618 0
3619 0
3620 0
3621 0
3622 0
3623 0
3624 0
3625 0
3626 0
3627 0
3628 0
3629 0
3630 0
3631 0
3632 0
3633 0
3634 0
3635 0
3636 0
3637 0
3638 0
3639 0
3640 0
3641 0
3642 0
3643 0
3644 0
3645 0
3646 0
3647 0
3648 0
3649 0
3650 0
3651 0
3652 0
3653 0
3654 0
3655 0
3656 0
3657 0
3658 0
3659 0
3660 0
3661 0
3662 0
3663 0
3664 0
3665 0
3666 0
3667 0
3668 0
3669 0
3670 0
3671 0
3672 0
3673 0
3674 0
3675 0
3676 0
3677 0
3678 0
3679 0
3680 0
3681 0
3682 0
3683 0
3684 0
3685 0
3686 0
3687 0
3688 0
3689 0
3690 0
3691 0
3692 0
3693 0
3694 0
3695 0
3696 0
3697 0
3698 0
3699 0
3700 0
3701 0
3702 0
3703 0
3704 0
3705 0
3706 0
3707 0
3708 0
3709 0
3710 0
3711 0
3712 0
3713 0
3714 0
3715 0
3716 0
3717 0
3718 0
3719 0
3720 0
3721 0
3722 0
3723 0
3724 0
3725 0
3726 0
3727 0
3728 0
3729 0
3730 0
3731 0
3732 0
3733 0
3734 0
3735 0
3736 0
3737 0
3738 0
3739 0
3740 0
3741 0
3742 0
3743 0
3744 0
3745 0
3746 0
3747 0
3748 0
3749 0
3750 0
3751 0
3752 0
3753 0
3754 0
3755 0
3756 0
3757 0
3758 0
3759 0
3760 0
3761 0
3762 0
3763 0
3764 0
3765 0
3766 0
3767 0
3768 0
3769 0
3770 0
3771 0
3772 0
3773 0
3774 0
3775 0
3776 0
3777 0
3778 0
3779 0
3780 0
3781 0
3782 0
3783 0
3784 0
3785 0
3786 0
3787 0
3788 0
3789 0
3790 0
3791 0
3792 0
3793 0
3794 0
3795 0
3796 0
3797 0
3798 0
3799 0
3800 0
3801 0
3802 0
3803 0
3804 0
3805 0
3806 0
3807 0
3808 0
3809 0
3810 0
3811 0
3812 0
3813 0
3814 0
3815 0
3816 0
3817 0
3818 0
3819 0
3820 0
3821 0
3822 0
3823 0
3824 0
3825 0
3826 0
3827 0
3828 0
3829 0
3830 0
3831 0
3832 0
3833 0
3834 0
3835 0
3836 0
3837 0
3838 0
3839 0
3840 0
3841 0
3842 0
3843 0
3844 0
3845 0
3846 0
3847 0
3848 0
3849 0
3850 0
3851 0
3852 0
3853 0
3854 0
3855 0
3856 0
3857 0
3858 0
3859 0
3860 0
3861 0
3862 0
3863 0
3864 0
3865 0
3866 0
3867 0
3868 0
3869 0
3870 0
3871 0
3872 0
3873 0
3874 0
3875 0
3876 0
3877 0
3878 0
3879 0
3880 0
3881 0
3882 0
3883 0
3884 0
3885 0
3886 0
3887 0
3888 0
3889 0
3890 0
3891 0
3892 0
3893 0
3894 0
3895 0
3896 0
3897 0
3898 0
3899 0
3900 0
3901 0
3902 0
3903 0
3904 0
3905 0
3906 0
3907 0
3908 0
3909 0
3910 0
3911 0
3912 0
3913 0
3914 0
3915 0
3916 0
3917 0
3918 0
3919 0
3920 0
3921 0
3922 0
3923 0
3924 0
3925 0
3926 0
3927 0
3928 0
3929 0
3930 0
3931 0
3932 0
3933 0
3934 0
3935 0
3936 0
3937 0
3938 0
3939 0
3940 0
3941 0
3942 0
3943 0
3944 0
3945 0
3946 0
3947 0
3948 0
3949 0
3950 0
3951 0
3952 0
3953 0
3954 0
3955 0
3956 0
3957 0
3958 0
3959 0
3960 0
3961 0
3962 0
3963 0
3964 0
3965 0
3966 0
3967 0
3968 0
3969 0
3970 0
3971 0
3972 0
3973 0
3974 0
3975 0
3976 0
3977 0
3978 0
3979 0
3980 0
3981 0
3982 0
3983 0
3984 0
3985 0
3986 0
3987 0
3988 0
3989 0
3990 0
3991 0
3992 0
3993 0
3994 0
3995 0
3996 0
3997 0
3998 0
3999 0
4000 0
4001 0
4002 0
4003 0
4004 0
4005 0
4006 0
4007 0
4008 0
4009 0
4010 0
4011 0
4012 0
4013 0
4014 0
4015 0
4016 0
4017 0
4018 0
4019 0
4020 0
4021 0
4022 0
4023 0
4024 0
4025 0
4026 0
4027 0
4028 0
4029 0
4030 0
4031 0
4032 0
4033 0
4034 0
4035 0
4036 0
4037 0
4038 0
4039 0
4040 0
4041 0
4042 0
4043 0
4044 0
4045 0
4046 0
4047 0
4048 0
4049 0
4050 0
4051 0
4052 0
4053 0
4054 0
4055 0
4056 0
4057 0
4058 0
4059 0
4060 0
4061 0
4062 0
4063 0
4064 0
4065 0
4066 0
4067 0
4068 0
4069 0
4070 0
4071 0
4072 0
4073 0
4074 0
4075 0
4076 0
4077 0
4078 0
4079 0
4080 0
4081 0
4082 0
4083 0
4084 0
4085 0
4086 0
4087 0
4088 0
4089 0
4090 0
4091 0
4092 0
4093 0
4094 0
4095 0
4096 0
4097 0
4098 0
4099 0
4100 0
4101 0
4102 0
4103 0
4104 0
4105 0
4106 0
4107 0
4108 0
4109 0
4110 0
4111 0
4112 0
4113 0
4114 0
4115 0
4116 0
4117 0
4118 0
4119 0
4120 0
4121 0
4122 0
4123 0
4124 0
4125 0
4126 0
4127 0
4128 0
4129 0
4130 0
4131 0
4132 0
4133 0
4134 0
4135 0
4136 0
4137 0
4138 0
4139 0
4140 0
4141 0
4142 0
4143 0
4144 0
4145 0
4146 0
4147 0
4148 0
4149 0
4150 0
4151 0
4152 0
4153 0
4154 0
4155 0
4156 0
4157 0
4158 0
4159 0
4160 0
4161 0
4162 0
4163 0
4164 0
4165 0
4166 0
4167 0
4168 0
4169 0
4170 0
4171 0
4172 0
4173 0
4174 0
4175 0
4176 0
4177 0
4178 0
4179 0
4180 0
4181 0
4182 0
4183 0
4184 0
4185 0
4186 0
4187 0
4188 0
4189 0
4190 0
4191 0
4192 0
4193 0
4194 0
4195 0
4196 0
4197 0
4198 0
4199 0
4200 0
4201 0
4202 0
4203 0
4204 0
4205 0
4206 0
4207 0
4208 0
4209 0
4210 0
4211 0
4212 0
4213 0
4214 0
4215 0
4216 0
4217 0
4218 0
4219 0
4220 0
4221 0
4222 0
4223 0
4224 0
4225 0
4226 0
4227 0
4228 0
4229 0
4230 0
4231 0
4232 0
4233 0
4234 0
4235 0
4236 0
4237 0
4238 0
4239 0
4240 0
4241 0
4242 0
4243 0
4244 0
4245 0
4246 0
4247 0
4248 0
4249 0
4250 0
4251 0
4252 0
4253 0
4254 0
4255 0
4256 0
4257 0
4258 0
4259 0
4260 0
4261 0
4262 0
4263 0
4264 0
4265 0
4266 0
4267 0
4268 0
4269 0
4270 0
4271 0
4272 0
4273 0
4274 0
4275 0
4276 0
4277 0
4278 0
4279 0
4280 0
4281 0
4282 0
4283 0
4284 0
4285 0
4286 0
4287 0
4288 0
4289 0
4290 0
4291 0
4292 0
4293 0
4294 0
4295 0
4296 0
4297 0
4298 0
4299 0
4300 0
4301 0
4302 0
4303 0
4304 0
4305 0
4306 0
4307 0
4308 0
4309 0
4310 0
4311 0
4312 0
4313 0
4314 0
4315 0
4316 0
4317 0
4318 0
4319 0
4320 0
4321 0
4322 0
4323 0
4324 0
4325 0
4326 0
4327 0
4328 0
4329 0
4330 0
4331 0
4332 0
4333 0
4334 0
4335 0
4336 0
4337 0
4338 0
4339 0
4340 0
4341 0
4342 0
4343 0
4344 0
4345 0
4346 0
4347 0
4348 0
4349 0
4350 0
4351 0
4352 0
4353 0
4354 0
4355 0
4356 0
4357 0
4358 0
4359 0
4360 0
4361 0
4362 0
4363 0
4364 0
4365 0
4366 0
4367 0
4368 0
4369 0
4370 0
4371 0
4372 0
4373 0
4374 0
4375 0
4376 0
4377 0
4378 0
4379 0
4380 0
4381 0
4382 0
4383 0
4384 0
4385 0
4386 0
4387 0
4388 0
4389 0
4390 0
4391 0
4392 0
4393 0
4394 0
4395 0
4396 0
4397 0
4398 0
4399 0
4400 0
4401 0
4402 0
4403 0
4404 0
4405 0
4406 0
4407 0
4408 0
4409 0
4410 0
4411 0
4412 0
4413 0
4414 0
4415 0
4416 0
4417 0
4418 0
4419 0
4420 0
4421 0
4422 0
4423 0
4424 0
4425 0
4426 0
4427 0
4428 0
4429 0
4430 0
4431 0
4432 0
4433 0
4434 0
4435 0
4436 0
4437 0
4438 0
4439 0
4440 0
4441 0
4442 0
4443 0
4444 0
4445 0
4446 0
4447 0
4448 0
4449 0
4450 0
4451 0
4452 0
4453 0
4454 0
4455 0
4456 0
4457 0
4458 0
4459 0
4460 0
4461 0
4462 0
4463 0
4464 0
4465 0
4466 0
4467 0
4468 0
4469 0
4470 0
4471 0
4472 0
4473 0
4474 0
4475 0
4476 0
4477 0
4478 0
4479 0
4480 0
4481 0
4482 0
4483 0
4484 0
4485 0
4486 0
4487 0
4488 0
4489 0
4490 0
4491 0
4492 0
4493 0
4494 0
4495 0
4496 0
4497 0
4498 0
4499 0
4500 0
4501 0
4502 0
4503 0
4504 0
4505 0
4506 0
4507 0
4508 0
4509 0
4510 0
4511 0
4512 0
4513 0
4514 0
4515 0
4516 0
4517 0
4518 0
4519 0
4520 0
4521 0
4522 0
4523 0
4524 0
4525 0
4526 0
4527 0
4528 0
4529 0
4530 0
4531 0
4532 0
4533 0
4534 0
4535 0
4536 0
4537 0
4538 0
4539 0
4540 0
4541 0
4542 0
4543 0
4544 0
4545 0
4546 0
4547 0
4548 0
4549 0
4550 0
4551 0
4552 0
4553 0
4554 0
4555 0
4556 0
4557 0
4558 0
4559 0
4560 0
4561 0
4562 0
4563 0
4564 0
4565 0
4566 0
4567 0
4568 0
4569 0
4570 0
4571 0
4572 0
4573 0
4574 0
4575 0
4576 0
4577 0
4578 0
4579 0
4580 0
4581 0
4582 0
4583 0
4584 0
4585 0
4586 0
4587 0
4588 0
4589 0
4590 0
4591 0
4592 0
4593 0
4594 0
4595 0
4596 0
4597 0
4598 0
4599 0
4600 0
4601 0
4602 0
4603 0
4604 0
4605 0
4606 0
4607 0
4608 0
4609 0
4610 0
4611 0
4612 0
4613 0
4614 0
4615 0
4616 0
4617 0
4618 0
4619 0
4620 0
4621 0
4622 0
4623 0
4624 0
4625 0
4626 0
4627 0
4628 0
4629 0
4630 0
4631 0
4632 0
4633 0
4634 0
4635 0
4636 0
4637 0
4638 0
4639 0
4640 0
4641 0
4642 0
4643 0
4644 0
4645 0
4646 0
4647 0
4648 0
4649 0
4650 0
4651 0
4652 0
4653 0
4654 0
4655 0
4656 0
4657 0
4658 0
4659 0
4660 0
4661 0
4662 0
4663 0
4664 0
4665 0
4666 0
4667 0
4668 0
4669 0
4670 0
4671 0
4672 0
4673 0
4674 0
4675 0
4676 0
4677 0
4678 0
4679 0
4680 0
4681 0
4682 0
4683 0
4684 0
4685 0
4686 0
4687 0
4688 0
4689 0
4690 0
4691 0
4692 0
4693 0
4694 0
4695 0
4696 0
4697 0
4698 0
4699 0
4700 0
4701 0
4702 0
4703 0
4704 0
4705 0
4706 0
4707 0
4708 0
4709 0
4710 0
4711 0
4712 0
4713 0
4714 0
4715 0
4716 0
4717 0
4718 0
4719 0
4720 0
4721 0
4722 0
4723 0
4724 0
4725 0
4726 0
4727 0
4728 0
4729 0
4730 0
4731 0
4732 0
4733 0
4734 0
4735 0
4736 0
4737 0
4738 0
4739 0
4740 0
4741 0
4742 0
4743 0
4744 0
4745 0
4746 0
4747 0
4748 0
4749 0
4750 0
4751 0
4752 0
4753 0
4754 0
4755 0
4756 0
4757 0
4758 0
4759 0
4760 0
4761 0
4762 0
4763 0
4764 0
4765 0
4766 0
4767 0
4768 0
4769 0
4770 0
4771 0
4772 0
4773 0
4774 0
4775 0
4776 0
4777 0
4778 0
4779 0
4780 0
4781 0
4782 0
4783 0
4784 0
4785 0
4786 0
4787 0
4788 0
4789 0
4790 0
4791 0
4792 0
4793 0
4794 0
4795 0
4796 0
4797 0
4798 0
4799 0
4800 0
4801 0
4802 0
4803 0
4804 0
4805 0
4806 0
4807 0
4808 0
4809 0
4810 0
4811 0
4812 0
4813 0
4814 0
4815 0
4816 0
4817 0
4818 0
4819 0
4820 0
4821 0
4822 0
4823 0
4824 0
4825 0
4826 0
4827 0
4828 0
4829 0
4830 0
4831 0
4832 0
4833 0
4834 0
4835 0
4836 0
4837 0
4838 0
4839 0
4840 0
4841 0
4842 0
4843 0
4844 0
4845 0
4846 0
4847 0
4848 0
4849 0
4850 0
4851 0
4852 0
4853 0
4854 0
4855 0
4856 0
4857 0
4858 0
4859 0
4860 0
4861 0
4862 0
4863 0
4864 0
4865 0
4866 0
4867 0
4868 0
4869 0
4870 0
4871 0
4872 0
4873 0
4874 0
4875 0
4876 0
4877 0
4878 0
4879 0
4880 0
4881 0
4882 0
4883 0
4884 0
4885 0
4886 0
4887 0
4888 0
4889 0
4890 0
4891 0
4892 0
4893 0
4894 0
4895 0
4896 0
4897 0
4898 0
4899 0
4900 0
4901 0
4902 0
4903 0
4904 0
4905 0
4906 0
4907 0
4908 0
4909 0
4910 0
4911 0
4912 0
4913 0
4914 0
4915 0
4916 0
4917 0
4918 0
4919 0
4920 0
4921 0
4922 0
4923 0
4924 0
4925 0
4926 0
4927 0
4928 0
4929 0
4930 0
4931 0
4932 0
4933 0
4934 0
4935 0
4936 0
4937 0
4938 0
4939 0
4940 0
4941 0
4942 0
4943 0
4944 0
4945 0
4946 0
4947 0
4948 0
4949 0
4950 0
4951 0
4952 0
4953 0
4954 0
4955 0
4956 0
4957 0
4958 0
4959 0
4960 0
4961 0
4962 0
4963 0
4964 0
4965 0
4966 0
4967 0
4968 0
4969 0
4970 0
4971 0
4972 0
4973 0
4974 0
4975 0
4976 0
4977 0
4978 0
4979 0
4980 0
4981 0
4982 0
4983 0
4984 0
4985 0
4986 0
4987 0
4988 0
4989 0
4990 0
4991 0
4992 0
4993 0
4994 0
4995 0
4996 0
4997 0
4998 0
4999 0
5000 0
5001 0
5002 0
5003 0
5004 0
5005 0
5006 0
5007 0
5008 0
5009 0
5010 0
5011 0
5012 0
5013 0
5014 0
5015 0
5016 0
5017 0
5018 0
5019 0
5020 0
5021 0
5022 0
5023 0
5024 0
5025 0
5026 0
5027 0
5028 0
5029 0
5030 0
5031 0
5032 0
5033 0
5034 0
5035 0
5036 0
5037 0
5038 0
5039 0
5040 0
5041 0
5042 0
5043 0
5044 0
5045 0
5046 0
5047 0
5048 0
5049 0
5050 0
5051 0
5052 0
5053 0
5054 0
5055 0
5056 0
5057 0
5058 0
5059 0
5060 0
5061 0
5062 0
5063 0
5064 0
5065 0
5066 0
5067 0
5068 0
5069 0
5070 0
5071 0
5072 0
5073 0
5074 0
5075 0
5076 0
5077 0
5078 0
5079 0
5080 0
5081 0
5082 0
5083 0
5084 0
5085 0
5086 0
5087 0
5088 0
5089 0
5090 0
5091 0
5092 0
5093 0
5094 0
5095 0
5096 0
5097 0
5098 0
5099 0
5100 0
5101 0
5102 0
5103 0
5104 0
5105 0
5106 0
5107 0
5108 0
5109 0
5110 0
5111 0
5112 0
5113 0
5114 0
5115 0
5116 0
5117 0
5118 0
5119 0
5120 0
5121 0
5122 0
5123 0
5124 0
5125 0
5126 0
5127 0
5128 0
5129 0
5130 0
5131 0
5132 0
5133 0
5134 0
5135 0
5136 0
5137 0
5138 0
5139 0
5140 0
5141 0
5142 0
5143 0
5144 0
5145 0
5146 0
5147 0
5148 0
5149 0
5150 0
5151 0
5152 0
5153 0
5154 0
5155 0
5156 0
5157 0
5158 0
5159 0
5160 0
5161 0
5162 0
5163 0
5164 0
5165 0
5166 0
5167 0
5168 0
5169 0
5170 0
5171 0
5172 0
5173 0
5174 0
5175 0
5176 0
5177 0
5178 0
5179 0
5180 0
5181 0
5182 0
5183 0
5184 0
5185 0
5186 0
5187 0
5188 0
5189 0
5190 0
5191 0
5192 0
5193 0
5194 0
5195 0
5196 0
5197 0
5198 0
5199 0
5200 0
5201 0
5202 0
5203 0
5204 0
5205 0
5206 0
5207 0
5208 0
5209 0
5210 0
5211 0
5212 0
5213 0
5214 0
5215 0
5216 0
5217 0
5218 0
5219 0
5220 0
5221 0
5222 0
5223 0
5224 0
5225 0
5226 0
5227 0
5228 0
5229 0
5230 0
5231 0
5232 0
5233 0
5234 0
5235 0
5236 0
5237 0
5238 0
5239 0
5240 0
5241 0
5242 0
5243 0
5244 0
5245 0
5246 0
5247 0
5248 0
5249 0
5250 0
5251 0
5252 0
5253 0
5254 0
5255 0
5256 0
5257 0
5258 0
5259 0
5260 0
5261 0
5262 0
5263 0
5264 0
5265 0
5266 0
5267 0
5268 0
5269 0
5270 0
5271 0
5272 0
5273 0
5274 0
5275 0
5276 0
5277 0
5278 0
5279 0
5280 0
5281 0
5282 0
5283 0
5284 0
5285 0
5286 0
5287 0
5288 0
5289 0
5290 0
5291 0
5292 0
5293 0
5294 0
5295 0
5296 0
5297 0
5298 0
5299 0
5300 0
5301 0
5302 0
5303 0
5304 0
5305 0
5306 0
5307 0
5308 0
5309 0
5310 0
5311 0
5312 0
5313 0
5314 0
5315 0
5316 0
5317 0
5318 0
5319 0
5320 0
5321 0
5322 0
5323 0
5324 0
5325 0
5326 0
5327 0
5328 0
5329 0
5330 0
5331 0
5332 0
5333 0
5334 0
5335 0
5336 0
5337 0
5338 0
5339 0
5340 0
5341 0
5342 0
5343 0
5344 0
5345 0
5346 0
5347 0
5348 0
5349 0
5350 0
5351 0
5352 0
5353 0
5354 0
5355 0
5356 0
5357 0
5358 0
5359 0
5360 0
5361 0
5362 0
5363 0
5364 0
5365 0
5366 0
5367 0
5368 0
5369 0
5370 0
5371 0
5372 0
5373 0
5374 0
5375 0
5376 0
5377 0
5378 0
5379 0
5380 0
5381 0
5382 0
5383 0
5384 0
5385 0
5386 0
5387 0
5388 0
5389 0
5390 0
5391 0
5392 0
5393 0
5394 0
5395 0
5396 0
5397 0
5398 0
5399 0
5400 0
5401 0
5402 0
5403 0
5404 0
5405 0
5406 0
5407 0
5408 0
5409 0
5410 0
5411 0
5412 0
5413 0
5414 0
5415 0
5416 0
5417 0
5418 0
5419 0
5420 0
5421 0
5422 0
5423 0
5424 0
5425 0
5426 0
5427 0
5428 0
5429 0
5430 0
5431 0
5432 0
5433 0
5434 0
5435 0
5436 0
5437 0
5438 0
5439 0
5440 0
5441 0
5442 0
5443 0
5444 0
5445 0
5446 0
5447 0
5448 0
5449 0
5450 0
5451 0
5452 0
5453 0
5454 0
5455 0
5456 0
5457 0
5458 0
5459 0
5460 0
5461 0
5462 0
5463 0
5464 0
5465 0
5466 0
5467 0
5468 0
5469 0
5470 0
5471 0
5472 0
5473 0
5474 0
5475 0
5476 0
5477 0
5478 0
5479 0
5480 0
5481 0
5482 0
5483 0
5484 0
5485 0
5486 0
5487 0
5488 0
5489 0
5490 0
5491 0
5492 0
5493 0
5494 0
5495 0
5496 0
5497 0
5498 0
5499 0
5500 0
5501 0
5502 0
5503 0
5504 0
5505 0
5506 0
5507 0
5508 0
5509 0
5510 0
5511 0
5512 0
5513 0
5514 0
5515 0
5516 0
5517 0
5518 0
5519 0
5520 0
5521 0
5522 0
5523 0
5524 0
5525 0
5526 0
5527 0
5528 0
5529 0
5530 0
5531 0
5532 0
5533 0
5534 0
5535 0
5536 0
5537 0
5538 0
5539 0
5540 0
5541 0
5542 0
5543 0
5544 0
5545 0
5546 0
5547 0
5548 0
5549 0
5550 0
5551 0
5552 0
5553 0
5554 0
5555 0
5556 0
5557 0
5558 0
5559 0
5560 0
5561 0
5562 0
5563 0
5564 0
5565 0
5566 0
5567 0
5568 0
5569 0
5570 0
5571 0
5572 0
5573 0
5574 0
5575 0
5576 0
5577 0
5578 0
5579 0
5580 0
5581 0
5582 0
5583 0
5584 0
5585 0
5586 0
5587 0
5588 0
5589 0
5590 0
5591 0
5592 0
5593 0
5594 0
5595 0
5596 0
5597 0
5598 0
5599 0
5600 0
5601 0
5602 0
5603 0
5604 0
5605 0
5606 0
5607 0
5608 0
5609 0
5610 0
5611 0
5612 0
5613 0
5614 0
5615 0
5616 0
5617 0
5618 0
5619 0
5620 0
5621 0
5622 0
5623 0
5624 0
5625 0
5626 0
5627 0
5628 0
5629 0
5630 0
5631 0
5632 0
5633 0
5634 0
5635 0
5636 0
5637 0
5638 0
5639 0
5640 0
5641 0
5642 0
5643 0
5644 0
5645 0
5646 0
5647 0
5648 0
5649 0
5650 0
5651 0
5652 0
5653 0
5654 0
5655 0
5656 0
5657 0
5658 0
5659 0
5660 0
5661 0
5662 0
5663 0
5664 0
5665 0
5666 0
5667 0
5668 0
5669 0
5670 0
5671 0
5672 0
5673 0
5674 0
5675 0
5676 0
5677 0
5678 0
5679 0
5680 0
5681 0
5682 0
5683 0
5684 0
5685 0
5686 0
5687 0
5688 0
5689 0
5690 0
5691 0
5692 0
5693 0
5694 0
5695 0
5696 0
5697 0
5698 0
5699 0
5700 0
5701 0
5702 0
5703 0
5704 0
5705 0
5706 0
5707 0
5708 0
5709 0
5710 0
5711 0
5712 0
5713 0
5714 0
5715 0
5716 0
5717 0
5718 0
5719 0
5720 0
5721 0
5722 0
5723 0
5724 0
5725 0
5726 0
5727 0
5728 0
5729 0
5730 0
5731 0
5732 0
5733 0
5734 0
5735 0
5736 0
5737 0
5738 0
5739 0
5740 0
5741 0
5742 0
5743 0
5744 0
5745 0
5746 0
5747 0
5748 0
5749 0
5750 0
5751 0
5752 0
5753 0
5754 0
5755 0
5756 0
5757 0
5758 0
5759 0
5760 0
5761 0
5762 0
5763 0
5764 0
5765 0
5766 0
5767 0
5768 0
5769 0
5770 0
5771 0
5772 0
5773 0
5774 0
5775 0
5776 0
5777 0
5778 0
5779 0
5780 0
5781 0
5782 0
5783 0
5784 0
5785 0
5786 0
5787 0
5788 0
5789 0
5790 0
5791 0
5792 0
5793 0
5794 0
5795 0
5796 0
5797 0
5798 0
5799 0
5800 0
5801 0
5802 0
5803 0
5804 0
5805 0
5806 0
5807 0
5808 0
5809 0
5810 0
5811 0
5812 0
5813 0
5814 0
5815 0
5816 0
5817 0
5818 0
5819 0
5820 0
5821 0
5822 0
5823 0
5824 0
5825 0
5826 0
5827 0
5828 0
5829 0
5830 0
5831 0
5832 0
5833 0
5834 0
5835 0
5836 0
5837 0
5838 0
5839 0
5840 0
5841 0
5842 0
5843 0
5844 0
5845 0
5846 0
5847 0
5848 0
5849 0
5850 0
5851 0
5852 0
5853 0
5854 0
5855 0
5856 0
5857 0
5858 0
5859 0
5860 0
5861 0
5862 0
5863 0
5864 0
5865 0
5866 0
5867 0
5868 0
5869 0
5870 0
5871 0
5872 0
5873 0
5874 0
5875 0
5876 0
5877 0
5878 0
5879 0
5880 0
5881 0
5882 0
5883 0
5884 0
5885 0
5886 0
5887 0
5888 0
5889 0
5890 0
5891 0
5892 0
5893 0
5894 0
5895 0
5896 0
5897 0
5898 0
5899 0
5900 0
5901 0
5902 0
5903 0
5904 0
5905 0
5906 0
5907 0
5908 0
5909 0
5910 0
5911 0
5912 0
5913 0
5914 0
5915 0
5916 0
5917 0
5918 0
5919 0
5920 0
5921 0
5922 0
5923 0
5924 0
5925 0
5926 0
5927 0
5928 0
5929 0
5930 0
5931 0
5932 0
5933 0
5934 0
5935 0
5936 0
5937 0
5938 0
5939 0
5940 0
5941 0
5942 0
5943 0
5944 0
5945 0
5946 0
5947 0
5948 0
5949 0
5950 0
5951 0
5952 0
5953 0
5954 0
5955 0
5956 0
5957 0
5958 0
5959 0
5960 0
5961 0
5962 0
5963 0
5964 0
5965 0
5966 0
5967 0
5968 0
5969 0
5970 0
5971 0
5972 0
5973 0
5974 0
5975 0
5976 0
5977 0
5978 0
5979 0
5980 0
5981 0
5982 0
5983 0
5984 0
5985 0
5986 0
5987 0
5988 0
5989 0
5990 0
5991 0
5992 0
5993 0
5994 0
5995 0
5996 0
5997 0
5998 0
5999 0
6000 0
6001 0
6002 0
6003 0
6004 0
6005 0
6006 0
6007 0
6008 0
6009 0
6010 0
6011 0
6012 0
6013 0
6014 0
6015 0
6016 0
6017 0
6018 0
6019 0
6020 0
6021 0
6022 0
6023 0
6024 0
6025 0
6026 0
6027 0
6028 0
6029 0
6030 0
6031 0
6032 0
6033 0
6034 0
6035 0
6036 0
6037 0
6038 0
6039 0
6040 0
6041 0
6042 0
6043 0
6044 0
6045 0
6046 0
6047 0
6048 0
6049 0
6050 0
6051 0
6052 0
6053 0
6054 0
6055 0
6056 0
6057 0
6058 0
6059 0
6060 0
6061 0
6062 0
6063 0
6064 0
6065 0
6066 0
6067 0
6068 0
6069 0
6070 0
6071 0
6072 0
6073 0
6074 0
6075 0
6076 0
6077 0
6078 0
6079 0
6080 0
6081 0
6082 0
6083 0
6084 0
6085 0
6086 0
6087 0
6088 0
6089 0
6090 0
6091 0
6092 0
6093 0
6094 0
6095 0
6096 0
6097 0
6098 0
6099 0
6100 0
6101 0
6102 0
6103 0
6104 0
6105 0
6106 0
6107 0
6108 0
6109 0
6110 0
6111 0
6112 0
6113 0
6114 0
6115 0
6116 0
6117 0
6118 0
6119 0
6120 0
6121 0
6122 0
6123 0
6124 0
6125 0
6126 0
6127 0
6128 0
6129 0
6130 0
6131 0
6132 0
6133 0
6134 0
6135 0
6136 0
6137 0
6138 0
6139 0
6140 0
6141 0
6142 0
6143 0
6144 0
6145 0
6146 0
6147 0
6148 0
6149 0
6150 0
6151 0
6152 0
6153 0
6154 0
6155 0
6156 0
6157 0
6158 0
6159 0
6160 0
6161 0
6162 0
6163 0
6164 0
6165 0
6166 0
6167 0
6168 0
6169 0
6170 0
6171 0
6172 0
6173 0
6174 0
6175 0
6176 0
6177 0
6178 0
6179 0
6180 0
6181 0
6182 0
6183 0
6184 0
6185 0
6186 0
6187 0
6188 0
6189 0
6190 0
6191 0
6192 0
6193 0
6194 0
6195 0
6196 0
6197 0
6198 0
6199 0
6200 0
6201 0
6202 0
6203 0
6204 0
6205 0
6206 0
6207 0
6208 0
6209 0
6210 0
6211 0
6212 0
6213 0
6214 0
6215 0
6216 0
6217 0
6218 0
6219 0
6220 0
6221 0
6222 0
6223 0
6224 0
6225 0
6226 0
6227 0
6228 0
6229 0
6230 0
6231 0
6232 0
6233 0
6234 0
6235 0
6236 0
6237 0
6238 0
6239 0
6240 0
6241 0
6242 0
6243 0
6244 0
6245 0
6246 0
6247 0
6248 0
6249 0
6250 0
6251 0
6252 0
6253 0
6254 0
6255 0
6256 0
6257 0
6258 0
6259 0
6260 0
6261 0
6262 0
6263 0
6264 0
6265 0
6266 0
6267 0
6268 0
6269 0
6270 0
6271 0
6272 0
6273 0
6274 0
6275 0
6276 0
6277 0
6278 0
6279 0
6280 0
6281 0
6282 0
6283 0
6284 0
6285 0
6286 0
6287 0
6288 0
6289 0
6290 0
6291 0
6292 0
6293 0
6294 0
6295 0
6296 0
6297 0
6298 0
6299 0
6300 0
6301 0
6302 0
6303 0
6304 0
6305 0
6306 0
6307 0
6308 0
6309 0
6310 0
6311 0
6312 0
6313 0
6314 0
6315 0
6316 0
6317 0
6318 0
6319 0
6320 0
6321 0
6322 0
6323 0
6324 0
6325 0
6326 0
6327 0
6328 0
6329 0
6330 0
6331 0
6332 0
6333 0
6334 0
6335 0
6336 0
6337 0
6338 0
6339 0
6340 0
6341 0
6342 0
6343 0
6344 0
6345 0
6346 0
6347 0
6348 0
6349 0
6350 0
6351 0
6352 0
6353 0
6354 0
6355 0
6356 0
6357 0
6358 0
6359 0
6360 0
6361 0
6362 0
6363 0
6364 0
6365 0
6366 0
6367 0
6368 0
6369 0
6370 0
6371 0
6372 0
6373 0
6374 0
6375 0
6376 0
6377 0
6378 0
6379 0
6380 0
6381 0
6382 0
6383 0
6384 0
6385 0
6386 0
6387 0
6388 0
6389 0
6390 0
6391 0
6392 0
6393 0
6394 0
6395 0
6396 0
6397 0
6398 0
6399 0
6400 0
6401 0
6402 0
6403 0
6404 0
6405 0
6406 0
6407 0
6408 0
6409 0
6410 0
6411 0
6412 0
6413 0
6414 0
6415 0
6416 0
6417 0
6418 0
6419 0
6420 0
6421 0
6422 0
6423 0
6424 0
6425 0
6426 0
6427 0
6428 0
6429 0
6430 0
6431 0
6432 0
6433 0
6434 0
6435 0
6436 0
6437 0
6438 0
6439 0
6440 0
6441 0
6442 0
6443 0
6444 0
6445 0
6446 0
6447 0
6448 0
6449 0
6450 0
6451 0
6452 0
6453 0
6454 0
6455 0
6456 0
6457 0
6458 0
6459 0
6460 0
6461 0
6462 0
6463 0
6464 0
6465 0
6466 0
6467 0
6468 0
6469 0
6470 0
6471 0
6472 0
6473 0
6474 0
6475 0
6476 0
6477 0
6478 0
6479 0
6480 0
6481 0
6482 0
6483 0
6484 0
6485 0
6486 0
6487 0
6488 0
6489 0
6490 0
6491 0
6492 0
6493 0
6494 0
6495 0
6496 0
6497 0
6498 0
6499 0
6500 0
6501 0
6502 0
6503 0
6504 0
6505 0
6506 0
6507 0
6508 0
6509 0
6510 0
6511 0
6512 0
6513 0
6514 0
6515 0
6516 0
6517 0
6518 0
6519 0
6520 0
6521 0
6522 0
6523 0
6524 0
6525 0
6526 0
6527 0
6528 0
6529 0
6530 0
6531 0
6532 0
6533 0
6534 0
6535 0
6536 0
6537 0
6538 0
6539 0
6540 0
6541 0
6542 0
6543 0
6544 0
6545 0
6546 0
6547 0
6548 0
6549 0
6550 0
6551 0
6552 0
6553 0
6554 0
6555 0
6556 0
6557 0
6558 0
6559 0
6560 0
6561 0
6562 0
6563 0
6564 0
6565 0
6566 0
6567 0
6568 0
6569 0
6570 0
6571 0
6572 0
6573 0
6574 0
6575 0
6576 0
6577 0
6578 0
6579 0
6580 0
6581 0
6582 0
6583 0
6584 0
6585 0
6586 0
6587 0
6588 0
6589 0
6590 0
6591 0
6592 0
6593 0
6594 0
6595 0
6596 0
6597 0
6598 0
6599 0
6600 0
6601 0
6602 0
6603 0
6604 0
6605 0
6606 0
6607 0
6608 0
6609 0
6610 0
6611 0
6612 0
6613 0
6614 0
6615 0
6616 0
6617 0
6618 0
6619 0
6620 0
6621 0
6622 0
6623 0
6624 0
6625 0
6626 0
6627 0
6628 0
6629 0
6630 0
6631 0
6632 0
6633 0
6634 0
6635 0
6636 0
6637 0
6638 0
6639 0
6640 0
6641 0
6642 0
6643 0
6644 0
6645 0
6646 0
6647 0
6648 0
6649 0
6650 0
6651 0
6652 0
6653 0
6654 0
6655 0
6656 0
6657 0
6658 0
6659 0
6660 0
6661 0
6662 0
6663 0
6664 0
6665 0
6666 0
6667 0
6668 0
6669 0
6670 0
6671 0
6672 0
6673 0
6674 0
6675 0
6676 0
6677 0
6678 0
6679 0
6680 0
6681 0
6682 0
6683 0
6684 0
6685 0
6686 0
6687 0
6688 0
6689 0
6690 0
6691 0
6692 0
6693 0
6694 0
6695 0
6696 0
6697 0
6698 0
6699 0
6700 0
6701 0
6702 0
6703 0
6704 0
6705 0
6706 0
6707 0
6708 0
6709 0
6710 0
6711 0
6712 0
6713 0
6714 0
6715 0
6716 0
6717 0
6718 0
6719 0
6720 0
6721 0
6722 0
6723 0
6724 0
6725 0
6726 0
6727 0
6728 0
6729 0
6730 0
6731 0
6732 0
6733 0
6734 0
6735 0
6736 0
6737 0
6738 0
6739 0
6740 0
6741 0
6742 0
6743 0
6744 0
6745 0
6746 0
6747 0
6748 0
6749 0
6750 0
6751 0
6752 0
6753 0
6754 0
6755 0
6756 0
6757 0
6758 0
6759 0
6760 0
6761 0
6762 0
6763 0
6764 0
6765 0
6766 0
6767 0
6768 0
6769 0
6770 0
6771 0
6772 0
6773 0
6774 0
6775 0
6776 0
6777 0
6778 0
6779 0
6780 0
6781 0
6782 0
6783 0
6784 0
6785 0
6786 0
6787 0
6788 0
6789 0
6790 0
6791 0
6792 0
6793 0
6794 0
6795 0
6796 0
6797 0
6798 0
6799 0
6800 0
6801 0
6802 0
6803 0
6804 0
6805 0
6806 0
6807 0
6808 0
6809 0
6810 0
6811 0
6812 0
6813 0
6814 0
6815 0
6816 0
6817 0
6818 0
6819 0
6820 0
6821 0
6822 0
6823 0
6824 0
6825 0
6826 0
6827 0
6828 0
6829 0
6830 0
6831 0
6832 0
6833 0
6834 0
6835 0
6836 0
6837 0
6838 0
6839 0
6840 0
6841 0
6842 0
6843 0
6844 0
6845 0
6846 0
6847 0
6848 0
6849 0
6850 0
6851 0
6852 0
6853 0
6854 0
6855 0
6856 0
6857 0
6858 0
6859 0
6860 0
6861 0
6862 0
6863 0
6864 0
6865 0
6866 0
6867 0
6868 0
6869 0
6870 0
6871 0
6872 0
6873 0
6874 0
6875 0
6876 0
6877 0
6878 0
6879 0
6880 0
6881 0
6882 0
6883 0
6884 0
6885 0
6886 0
6887 0
6888 0
6889 0
6890 0
6891 0
6892 0
6893 0
6894 0
6895 0
6896 0
6897 0
6898 0
6899 0
6900 0
6901 0
6902 0
6903 0
6904 0
6905 0
6906 0
6907 0
6908 0
6909 0
6910 0
6911 0
6912 0
6913 0
6914 0
6915 0
6916 0
6917 0
6918 0
6919 0
6920 0
6921 0
6922 0
6923 0
6924 0
6925 0
6926 0
6927 0
6928 0
6929 0
6930 0
6931 0
6932 0
6933 0
6934 0
6935 0
6936 0
6937 0
6938 0
6939 0
6940 0
6941 0
6942 0
6943 0
6944 0
6945 0
6946 0
6947 0
6948 0
6949 0
6950 0
6951 0
6952 0
6953 0
6954 0
6955 0
6956 0
6957 0
6958 0
6959 0
6960 0
6961 0
6962 0
6963 0
6964 0
6965 0
6966 0
6967 0
6968 0
6969 0
6970 0
6971 0
6972 0
6973 0
6974 0
6975 0
6976 0
6977 0
6978 0
6979 0
6980 0
6981 0
6982 0
6983 0
6984 0
6985 0
6986 0
6987 0
6988 0
6989 0
6990 0
6991 0
6992 0
6993 0
6994 0
6995 0
6996 0
6997 0
6998 0
6999 0
7000 0
7001 0
7002 0
7003 0
7004 0
7005 0
7006 0
7007 0
7008 0
7009 0
7010 0
7011 0
7012 0
7013 0
7014 0
7015 0
7016 0
7017 0
7018 0
7019 0
7020 0
7021 0
7022 0
7023 0
7024 0
7025 0
7026 0
7027 0
7028 0
7029 0
7030 0
7031 0
7032 0
7033 0
7034 0
7035 0
7036 0
7037 0
7038 0
7039 0
7040 0
7041 0
7042 0
7043 0
7044 0
7045 0
7046 0
7047 0
7048 0
7049 0
7050 0
7051 0
7052 0
7053 0
7054 0
7055 0
7056 0
