0 3.6894
1 3.7004
2 3.71148
3 3.7227
4 3.73402
5 3.74543
6 3.75699
7 3.76862
8 3.78038
9 3.79225
10 3.80425
11 3.81638
12 3.82859
13 3.84097
14 3.85345
15 3.86605
16 3.87879
17 3.89163
18 3.90464
19 3.91775
20 3.93101
21 3.9444
22 3.95795
23 3.97162
24 3.98541
25 3.99939
26 4.01351
27 4.02774
28 4.04215
29 4.05672
30 4.0714
31 4.08628
32 4.1013
33 4.11649
34 4.13183
35 4.14737
36 4.16304
37 4.17892
38 4.19496
39 4.21114
40 4.22756
41 4.24412
42 4.26088
43 4.27781
44 4.29494
45 4.31226
46 4.32979
47 4.34752
48 4.36544
49 4.38356
50 4.40189
51 4.42045
52 4.43922
53 4.45818
54 4.4774
55 4.49682
56 4.51648
57 4.53636
58 4.5565
59 4.57683
60 4.59743
61 4.61829
62 4.6394
63 4.66075
64 4.68239
65 4.70426
66 4.72639
67 4.7488
68 4.77153
69 4.7945
70 4.81774
71 4.84131
72 4.86515
73 4.88927
74 4.91372
75 4.93848
76 4.96356
77 4.98897
78 5.01465
79 5.04071
80 5.06708
81 5.09382
82 5.12088
83 5.1483
84 5.1761
85 5.20425
86 5.23275
87 5.26165
88 5.29094
89 5.32059
90 5.35069
91 5.38117
92 5.41205
93 5.44335
94 5.47508
95 5.50726
96 5.53984
97 5.57292
98 5.60641
99 5.6404
100 5.67489
101 5.70978
102 5.74519
103 5.78116
104 5.81755
105 5.85454
106 5.89203
107 5.93001
108 5.96855
109 6.00772
110 6.0474
111 6.08765
112 6.12852
113 6.16991
114 6.21196
115 6.25464
116 6.29794
117 6.34191
118 6.38653
119 6.43175
120 6.47778
121 6.52436
122 6.57173
123 6.61979
124 6.66863
125 6.71813
126 6.76845
127 6.81956
128 6.87142
129 6.92415
130 6.9776
131 7.03199
132 7.08718
133 7.14319
134 7.20022
135 7.25811
136 7.31683
137 7.37658
138 7.4372
139 7.49891
140 7.56154
141 7.62523
142 7.68995
143 7.75566
144 7.82248
145 7.89048
146 7.95951
147 8.02966
148 8.10103
149 8.17361
150 8.24739
151 8.32231
152 8.39858
153 8.47611
154 8.55498
155 8.63516
156 8.71668
157 8.79962
158 8.88395
159 8.96983
160 9.05702
161 9.14585
162 9.23617
163 9.32807
164 9.42154
165 9.51667
166 9.61344
167 9.71188
168 9.81209
169 9.91407
170 10.0178
171 10.1234
172 10.2309
173 10.3404
174 10.4516
175 10.5649
176 10.6803
177 10.7977
178 10.9173
179 11.0388
180 11.1628
181 11.2888
182 11.4172
183 11.5478
184 11.6809
185 11.8164
186 11.9543
187 12.0947
188 12.2377
189 12.3832
190 12.5316
191 12.6824
192 12.8362
193 12.9927
194 13.152
195 13.3142
196 13.4793
197 13.6476
198 13.8188
199 13.9931
200 14.1706
201 14.3515
202 14.5355
203 14.7228
204 14.9135
205 15.1077
206 15.3055
207 15.5068
208 15.7115
209 15.9201
210 16.1322
211 16.3483
212 16.5682
213 16.7919
214 17.0195
215 17.2512
216 17.4868
217 17.7266
218 17.9705
219 18.2184
220 18.4707
221 18.7273
222 18.9881
223 19.2533
224 19.523
225 19.797
226 20.0754
227 20.3585
228 20.6459
229 20.938
230 21.2345
231 21.5356
232 21.8412
233 22.1518
234 22.4667
235 22.7862
236 23.1101
237 23.4389
238 23.7721
239 24.1098
240 24.4519
241 24.7987
242 25.1498
243 25.5052
244 25.8647
245 26.229
246 26.597
247 26.9692
248 27.3454
249 27.7253
250 28.1088
251 28.4963
252 28.8869
253 29.281
254 29.6785
255 30.0784
256 30.4815
257 30.8873
258 31.2952
259 31.7057
260 32.1178
261 32.5312
262 32.9465
263 33.3631
264 33.7799
265 34.1978
266 34.616
267 35.0337
268 35.4513
269 35.8682
270 36.2836
271 36.6977
272 37.1097
273 37.5197
274 37.9266
275 38.3306
276 38.731
277 39.1276
278 39.5194
279 39.9062
280 40.2876
281 40.6634
282 41.0329
283 41.3953
284 41.7506
285 42.0982
286 42.4375
287 42.7683
288 43.0898
289 43.4014
290 43.7034
291 43.9944
292 44.2746
293 44.5436
294 44.8005
295 45.0454
296 45.2773
297 45.4966
298 45.7024
299 45.8944
300 46.0726
301 46.2364
302 46.3855
303 46.5199
304 46.6393
305 46.7434
306 46.8323
307 46.9054
308 46.963
309 47.0046
310 47.0306
311 47.0406
312 47.0349
313 47.0135
314 46.9761
315 46.9232
316 46.8547
317 46.7709
318 46.6718
319 46.5577
320 46.4288
321 46.2851
322 46.1272
323 45.9555
324 45.7698
325 45.5708
326 45.359
327 45.1344
328 44.8976
329 44.6488
330 44.3885
331 44.1176
332 43.8357
333 43.544
334 43.2425
335 42.9318
336 42.6122
337 42.2843
338 41.9488
339 41.6058
340 41.256
341 40.8997
342 40.5386
343 40.1708
344 39.798
345 39.4208
346 39.0395
347 38.6541
348 38.2657
349 37.8743
350 37.4803
351 37.0845
352 36.6869
353 36.2882
354 35.8881
355 35.4877
356 35.0869
357 34.6864
358 34.2859
359 33.8864
360 33.4876
361 33.0902
362 32.6942
363 32.3
364 31.9076
365 31.5173
366 31.1297
367 30.7444
368 30.3618
369 29.9824
370 29.6059
371 29.233
372 28.8631
373 28.498
374 28.1353
375 27.7766
376 27.4214
377 27.0703
378 26.7232
379 26.3803
380 26.0413
381 25.7065
382 25.3764
383 25.0502
384 24.7283
385 24.4112
386 24.0979
387 23.7893
388 23.4851
389 23.1854
390 22.8899
391 22.599
392 22.3125
393 22.0303
394 21.7524
395 21.4789
396 21.21
397 20.9451
398 20.6845
399 20.4284
400 20.1764
401 19.9285
402 19.6849
403 19.4452
404 19.2095
405 18.9788
406 18.7511
407 18.5276
408 18.3079
409 18.0919
410 17.8797
411 17.6713
412 17.4666
413 17.2656
414 17.0681
415 16.8742
416 16.6837
417 16.4967
418 16.3131
419 16.1327
420 15.9558
421 15.7818
422 15.6113
423 15.4438
424 15.2793
425 15.1178
426 14.9594
427 14.8039
428 14.6513
429 14.5016
430 14.3545
431 14.2102
432 14.0686
433 13.9295
434 13.7932
435 13.6594
436 13.528
437 13.3995
438 13.273
439 13.149
440 13.0271
441 12.9076
442 12.7904
443 12.6753
444 12.5624
445 12.4516
446 12.343
447 12.2362
448 12.1316
449 12.0289
450 11.9282
451 11.8294
452 11.7325
453 11.6372
454 11.544
455 11.4524
456 11.3626
457 11.2743
458 11.1878
459 11.103
460 11.0198
461 10.9381
462 10.8581
463 10.7796
464 10.7025
465 10.6269
466 10.5527
467 10.48
468 10.4086
469 10.3389
470 10.2702
471 10.2029
472 10.1368
473 10.0721
474 10.0086
475 9.94633
476 9.88526
477 9.82541
478 9.7667
479 9.70909
480 9.65263
481 9.59727
482 9.54303
483 9.48985
484 9.43771
485 9.38661
486 9.33652
487 9.28745
488 9.2393
489 9.19218
490 9.14598
491 9.10071
492 9.05637
493 9.01294
494 8.97043
495 8.92871
496 8.88788
497 8.84793
498 8.80883
499 8.77051
500 8.73302
501 8.69633
502 8.6605
503 8.62536
504 8.59097
505 8.55732
506 8.52445
507 8.49227
508 8.46081
509 8.43007
510 8.40001
511 8.37067
512 8.34193
513 8.31392
514 8.28654
515 8.25981
516 8.23376
517 8.20827
518 8.18344
519 8.15923
520 8.13561
521 8.11258
522 8.09018
523 8.06835
524 8.04705
525 8.02635
526 8.00617
527 7.98662
528 7.96751
529 7.94902
530 7.93104
531 7.91361
532 7.89665
533 7.88021
534 7.86431
535 7.84889
536 7.83397
537 7.81953
538 7.80558
539 7.79212
540 7.77908
541 7.76657
542 7.75448
543 7.74285
544 7.73169
545 7.72095
546 7.71068
547 7.70082
548 7.69143
549 7.68241
550 7.67389
551 7.66574
552 7.658
553 7.65069
554 7.64379
555 7.63725
556 7.63115
557 7.62546
558 7.62011
559 7.61517
560 7.61063
561 7.60644
562 7.60266
563 7.59924
564 7.59616
565 7.59347
566 7.59112
567 7.58917
568 7.58755
569 7.58627
570 7.58532
571 7.58473
572 7.5845
573 7.5846
574 7.58504
575 7.58582
576 7.58689
577 7.58832
578 7.59006
579 7.5921
580 7.59447
581 7.59718
582 7.60019
583 7.60349
584 7.60712
585 7.61102
586 7.61521
587 7.61972
588 7.62451
589 7.62957
590 7.63495
591 7.64061
592 7.64652
593 7.65272
594 7.65918
595 7.66593
596 7.67295
597 7.68021
598 7.68776
599 7.69555
600 7.70358
601 7.71186
602 7.7204
603 7.72914
604 7.73818
605 7.74746
606 7.75693
607 7.76665
608 7.7766
609 7.78676
610 7.79716
611 7.80777
612 7.81855
613 7.82959
614 7.84084
615 7.85225
616 7.86389
617 7.87567
618 7.88769
619 7.89988
620 7.91224
621 7.92478
622 7.93749
623 7.95038
624 7.96343
625 7.97662
626 7.98997
627 8.0035
628 8.01713
629 8.03089
630 8.04485
631 8.05888
632 8.07303
633 8.08736
634 8.10174
635 8.11625
636 8.13086
637 8.14558
638 8.16031
639 8.17521
640 8.1902
641 8.20525
642 8.22035
643 8.23556
644 8.25074
645 8.26606
646 8.28141
647 8.29676
648 8.31219
649 8.32763
650 8.34308
651 8.35857
652 8.37405
653 8.38952
654 8.40501
655 8.42047
656 8.43589
657 8.45132
658 8.46674
659 8.48208
660 8.49736
661 8.51261
662 8.52779
663 8.5429
664 8.55799
665 8.57294
666 8.58779
667 8.60257
668 8.61725
669 8.63179
670 8.64626
671 8.66056
672 8.67475
673 8.68879
674 8.70259
675 8.71632
676 8.72988
677 8.74327
678 8.75647
679 8.76951
680 8.78235
681 8.795
682 8.80743
683 8.81968
684 8.83166
685 8.84342
686 8.85496
687 8.86625
688 8.87731
689 8.88806
690 8.89859
691 8.90883
692 8.9188
693 8.92847
694 8.93787
695 8.94694
696 8.95574
697 8.96422
698 8.97239
699 8.98022
700 8.98776
701 8.99494
702 9.00179
703 9.00828
704 9.01442
705 9.02023
706 9.02567
707 9.03075
708 9.03548
709 9.03981
710 9.04379
711 9.04732
712 9.0505
713 9.05334
714 9.05571
715 9.05775
716 9.05939
717 9.06059
718 9.06141
719 9.06184
720 9.06185
721 9.06143
722 9.06066
723 9.0594
724 9.05777
725 9.05572
726 9.05326
727 9.05036
728 9.04703
729 9.04328
730 9.03919
731 9.03458
732 9.02963
733 9.02422
734 9.01841
735 9.0122
736 9.00556
737 8.99849
738 8.99103
739 8.98314
740 8.97485
741 8.96618
742 8.9571
743 8.94761
744 8.93773
745 8.92744
746 8.91674
747 8.90571
748 8.89428
749 8.88248
750 8.87028
751 8.85772
752 8.84477
753 8.83151
754 8.81787
755 8.80385
756 8.78948
757 8.77477
758 8.75975
759 8.74441
760 8.72868
761 8.71266
762 8.69634
763 8.67971
764 8.66274
765 8.64551
766 8.62796
767 8.61013
768 8.59202
769 8.57363
770 8.55497
771 8.53607
772 8.51688
773 8.49747
774 8.47781
775 8.45789
776 8.43772
777 8.41737
778 8.39681
779 8.37601
780 8.35502
781 8.33383
782 8.31245
783 8.29086
784 8.2691
785 8.24721
786 8.2251
787 8.2029
788 8.18052
789 8.15796
790 8.13526
791 8.11246
792 8.08952
793 8.06645
794 8.04326
795 8.01995
796 7.99657
797 7.97308
798 7.94948
799 7.92583
800 7.90207
801 7.87828
802 7.85436
803 7.83042
804 7.80642
805 7.78237
806 7.75825
807 7.73408
808 7.70991
809 7.68572
810 7.66147
811 7.63721
812 7.61294
813 7.5887
814 7.56438
815 7.54007
816 7.51582
817 7.49153
818 7.46725
819 7.44301
820 7.4188
821 7.3946
822 7.3704
823 7.34626
824 7.32215
825 7.29809
826 7.27414
827 7.25015
828 7.22624
829 7.20236
830 7.17854
831 7.15477
832 7.13108
833 7.10745
834 7.08389
835 7.06041
836 7.03698
837 7.01365
838 6.99039
839 6.96721
840 6.94413
841 6.92115
842 6.89824
843 6.87539
844 6.85267
845 6.83002
846 6.8075
847 6.78504
848 6.76273
849 6.74048
850 6.71835
851 6.69631
852 6.6744
853 6.65258
854 6.63088
855 6.60929
856 6.58781
857 6.56647
858 6.54522
859 6.52408
860 6.50307
861 6.48215
862 6.46138
863 6.44071
864 6.42016
865 6.39976
866 6.3795
867 6.35935
868 6.33928
869 6.31934
870 6.29954
871 6.27985
872 6.26028
873 6.24086
874 6.22154
875 6.20238
876 6.18332
877 6.16438
878 6.14556
879 6.12689
880 6.10832
881 6.08988
882 6.0716
883 6.05344
884 6.03539
885 6.01747
886 5.99966
887 5.98199
888 5.96443
889 5.94702
890 5.92974
891 5.91257
892 5.89554
893 5.87862
894 5.8618
895 5.84516
896 5.82858
897 5.81218
898 5.79587
899 5.77969
900 5.76361
901 5.74771
902 5.7319
903 5.71618
904 5.70063
905 5.68516
906 5.66983
907 5.65461
908 5.63957
909 5.62459
910 5.60974
911 5.59498
912 5.58034
913 5.56585
914 5.55142
915 5.53715
916 5.52297
917 5.50891
918 5.49495
919 5.48114
920 5.46741
921 5.45381
922 5.44031
923 5.4269
924 5.41361
925 5.40044
926 5.38736
927 5.37438
928 5.36154
929 5.34877
930 5.33613
931 5.32356
932 5.31113
933 5.29879
934 5.28655
935 5.27441
936 5.26237
937 5.25042
938 5.23859
939 5.22683
940 5.21519
941 5.20362
942 5.19218
943 5.18083
944 5.16954
945 5.15837
946 5.14729
947 5.13631
948 5.12539
949 5.11462
950 5.10392
951 5.0933
952 5.08275
953 5.07228
954 5.06194
955 5.05165
956 5.04146
957 5.03136
958 5.02135
959 5.01142
960 5.00156
961 4.99178
962 4.9821
963 4.97247
964 4.96295
965 4.9535
966 4.94415
967 4.93485
968 4.92565
969 4.91649
970 4.90743
971 4.89846
972 4.88954
973 4.88071
974 4.87195
975 4.86328
976 4.85464
977 4.84612
978 4.83763
979 4.82925
980 4.8209
981 4.81264
982 4.80445
983 4.79633
984 4.78827
985 4.78027
986 4.77237
987 4.7645
988 4.75671
989 4.74899
990 4.74131
991 4.73372
992 4.72618
993 4.71872
994 4.7113
995 4.70396
996 4.69665
997 4.68941
998 4.68226
999 4.67515
1000 4.66811
1001 4.6611
1002 4.65417
1003 4.64728
1004 4.64046
1005 4.63368
1006 4.62701
1007 4.62032
1008 4.61375
1009 4.60716
1010 4.60066
1011 4.59421
1012 4.58783
1013 4.58148
1014 4.57522
1015 4.56896
1016 4.56278
1017 4.55661
1018 4.55053
1019 4.54453
1020 4.53853
1021 4.53261
1022 4.52669
1023 4.52083
1024 4.51503
1025 4.50926
1026 4.50359
1027 4.4979
1028 4.4923
1029 4.48669
1030 4.48118
1031 4.47573
1032 4.47026
1033 4.46485
1034 4.4595
1035 4.45419
1036 4.4489
1037 4.44368
1038 4.43853
1039 4.43337
1040 4.42825
1041 4.42316
1042 4.41814
1043 4.41314
1044 4.40819
1045 4.40328
1046 4.3984
1047 4.39354
1048 4.38876
1049 4.384
1050 4.37926
1051 4.37454
1052 4.36991
1053 4.36528
1054 4.36068
1055 4.35614
1056 4.35162
1057 4.34715
1058 4.34269
1059 4.33827
1060 4.33389
1061 4.32955
1062 4.32521
1063 4.32093
1064 4.31669
1065 4.31246
1066 4.30827
1067 4.30408
1068 4.29997
1069 4.29587
1070 4.29179
1071 4.28775
1072 4.28373
1073 4.27974
1074 4.27581
1075 4.27186
1076 4.26796
1077 4.26409
1078 4.26027
1079 4.25645
1080 4.25265
1081 4.2489
1082 4.24514
1083 4.24143
1084 4.23775
1085 4.23411
1086 4.23046
1087 4.22686
1088 4.22328
1089 4.21973
1090 4.21618
1091 4.21268
1092 4.2092
1093 4.20573
1094 4.20231
1095 4.19889
1096 4.19547
1097 4.19213
1098 4.18879
1099 4.18545
1100 4.18217
1101 4.17885
1102 4.17562
1103 4.17237
1104 4.16914
1105 4.16597
1106 4.16281
1107 4.15964
1108 4.15652
1109 4.15339
1110 4.1503
1111 4.14723
1112 4.14418
1113 4.14115
1114 4.13811
1115 4.13511
1116 4.13215
1117 4.1292
1118 4.12625
1119 4.12332
1120 4.12043
1121 4.11755
1122 4.11467
1123 4.1118
1124 4.10898
1125 4.10616
1126 4.10335
1127 4.10057
1128 4.0978
1129 4.09507
1130 4.09229
1131 4.08959
1132 4.08689
1133 4.08422
1134 4.08154
1135 4.07886
1136 4.07621
1137 4.07359
1138 4.07096
1139 4.06838
1140 4.06579
1141 4.06321
1142 4.06066
1143 4.05811
1144 4.05559
1145 4.0531
1146 4.05057
1147 4.04808
1148 4.0456
1149 4.04314
1150 4.04069
1151 4.03825
1152 4.03585
1153 4.03344
1154 4.03102
1155 4.02865
1156 4.02627
1157 4.0239
1158 4.02157
1159 4.0192
1160 4.0169
1161 4.01457
1162 4.01227
1163 4.00997
1164 4.00769
1165 4.0054
1166 4.00316
1167 4.0009
1168 3.99868
1169 3.99644
1170 3.9942
1171 3.99202
1172 3.98981
1173 3.98762
1174 3.98545
1175 3.98326
1176 3.9811
1177 3.97895
1178 3.97681
1179 3.97467
1180 3.97257
1181 3.97045
1182 3.96834
1183 3.96623
1184 3.96414
1185 3.96206
1186 3.95998
1187 3.95793
1188 3.95588
1189 3.95382
1190 3.95178
1191 3.94974
1192 3.94773
1193 3.9457
1194 3.9437
1195 3.94171
1196 3.9397
1197 3.93771
1198 3.93574
1199 3.93377
1200 3.93179
1201 3.92983
1202 3.92788
1203 3.92592
1204 3.92402
1205 3.92208
1206 3.92016
1207 3.91824
1208 3.91632
1209 3.91442
1210 3.9125
1211 3.91063
1212 3.90874
1213 3.90684
1214 3.90498
1215 3.90309
1216 3.90125
1217 3.89937
1218 3.89752
1219 3.89567
1220 3.89385
1221 3.892
1222 3.89016
1223 3.88833
1224 3.88652
1225 3.88469
1226 3.88287
1227 3.88106
1228 3.87926
1229 3.87746
1230 3.87566
1231 3.87388
1232 3.87207
1233 3.87033
1234 3.86852
1235 3.86675
1236 3.86499
1237 3.86322
1238 3.86144
1239 3.85969
1240 3.85795
1241 3.85618
1242 3.85444
1243 3.8527
1244 3.85097
1245 3.84921
1246 3.8475
1247 3.84575
1248 3.84405
1249 3.84231
1250 3.84061
1251 3.83887
1252 3.83716
1253 3.83548
1254 3.83377
1255 3.83205
1256 3.83034
1257 3.82866
1258 3.82696
1259 3.82528
1260 3.82357
1261 3.82189
1262 3.82021
1263 3.81853
1264 3.81684
1265 3.81516
1266 3.8135
1267 3.81181
1268 3.81015
1269 3.80848
1270 3.80681
1271 3.80516
1272 3.80348
1273 3.80184
1274 3.80018
1275 3.7985
1276 3.79686
1277 3.7952
1278 3.79356
1279 3.79192
1280 3.79026
1281 3.78861
1282 3.78696
1283 3.78533
1284 3.78367
1285 3.78206
1286 3.78041
1287 3.77876
1288 3.77715
1289 3.77548
1290 3.77385
1291 3.77223
1292 3.77059
1293 3.76895
1294 3.76732
1295 3.76569
1296 3.76407
1297 3.76243
1298 3.7608
1299 3.75919
1300 3.75756
1301 3.75594
1302 3.75431
1303 3.7527
1304 3.75107
1305 3.74944
1306 3.74784
1307 3.74621
1308 3.7446
1309 3.74295
1310 3.74134
1311 3.73973
1312 3.73811
1313 3.7365
1314 3.73489
1315 3.73326
1316 3.73164
1317 3.73002
1318 3.72843
1319 3.72681
1320 3.72518
1321 3.72356
1322 3.72196
1323 3.72036
1324 3.71872
1325 3.7171
1326 3.7155
1327 3.71387
1328 3.71226
1329 3.71065
1330 3.70903
1331 3.70741
1332 3.7058
1333 3.70417
1334 3.70257
1335 3.70095
1336 3.69931
1337 3.69769
1338 3.69609
1339 3.69445
1340 3.69285
1341 3.69122
1342 3.68962
1343 3.68799
1344 3.68635
1345 3.68473
1346 3.68311
1347 3.68149
1348 3.67986
1349 3.67825
1350 3.6766
1351 3.67497
1352 3.67334
1353 3.67172
1354 3.67009
1355 3.66847
1356 3.66683
1357 3.66519
1358 3.66356
1359 3.66193
1360 3.66031
1361 3.65866
1362 3.65702
1363 3.65541
1364 3.65376
1365 3.6521
1366 3.65048
1367 3.64882
1368 3.6472
1369 3.64555
1370 3.6439
1371 3.64227
1372 3.64062
1373 3.63897
1374 3.63732
1375 3.63567
1376 3.63403
1377 3.63236
1378 3.6307
1379 3.62905
1380 3.62739
1381 3.62574
1382 3.62409
1383 3.62242
1384 3.62077
1385 3.6191
1386 3.61744
1387 3.61577
1388 3.6141
1389 3.61244
1390 3.61077
1391 3.6091
1392 3.60744
1393 3.60576
1394 3.60408
1395 3.6024
1396 3.60072
1397 3.59903
1398 3.59738
1399 3.59568
1400 3.594
1401 3.59232
1402 3.59061
1403 3.58893
1404 3.58724
1405 3.58555
1406 3.58386
1407 3.58216
1408 3.58046
1409 3.57875
1410 3.57705
1411 3.57535
1412 3.57365
1413 3.57195
1414 3.57022
1415 3.56853
1416 3.56681
1417 3.56511
1418 3.56338
1419 3.56168
1420 3.55996
1421 3.55824
1422 3.55652
1423 3.55479
1424 3.55308
1425 3.55135
1426 3.54962
1427 3.5479
1428 3.54616
1429 3.54442
1430 3.54266
1431 3.54094
1432 3.5392
1433 3.53747
1434 3.53574
1435 3.53398
1436 3.53224
1437 3.53048
1438 3.52873
1439 3.52699
1440 3.52523
1441 3.52347
1442 3.52172
1443 3.51996
1444 3.5182
1445 3.51642
1446 3.51466
1447 3.51289
1448 3.51114
1449 3.50935
1450 3.50757
1451 3.50583
1452 3.50404
1453 3.50226
1454 3.50047
1455 3.49868
1456 3.4969
1457 3.49511
1458 3.49332
1459 3.49153
1460 3.48974
1461 3.48794
1462 3.48615
1463 3.48435
1464 3.48254
1465 3.48074
1466 3.47895
1467 3.47714
1468 3.47533
1469 3.47352
1470 3.47171
1471 3.46986
1472 3.46806
1473 3.46625
1474 3.46441
1475 3.46258
1476 3.46076
1477 3.45893
1478 3.45712
1479 3.4553
1480 3.45345
1481 3.4516
1482 3.44978
1483 3.44794
1484 3.44609
1485 3.44424
1486 3.44241
1487 3.44055
1488 3.43872
1489 3.43685
1490 3.43501
1491 3.43316
1492 3.4313
1493 3.42942
1494 3.42756
1495 3.42569
1496 3.42385
1497 3.42198
1498 3.4201
1499 3.41822
1500 3.41635
1501 3.41449
1502 3.41261
1503 3.41072
1504 3.40884
1505 3.40695
1506 3.40508
1507 3.40317
1508 3.40128
1509 3.39941
1510 3.3975
1511 3.39562
1512 3.39371
1513 3.39182
1514 3.38992
1515 3.388
1516 3.38608
1517 3.38418
1518 3.38225
1519 3.38037
1520 3.37844
1521 3.37651
1522 3.37461
1523 3.37268
1524 3.37076
1525 3.36884
1526 3.36692
1527 3.36498
1528 3.36305
1529 3.36112
1530 3.35917
1531 3.35724
1532 3.3553
1533 3.35336
1534 3.35142
1535 3.34947
1536 3.34751
1537 3.34558
1538 3.34362
1539 3.34166
1540 3.33971
1541 3.33775
1542 3.3358
1543 3.33383
1544 3.33187
1545 3.3299
1546 3.32794
1547 3.32598
1548 3.324
1549 3.32204
1550 3.32006
1551 3.31809
1552 3.3161
1553 3.31412
1554 3.31214
1555 3.31015
1556 3.30817
1557 3.30618
1558 3.3042
1559 3.3022
1560 3.3002
1561 3.29822
1562 3.29622
1563 3.29419
1564 3.29221
1565 3.29022
1566 3.28819
1567 3.28619
1568 3.28418
1569 3.28219
1570 3.28016
1571 3.27814
1572 3.27614
1573 3.27412
1574 3.27209
1575 3.27007
1576 3.26807
1577 3.26603
1578 3.26399
1579 3.26197
1580 3.25994
1581 3.25792
1582 3.25588
1583 3.25383
1584 3.2518
1585 3.24976
1586 3.24771
1587 3.24569
1588 3.24362
1589 3.24157
1590 3.23952
1591 3.23747
1592 3.23542
1593 3.23338
1594 3.23132
1595 3.22927
1596 3.22721
1597 3.22515
1598 3.22308
1599 3.221
1600 3.21896
1601 3.21688
1602 3.21483
1603 3.21273
1604 3.21068
1605 3.20859
1606 3.20651
1607 3.20443
1608 3.20235
1609 3.20027
1610 3.19818
1611 3.19609
1612 3.19403
1613 3.19193
1614 3.18984
1615 3.18776
1616 3.18568
1617 3.18357
1618 3.18146
1619 3.17937
1620 3.17727
1621 3.17518
1622 3.17308
1623 3.17098
1624 3.16886
1625 3.16677
1626 3.16465
1627 3.16255
1628 3.16044
1629 3.15833
1630 3.1562
1631 3.15411
1632 3.15198
1633 3.14987
1634 3.14775
1635 3.14562
1636 3.1435
1637 3.14139
1638 3.13925
1639 3.13713
1640 3.13498
1641 3.13287
1642 3.13073
1643 3.12858
1644 3.12646
1645 3.12432
1646 3.12219
1647 3.12005
1648 3.1179
1649 3.11577
1650 3.11364
1651 3.11149
1652 3.10935
1653 3.10719
1654 3.10505
1655 3.10289
1656 3.10074
1657 3.0986
1658 3.09645
1659 3.09428
1660 3.09213
1661 3.08998
1662 3.08782
1663 3.08566
1664 3.08349
1665 3.08133
1666 3.07919
1667 3.07702
1668 3.07485
1669 3.07266
1670 3.07051
1671 3.06834
1672 3.06616
1673 3.06399
1674 3.06182
1675 3.05965
1676 3.05747
1677 3.05528
1678 3.0531
1679 3.05091
1680 3.04874
1681 3.04656
1682 3.04437
1683 3.04219
1684 3.04
1685 3.03782
1686 3.03564
1687 3.03344
1688 3.03126
1689 3.02906
1690 3.02689
1691 3.02469
1692 3.02249
1693 3.0203
1694 3.01809
1695 3.0159
1696 3.01371
1697 3.01151
1698 3.00931
1699 3.00709
1700 3.0049
1701 3.00272
1702 3.00048
1703 2.99829
1704 2.99608
1705 2.99387
1706 2.99166
1707 2.98945
1708 2.98725
1709 2.98503
1710 2.98282
1711 2.98061
1712 2.97839
1713 2.97617
1714 2.97397
1715 2.97173
1716 2.96953
1717 2.96731
1718 2.96509
1719 2.96288
1720 2.96065
1721 2.95843
1722 2.95622
1723 2.95398
1724 2.95177
1725 2.94954
1726 2.94732
1727 2.94508
1728 2.94285
1729 2.94062
1730 2.9384
1731 2.93618
1732 2.93394
1733 2.93171
1734 2.92947
1735 2.92725
1736 2.92503
1737 2.92277
1738 2.92053
1739 2.9183
1740 2.91606
1741 2.91382
1742 2.91158
1743 2.90937
1744 2.90711
1745 2.90487
1746 2.90264
1747 2.90038
1748 2.89815
1749 2.8959
1750 2.89366
1751 2.89141
1752 2.88918
1753 2.88693
1754 2.88468
1755 2.88243
1756 2.8802
1757 2.87795
1758 2.8757
1759 2.87344
1760 2.87119
1761 2.86894
1762 2.8667
1763 2.86446
1764 2.86219
1765 2.85994
1766 2.85768
1767 2.85545
1768 2.85317
1769 2.85092
1770 2.84868
1771 2.84643
1772 2.84415
1773 2.8419
1774 2.83964
1775 2.8374
1776 2.83514
1777 2.83288
1778 2.83061
1779 2.82836
1780 2.8261
1781 2.82383
1782 2.82159
1783 2.81933
1784 2.81707
1785 2.81481
1786 2.81254
1787 2.81026
1788 2.80801
1789 2.80575
1790 2.8035
1791 2.80124
1792 2.79896
1793 2.79669
1794 2.79444
1795 2.79216
1796 2.7899
1797 2.78764
1798 2.78537
1799 2.78313
1800 2.78085
1801 2.77856
1802 2.7763
1803 2.77405
1804 2.7718
1805 2.76951
1806 2.76724
1807 2.76497
1808 2.76271
1809 2.76044
1810 2.75819
1811 2.75592
1812 2.75363
1813 2.75138
1814 2.7491
1815 2.74684
1816 2.74455
1817 2.74229
1818 2.74002
1819 2.73775
1820 2.7355
1821 2.73321
1822 2.73095
1823 2.72868
1824 2.72639
1825 2.72413
1826 2.72185
1827 2.71959
1828 2.71732
1829 2.71505
1830 2.71278
1831 2.71051
1832 2.70823
1833 2.70596
1834 2.7037
1835 2.70142
1836 2.69915
1837 2.69686
1838 2.6946
1839 2.69233
1840 2.69007
1841 2.68779
1842 2.68552
1843 2.68325
1844 2.68099
1845 2.67871
1846 2.67643
1847 2.67416
1848 2.67191
1849 2.66962
1850 2.66737
1851 2.66509
1852 2.66281
1853 2.66056
1854 2.65826
1855 2.656
1856 2.65373
1857 2.65147
1858 2.64919
1859 2.64693
1860 2.64465
1861 2.64238
1862 2.6401
1863 2.63785
1864 2.63557
1865 2.6333
1866 2.63103
1867 2.62876
1868 2.6265
1869 2.62424
1870 2.62196
1871 2.6197
1872 2.61743
1873 2.61516
1874 2.6129
1875 2.61063
1876 2.60835
1877 2.60609
1878 2.60382
1879 2.60155
1880 2.59929
1881 2.59703
1882 2.59476
1883 2.59249
1884 2.59024
1885 2.58797
1886 2.58571
1887 2.58345
1888 2.58118
1889 2.57892
1890 2.57665
1891 2.57439
1892 2.57213
1893 2.56986
1894 2.56759
1895 2.56535
1896 2.56307
1897 2.5608
1898 2.55855
1899 2.5563
1900 2.55403
1901 2.55177
1902 2.54952
1903 2.54725
1904 2.54501
1905 2.54274
1906 2.54048
1907 2.53821
1908 2.53598
1909 2.53371
1910 2.53146
1911 2.5292
1912 2.52696
1913 2.52469
1914 2.52245
1915 2.52018
1916 2.51794
1917 2.51568
1918 2.51343
1919 2.51119
1920 2.50893
1921 2.50668
1922 2.50443
1923 2.50218
1924 2.49992
1925 2.49767
1926 2.49544
1927 2.49319
1928 2.49094
1929 2.48868
1930 2.48646
1931 2.4842
1932 2.48196
1933 2.47971
1934 2.47747
1935 2.47522
1936 2.47298
1937 2.47074
1938 2.4685
1939 2.46626
1940 2.46402
1941 2.46178
1942 2.45954
1943 2.45728
1944 2.45507
1945 2.45284
1946 2.45059
1947 2.44837
1948 2.44611
1949 2.44388
1950 2.44165
1951 2.43942
1952 2.43718
1953 2.43496
1954 2.43272
1955 2.43049
1956 2.42827
1957 2.42603
1958 2.42382
1959 2.42157
1960 2.41935
1961 2.41712
1962 2.4149
1963 2.41267
1964 2.41045
1965 2.40822
1966 2.40601
1967 2.40378
1968 2.40156
1969 2.39933
1970 2.39713
1971 2.3949
1972 2.39268
1973 2.39046
1974 2.38824
1975 2.38602
1976 2.38381
1977 2.38161
1978 2.37939
1979 2.37718
1980 2.37496
1981 2.37274
1982 2.37054
1983 2.36833
1984 2.36611
1985 2.3639
1986 2.36172
1987 2.35949
1988 2.35728
1989 2.35508
1990 2.35289
1991 2.35067
1992 2.34847
1993 2.34627
1994 2.34409
1995 2.34188
1996 2.33969
1997 2.33748
1998 2.33527
1999 2.33307
2000 2.33089
2001 2.32868
2002 2.32648
2003 2.32432
2004 2.32209
2005 2.31991
2006 2.31773
2007 2.31555
2008 2.31334
2009 2.31117
2010 2.30898
2011 2.30679
2012 2.3046
2013 2.30242
2014 2.30024
2015 2.29807
2016 2.29588
2017 2.29368
2018 2.29152
2019 2.28933
2020 2.28716
2021 2.28499
2022 2.2828
2023 2.28063
2024 2.27845
2025 2.27629
2026 2.27412
2027 2.27194
2028 2.26979
2029 2.26761
2030 2.26543
2031 2.26329
2032 2.26111
2033 2.25894
2034 2.25677
2035 2.25462
2036 2.25246
2037 2.2503
2038 2.24814
2039 2.24597
2040 2.24381
2041 2.24167
2042 2.23951
2043 2.23736
2044 2.2352
2045 2.23306
2046 2.2309
2047 2.22874
2048 2.2266
2049 2.22445
2050 2.2223
2051 2.22016
2052 2.21802
2053 2.21588
2054 2.21374
2055 2.21159
2056 2.20946
2057 2.2073
2058 2.20517
2059 2.20304
2060 2.20089
2061 2.19876
2062 2.19662
2063 2.1945
2064 2.19236
2065 2.19024
2066 2.1881
2067 2.18598
2068 2.18385
2069 2.18173
2070 2.1796
2071 2.17748
2072 2.17534
2073 2.17324
2074 2.17112
2075 2.16899
2076 2.16688
2077 2.16474
2078 2.16264
2079 2.16053
2080 2.15842
2081 2.15631
2082 2.15418
2083 2.15207
2084 2.14997
2085 2.14787
2086 2.14576
2087 2.14366
2088 2.14154
2089 2.13945
2090 2.13735
2091 2.13524
2092 2.13316
2093 2.13105
2094 2.12895
2095 2.12686
2096 2.12477
2097 2.12267
2098 2.12058
2099 2.1185
2100 2.1164
2101 2.11433
2102 2.11223
2103 2.11014
2104 2.10806
2105 2.10596
2106 2.10389
2107 2.10182
2108 2.09973
2109 2.09765
2110 2.09557
2111 2.09349
2112 2.09142
2113 2.08935
2114 2.08729
2115 2.08521
2116 2.08313
2117 2.08109
2118 2.07899
2119 2.07695
2120 2.07487
2121 2.07281
2122 2.07076
2123 2.06871
2124 2.06662
2125 2.06456
2126 2.06253
2127 2.06046
2128 2.0584
2129 2.05636
2130 2.05432
2131 2.05225
2132 2.05022
2133 2.04815
2134 2.04611
2135 2.04408
2136 2.04202
2137 2.03997
2138 2.03794
2139 2.03589
2140 2.03386
2141 2.03182
2142 2.0298
2143 2.02777
2144 2.02571
2145 2.0237
2146 2.02166
2147 2.01964
2148 2.01761
2149 2.01558
2150 2.01356
2151 2.01154
2152 2.00951
2153 2.00749
2154 2.00547
2155 2.00345
2156 2.00143
2157 1.99943
2158 1.9974
2159 1.9954
2160 1.99337
2161 1.99138
2162 1.98938
2163 1.98734
2164 1.98534
2165 1.98334
2166 1.98135
2167 1.97934
2168 1.97734
2169 1.97533
2170 1.97335
2171 1.97134
2172 1.96935
2173 1.96736
2174 1.96536
2175 1.96338
2176 1.96139
2177 1.9594
2178 1.95741
2179 1.95543
2180 1.95345
2181 1.95146
2182 1.94948
2183 1.94751
2184 1.94552
2185 1.94356
2186 1.94157
2187 1.93961
2188 1.93762
2189 1.93566
2190 1.93369
2191 1.93173
2192 1.92976
2193 1.92778
2194 1.92583
2195 1.92387
2196 1.9219
2197 1.91995
2198 1.91798
2199 1.91604
2200 1.91407
2201 1.91213
2202 1.91017
2203 1.9082
2204 1.90626
2205 1.90433
2206 1.90237
2207 1.90043
2208 1.89848
2209 1.89655
2210 1.89459
2211 1.89267
2212 1.89073
2213 1.8888
2214 1.88685
2215 1.88492
2216 1.883
2217 1.88105
2218 1.87912
2219 1.8772
2220 1.87527
2221 1.87335
2222 1.87142
2223 1.86952
2224 1.86759
2225 1.86566
2226 1.86375
2227 1.86184
2228 1.85992
2229 1.858
2230 1.8561
2231 1.85419
2232 1.85227
2233 1.85036
2234 1.84848
2235 1.84656
2236 1.84465
2237 1.84276
2238 1.84086
2239 1.83896
2240 1.83706
2241 1.83517
2242 1.83327
2243 1.83138
2244 1.82949
2245 1.8276
2246 1.82572
2247 1.82382
2248 1.82194
2249 1.82006
2250 1.81817
2251 1.81631
2252 1.81442
2253 1.81255
2254 1.81067
2255 1.80878
2256 1.80692
2257 1.80505
2258 1.80318
2259 1.8013
2260 1.79944
2261 1.79758
2262 1.79572
2263 1.79385
2264 1.792
2265 1.79013
2266 1.78828
2267 1.78642
2268 1.78456
2269 1.78272
2270 1.78087
2271 1.77902
2272 1.77717
2273 1.77532
2274 1.77347
2275 1.77162
2276 1.76979
2277 1.76794
2278 1.7661
2279 1.76426
2280 1.76244
2281 1.76059
2282 1.75876
2283 1.75693
2284 1.7551
2285 1.75326
2286 1.75145
2287 1.74962
2288 1.74779
2289 1.74597
2290 1.74416
2291 1.74234
2292 1.74052
2293 1.7387
2294 1.73688
2295 1.73507
2296 1.73326
2297 1.73146
2298 1.72964
2299 1.72783
2300 1.72603
2301 1.72422
2302 1.72242
2303 1.72062
2304 1.71881
2305 1.71703
2306 1.71523
2307 1.71344
2308 1.71164
2309 1.70984
2310 1.70806
2311 1.70627
2312 1.70448
2313 1.7027
2314 1.7009
2315 1.69912
2316 1.69735
2317 1.69558
2318 1.69379
2319 1.69202
2320 1.69024
2321 1.68845
2322 1.68668
2323 1.68492
2324 1.68315
2325 1.68138
2326 1.67963
2327 1.67786
2328 1.67609
2329 1.67433
2330 1.67257
2331 1.67082
2332 1.66905
2333 1.66732
2334 1.66556
2335 1.66381
2336 1.66205
2337 1.6603
2338 1.65855
2339 1.65682
2340 1.65506
2341 1.65333
2342 1.65158
2343 1.64984
2344 1.64811
2345 1.64637
2346 1.64464
2347 1.6429
2348 1.64117
2349 1.63945
2350 1.63771
2351 1.63598
2352 1.63427
2353 1.63255
2354 1.63082
2355 1.6291
2356 1.62737
2357 1.62567
2358 1.62394
2359 1.62223
2360 1.62052
2361 1.61882
2362 1.61709
2363 1.61538
2364 1.61369
2365 1.61197
2366 1.61028
2367 1.60857
2368 1.60687
2369 1.60518
2370 1.60347
2371 1.60178
2372 1.60009
2373 1.59839
2374 1.5967
2375 1.59501
2376 1.59333
2377 1.59165
2378 1.58995
2379 1.58827
2380 1.58659
2381 1.5849
2382 1.58323
2383 1.58156
2384 1.57987
2385 1.57821
2386 1.57653
2387 1.57487
2388 1.57321
2389 1.57152
2390 1.56986
2391 1.5682
2392 1.56653
2393 1.56487
2394 1.56321
2395 1.56156
2396 1.55991
2397 1.55824
2398 1.55659
2399 1.55494
2400 1.55329
2401 1.55163
2402 1.54999
2403 1.54835
2404 1.54669
2405 1.54506
2406 1.54341
2407 1.54178
2408 1.54014
2409 1.5385
2410 1.53687
2411 1.53524
2412 1.5336
2413 1.53197
2414 1.53035
2415 1.52871
2416 1.52709
2417 1.52547
2418 1.52384
2419 1.52222
2420 1.5206
2421 1.51898
2422 1.51737
2423 1.51576
2424 1.51414
2425 1.51253
2426 1.51093
2427 1.50931
2428 1.5077
2429 1.5061
2430 1.50449
2431 1.50289
2432 1.50129
2433 1.49969
2434 1.49809
2435 1.4965
2436 1.4949
2437 1.49331
2438 1.49172
2439 1.49013
2440 1.48854
2441 1.48695
2442 1.48537
2443 1.48378
2444 1.4822
2445 1.48061
2446 1.47904
2447 1.47746
2448 1.47589
2449 1.4743
2450 1.47275
2451 1.47117
2452 1.46959
2453 1.46803
2454 1.46645
2455 1.4649
2456 1.46334
2457 1.46177
2458 1.46021
2459 1.45865
2460 1.45709
2461 1.45554
2462 1.45399
2463 1.45243
2464 1.45088
2465 1.44934
2466 1.44778
2467 1.44623
2468 1.44469
2469 1.44315
2470 1.4416
2471 1.44006
2472 1.43852
2473 1.43699
2474 1.43545
2475 1.43391
2476 1.43239
2477 1.43085
2478 1.42933
2479 1.42779
2480 1.42627
2481 1.42474
2482 1.42321
2483 1.42169
2484 1.42017
2485 1.41865
2486 1.41713
2487 1.41563
2488 1.41409
2489 1.41259
2490 1.41108
2491 1.40957
2492 1.40806
2493 1.40655
2494 1.40505
2495 1.40355
2496 1.40204
2497 1.40054
2498 1.39903
2499 1.39755
2500 1.39604
2501 1.39455
2502 1.39305
2503 1.39157
2504 1.39007
2505 1.38858
2506 1.3871
2507 1.38561
2508 1.38413
2509 1.38264
2510 1.38117
2511 1.37967
2512 1.3782
2513 1.37673
2514 1.37524
2515 1.37379
2516 1.3723
2517 1.37084
2518 1.36937
2519 1.3679
2520 1.36643
2521 1.36496
2522 1.3635
2523 1.36205
2524 1.36059
2525 1.35913
2526 1.35768
2527 1.35622
2528 1.35477
2529 1.35331
2530 1.35186
2531 1.3504
2532 1.34895
2533 1.34749
2534 1.34604
2535 1.34458
2536 1.34313
2537 1.34168
2538 1.34022
2539 1.33877
2540 1.33731
2541 1.33586
2542 1.3344
2543 1.33295
2544 1.3315
2545 1.33004
2546 1.32859
2547 1.32713
2548 1.32568
2549 1.32423
2550 1.32277
2551 1.32132
2552 1.31986
2553 1.31841
2554 1.31696
2555 1.3155
2556 1.31405
2557 1.3126
2558 1.31114
2559 1.30969
2560 1.30824
2561 1.30678
2562 1.30533
2563 1.30388
2564 1.30243
2565 1.30097
2566 1.29952
2567 1.29807
2568 1.29661
2569 1.29516
2570 1.29371
2571 1.29226
2572 1.2908
2573 1.28935
2574 1.2879
2575 1.28645
2576 1.285
2577 1.28354
2578 1.28209
2579 1.28064
2580 1.27919
2581 1.27774
2582 1.27628
2583 1.27483
2584 1.27338
2585 1.27193
2586 1.27048
2587 1.26903
2588 1.26758
2589 1.26612
2590 1.26467
2591 1.26322
2592 1.26177
2593 1.26032
2594 1.25887
2595 1.25742
2596 1.25597
2597 1.25452
2598 1.25307
2599 1.25161
2600 1.25016
2601 1.24871
2602 1.24726
2603 1.24581
2604 1.24436
2605 1.24291
2606 1.24146
2607 1.24001
2608 1.23856
2609 1.23711
2610 1.23566
2611 1.23421
2612 1.23276
2613 1.23131
2614 1.22986
2615 1.22841
2616 1.22696
2617 1.22551
2618 1.22406
2619 1.22261
2620 1.22117
2621 1.21972
2622 1.21827
2623 1.21682
2624 1.21537
2625 1.21392
2626 1.21247
2627 1.21102
2628 1.20957
2629 1.20812
2630 1.20668
2631 1.20523
2632 1.20378
2633 1.20233
2634 1.20088
2635 1.19943
2636 1.19798
2637 1.19654
2638 1.19509
2639 1.19364
2640 1.19219
2641 1.19074
2642 1.1893
2643 1.18785
2644 1.1864
2645 1.18495
2646 1.18351
2647 1.18206
2648 1.18061
2649 1.17916
2650 1.17772
2651 1.17627
2652 1.17482
2653 1.17337
2654 1.17193
2655 1.17048
2656 1.16903
2657 1.16758
2658 1.16614
2659 1.16469
2660 1.16324
2661 1.1618
2662 1.16035
2663 1.1589
2664 1.15746
2665 1.15601
2666 1.15456
2667 1.15312
2668 1.15167
2669 1.15023
2670 1.14878
2671 1.14733
2672 1.14589
2673 1.14444
2674 1.143
2675 1.14155
2676 1.1401
2677 1.13866
2678 1.13721
2679 1.13577
2680 1.13432
2681 1.13288
2682 1.13143
2683 1.12999
2684 1.12854
2685 1.12709
2686 1.12565
2687 1.1242
2688 1.12276
2689 1.12131
2690 1.11987
2691 1.11842
2692 1.11698
2693 1.11554
2694 1.11409
2695 1.11265
2696 1.1112
2697 1.10976
2698 1.10831
2699 1.10687
2700 1.10542
2701 1.10398
2702 1.10254
2703 1.10109
2704 1.09965
2705 1.0982
2706 1.09676
2707 1.09532
2708 1.09387
2709 1.09243
2710 1.09098
2711 1.08954
2712 1.0881
2713 1.08665
2714 1.08521
2715 1.08377
2716 1.08232
2717 1.08088
2718 1.07944
2719 1.07799
2720 1.07655
2721 1.07511
2722 1.07367
2723 1.07222
2724 1.07078
2725 1.06934
2726 1.06789
2727 1.06645
2728 1.06501
2729 1.06357
2730 1.06212
2731 1.06068
2732 1.05924
2733 1.0578
2734 1.05636
2735 1.05491
2736 1.05347
2737 1.05203
2738 1.05059
2739 1.04915
2740 1.0477
2741 1.04626
2742 1.04482
2743 1.04338
2744 1.04194
2745 1.0405
2746 1.03906
2747 1.03761
2748 1.03617
2749 1.03473
2750 1.03329
2751 1.03185
2752 1.03041
2753 1.02897
2754 1.02753
2755 1.02609
2756 1.02464
2757 1.0232
2758 1.02176
2759 1.02032
2760 1.01888
2761 1.01744
2762 1.016
2763 1.01456
2764 1.01312
2765 1.01168
2766 1.01024
2767 1.0088
2768 1.00736
2769 1.00592
2770 1.00448
2771 1.00304
2772 1.0016
2773 1.00016
2774 0.998722
2775 0.997283
2776 0.995843
2777 0.994404
2778 0.992964
2779 0.991525
2780 0.990086
2781 0.988647
2782 0.987208
2783 0.985769
2784 0.98433
2785 0.982891
2786 0.981452
2787 0.980013
2788 0.978574
2789 0.977136
2790 0.975697
2791 0.974259
2792 0.97282
2793 0.971382
2794 0.969943
2795 0.968505
2796 0.967067
2797 0.965629
2798 0.964191
2799 0.962752
2800 0.961315
2801 0.959877
2802 0.958439
2803 0.957001
2804 0.955563
2805 0.954126
2806 0.952688
2807 0.95125
2808 0.949813
2809 0.948376
2810 0.946938
2811 0.945501
2812 0.944064
2813 0.942627
2814 0.94119
2815 0.939753
2816 0.938316
2817 0.936879
2818 0.935442
2819 0.934005
2820 0.932568
2821 0.931132
2822 0.929695
2823 0.928259
2824 0.926822
2825 0.925386
2826 0.923949
2827 0.922513
2828 0.921077
2829 0.919641
2830 0.918205
2831 0.916769
2832 0.915333
2833 0.913897
2834 0.912461
2835 0.911025
2836 0.90959
2837 0.908154
2838 0.906718
2839 0.905283
2840 0.903847
2841 0.902412
2842 0.900977
2843 0.899541
2844 0.898106
2845 0.896671
2846 0.895236
2847 0.893801
2848 0.892366
2849 0.890931
2850 0.889496
2851 0.888062
2852 0.886627
2853 0.885192
2854 0.883758
2855 0.882323
2856 0.880889
2857 0.879454
2858 0.87802
2859 0.876586
2860 0.875152
2861 0.873717
2862 0.872283
2863 0.870849
2864 0.869415
2865 0.867982
2866 0.866548
2867 0.865114
2868 0.86368
2869 0.862247
2870 0.860813
2871 0.85938
2872 0.857946
2873 0.856513
2874 0.85508
2875 0.853646
2876 0.852213
2877 0.85078
2878 0.849347
2879 0.847914
2880 0.846481
2881 0.845048
2882 0.843615
2883 0.842183
2884 0.84075
2885 0.839317
2886 0.837885
2887 0.836452
2888 0.83502
2889 0.833587
2890 0.832155
2891 0.830723
2892 0.829291
2893 0.827859
2894 0.826427
2895 0.824995
2896 0.823563
2897 0.822131
2898 0.820699
2899 0.819267
2900 0.817836
2901 0.816404
2902 0.814972
2903 0.813541
2904 0.81211
2905 0.810678
2906 0.809247
2907 0.807816
2908 0.806384
2909 0.804953
2910 0.803522
2911 0.802091
2912 0.80066
2913 0.79923
2914 0.797799
2915 0.796368
2916 0.794937
2917 0.793507
2918 0.792076
2919 0.790646
2920 0.789215
2921 0.787785
2922 0.786355
2923 0.784925
2924 0.783494
2925 0.782064
2926 0.780634
2927 0.779204
2928 0.777774
2929 0.776344
2930 0.774915
2931 0.773485
2932 0.772055
2933 0.770626
2934 0.769196
2935 0.767767
2936 0.766337
2937 0.764908
2938 0.763479
2939 0.762049
2940 0.76062
2941 0.759191
2942 0.757762
2943 0.756333
2944 0.754904
2945 0.753475
2946 0.752047
2947 0.750618
2948 0.749189
2949 0.747761
2950 0.746332
2951 0.744904
2952 0.743475
2953 0.742047
2954 0.740619
2955 0.739191
2956 0.737762
2957 0.736334
2958 0.734906
2959 0.733478
2960 0.73205
2961 0.730623
2962 0.729195
2963 0.727767
2964 0.726339
2965 0.724912
2966 0.723484
2967 0.722057
2968 0.72063
2969 0.719202
2970 0.717775
2971 0.716348
2972 0.714921
2973 0.713493
2974 0.712066
2975 0.71064
2976 0.709213
2977 0.707786
2978 0.706359
2979 0.704932
2980 0.703506
2981 0.702079
2982 0.700653
2983 0.699226
2984 0.6978
2985 0.696373
2986 0.694947
2987 0.693521
2988 0.692095
2989 0.690669
2990 0.689243
2991 0.687817
2992 0.686391
2993 0.684965
2994 0.683539
2995 0.682114
2996 0.680688
2997 0.679262
2998 0.677837
2999 0.676411
3000 0.674986
3001 0.673561
3002 0.672136
3003 0.67071
3004 0.669285
3005 0.66786
3006 0.666435
3007 0.66501
3008 0.663585
3009 0.66216
3010 0.660736
3011 0.659311
3012 0.657886
3013 0.656462
3014 0.655037
3015 0.653613
3016 0.652189
3017 0.650764
3018 0.64934
3019 0.647916
3020 0.646492
3021 0.645068
3022 0.643644
3023 0.64222
3024 0.640796
3025 0.639372
3026 0.637948
3027 0.636525
3028 0.635101
3029 0.633677
3030 0.632254
3031 0.63083
3032 0.629407
3033 0.627984
3034 0.62656
3035 0.625137
3036 0.623714
3037 0.622291
3038 0.620868
3039 0.619445
3040 0.618022
3041 0.6166
3042 0.615177
3043 0.613754
3044 0.612331
3045 0.610909
3046 0.609486
3047 0.608064
3048 0.606642
3049 0.605219
3050 0.603797
3051 0.602375
3052 0.600953
3053 0.599531
3054 0.598109
3055 0.596687
3056 0.595265
3057 0.593843
3058 0.592421
3059 0.591
3060 0.589578
3061 0.588157
3062 0.586735
3063 0.585314
3064 0.583892
3065 0.582471
3066 0.58105
3067 0.579629
3068 0.578207
3069 0.576786
3070 0.575365
3071 0.573945
3072 0.572524
3073 0.571103
3074 0.569682
3075 0.568261
3076 0.566841
3077 0.56542
3078 0.564
3079 0.562579
3080 0.561159
3081 0.559739
3082 0.558319
3083 0.556898
3084 0.555478
3085 0.554058
3086 0.552638
3087 0.551218
3088 0.549798
3089 0.548379
3090 0.546959
3091 0.545539
3092 0.54412
3093 0.5427
3094 0.541281
3095 0.539861
3096 0.538442
3097 0.537023
3098 0.535603
3099 0.534184
3100 0.532765
3101 0.531346
3102 0.529927
3103 0.528508
3104 0.527089
3105 0.525671
3106 0.524252
3107 0.522833
3108 0.521415
3109 0.519996
3110 0.518578
3111 0.517159
3112 0.515741
3113 0.514322
3114 0.512904
3115 0.511486
3116 0.510068
3117 0.50865
3118 0.507232
3119 0.505814
3120 0.504396
3121 0.502978
3122 0.501561
3123 0.500143
3124 0.498725
3125 0.497308
3126 0.49589
3127 0.494473
3128 0.493056
3129 0.491638
3130 0.490221
3131 0.488804
3132 0.487387
3133 0.48597
3134 0.484553
3135 0.483136
3136 0.481719
3137 0.480302
3138 0.478886
3139 0.477469
3140 0.476052
3141 0.474636
3142 0.473219
3143 0.471803
3144 0.470387
3145 0.46897
3146 0.467554
3147 0.466138
3148 0.464722
3149 0.463306
3150 0.46189
3151 0.460474
3152 0.459058
3153 0.457642
3154 0.456227
3155 0.454811
3156 0.453396
3157 0.45198
3158 0.450565
3159 0.449149
3160 0.447734
3161 0.446318
3162 0.444903
3163 0.443488
3164 0.442073
3165 0.440658
3166 0.439243
3167 0.437828
3168 0.436413
3169 0.434999
3170 0.433584
3171 0.432169
3172 0.430755
3173 0.42934
3174 0.427926
3175 0.426511
3176 0.425097
3177 0.423683
3178 0.422268
3179 0.420854
3180 0.41944
3181 0.418026
3182 0.416612
3183 0.415198
3184 0.413784
3185 0.412371
3186 0.410957
3187 0.409543
3188 0.40813
3189 0.406716
3190 0.405303
3191 0.403889
3192 0.402476
3193 0.401063
3194 0.39965
3195 0.398236
3196 0.396823
3197 0.39541
3198 0.393997
3199 0.392584
3200 0.391172
3201 0.389759
3202 0.388346
3203 0.386934
3204 0.385521
3205 0.384108
3206 0.382696
3207 0.381284
3208 0.379871
3209 0.378459
3210 0.377047
3211 0.375635
3212 0.374223
3213 0.372811
3214 0.371399
3215 0.369987
3216 0.368575
3217 0.367163
3218 0.365751
3219 0.36434
3220 0.362928
3221 0.361517
3222 0.360105
3223 0.358694
3224 0.357282
3225 0.355871
3226 0.35446
3227 0.353049
3228 0.351638
3229 0.350227
3230 0.348816
3231 0.347405
3232 0.345994
3233 0.344583
3234 0.343173
3235 0.341762
3236 0.340351
3237 0.338941
3238 0.33753
3239 0.33612
3240 0.33471
3241 0.3333
3242 0.331889
3243 0.330479
3244 0.329069
3245 0.327659
3246 0.326249
3247 0.324839
3248 0.323429
3249 0.32202
3250 0.32061
3251 0.3192
3252 0.317791
3253 0.316381
3254 0.314972
3255 0.313562
3256 0.312153
3257 0.310744
3258 0.309335
3259 0.307925
3260 0.306516
3261 0.305107
3262 0.303698
3263 0.30229
3264 0.300881
3265 0.299472
3266 0.298063
3267 0.296655
3268 0.295246
3269 0.293838
3270 0.292429
3271 0.291021
3272 0.289612
3273 0.288204
3274 0.286796
3275 0.285388
3276 0.28398
3277 0.282572
3278 0.281164
3279 0.279756
3280 0.278348
3281 0.27694
3282 0.275533
3283 0.274125
3284 0.272717
3285 0.27131
3286 0.269902
3287 0.268495
3288 0.267088
3289 0.265681
3290 0.264273
3291 0.262866
3292 0.261459
3293 0.260052
3294 0.258645
3295 0.257238
3296 0.255831
3297 0.254425
3298 0.253018
3299 0.251611
3300 0.250205
3301 0.248798
3302 0.247392
3303 0.245985
3304 0.244579
3305 0.243173
3306 0.241767
3307 0.240361
3308 0.238955
3309 0.237549
3310 0.236143
3311 0.234737
3312 0.233331
3313 0.231925
3314 0.230519
3315 0.229114
3316 0.227708
3317 0.226303
3318 0.224897
3319 0.223492
3320 0.222087
3321 0.220681
3322 0.219276
3323 0.217871
3324 0.216466
3325 0.215061
3326 0.213656
3327 0.212251
3328 0.210846
3329 0.209442
3330 0.208037
3331 0.206632
3332 0.205228
3333 0.203823
3334 0.202419
3335 0.201014
3336 0.19961
3337 0.198206
3338 0.196802
3339 0.195397
3340 0.193993
3341 0.192589
3342 0.191185
3343 0.189782
3344 0.188378
3345 0.186974
3346 0.18557
3347 0.184167
3348 0.182763
3349 0.18136
3350 0.179956
3351 0.178553
3352 0.177149
3353 0.175746
3354 0.174343
3355 0.17294
3356 0.171537
3357 0.170134
3358 0.168731
3359 0.167328
3360 0.165925
3361 0.164522
3362 0.16312
3363 0.161717
3364 0.160314
3365 0.158912
3366 0.15751
3367 0.156107
3368 0.154705
3369 0.153303
3370 0.1519
3371 0.150498
3372 0.149096
3373 0.147694
3374 0.146292
3375 0.14489
3376 0.143489
3377 0.142087
3378 0.140685
3379 0.139283
3380 0.137882
3381 0.13648
3382 0.135079
3383 0.133678
3384 0.132276
3385 0.130875
3386 0.129474
3387 0.128073
3388 0.126672
3389 0.125271
3390 0.12387
3391 0.122469
3392 0.121068
3393 0.119667
3394 0.118267
3395 0.116866
3396 0.115465
3397 0.114065
3398 0.112664
3399 0.111264
3400 0.109864
3401 0.108463
3402 0.107063
3403 0.105663
3404 0.104263
3405 0.102863
3406 0.101463
3407 0.100063
3408 0.0986634
3409 0.0972637
3410 0.095864
3411 0.0944643
3412 0.0930648
3413 0.0916653
3414 0.0902658
3415 0.0888664
3416 0.0874671
3417 0.0860679
3418 0.0846687
3419 0.0832696
3420 0.0818705
3421 0.0804715
3422 0.0790725
3423 0.0776737
3424 0.0762748
3425 0.0748761
3426 0.0734774
3427 0.0720788
3428 0.0706802
3429 0.0692817
3430 0.0678832
3431 0.0664849
3432 0.0650865
3433 0.0636883
3434 0.0622901
3435 0.060892
3436 0.0594939
3437 0.0580959
3438 0.0566979
3439 0.0553001
3440 0.0539022
3441 0.0525045
3442 0.0511068
3443 0.0497092
3444 0.0483116
3445 0.0469141
3446 0.0455166
3447 0.0441193
3448 0.0427219
3449 0.0413247
3450 0.0399275
3451 0.0385304
3452 0.0371333
3453 0.0357363
3454 0.0343393
3455 0.0329425
3456 0.0315456
3457 0.0301489
3458 0.0287522
3459 0.0273556
3460 0.025959
3461 0.0245625
3462 0.023166
3463 0.0217696
3464 0.0203733
3465 0.0189771
3466 0.0175809
3467 0.0161847
3468 0.0147887
3469 0.0133927
3470 0.0119967
3471 0.0106008
3472 0.00920501
3473 0.00780925
3474 0.00641356
3475 0.00501792
3476 0.00362235
3477 0.00222684
3478 0.000831397
3479 0
3480 0
3481 0
3482 0
3483 0
3484 0
3485 0
3486 0
3487 0
3488 0
3489 0
3490 0
3491 0
3492 0
3493 0
3494 0
3495 0
3496 0
3497 0
3498 0
3499 0
3500 0
3501 0
3502 0
3503 0
3504 0
3505 0
3506 0
3507 0
3508 0
3509 0
3510 0
3511 0
3512 0
3513 0
3514 0
3515 0
3516 0
3517 0
3518 0
3519 0
3520 0
3521 0
3522 0
3523 0
3524 0
3525 0
3526 0
3527 0
3528 0
3529 0
3530 0
3531 0
3532 0
3533 0
3534 0
3535 0
3536 0
3537 0
3538 0
3539 0
3540 0
3541 0
3542 0
3543 0
3544 0
3545 0
3546 0
3547 0
3548 0
3549 0
3550 0
3551 0
3552 0
3553 0
3554 0
3555 0
3556 0
3557 0
3558 0
3559 0
3560 0
3561 0
3562 0
3563 0
3564 0
3565 0
3566 0
3567 0
3568 0
3569 0
3570 0
3571 0
3572 0
3573 0
3574 0
3575 0
3576 0
3577 0
3578 0
3579 0
3580 0
3581 0
3582 0
3583 0
3584 0
3585 0
3586 0
3587 0
3588 0
3589 0
3590 0
3591 0
3592 0
3593 0
3594 0
3595 0
3596 0
3597 0
3598 0
3599 0
3600 0
3601 0
3602 0
3603 0
3604 0
3605 0
3606 0
3607 0
3608 0
3609 0
3610 0
3611 0
3612 0
3613 0
3614 0
3615 0
3616 0
3617 0
3618 0
3619 0
3620 0
3621 0
3622 0
3623 0
3624 0
3625 0
3626 0
3627 0
3628 0
3629 0
3630 0
3631 0
3632 0
3633 0
3634 0
3635 0
3636 0
3637 0
3638 0
3639 0
3640 0
3641 0
3642 0
3643 0
3644 0
3645 0
3646 0
3647 0
3648 0
3649 0
3650 0
3651 0
3652 0
3653 0
3654 0
3655 0
3656 0
3657 0
3658 0
3659 0
3660 0
3661 0
3662 0
3663 0
3664 0
3665 0
3666 0
3667 0
3668 0
3669 0
3670 0
3671 0
3672 0
3673 0
3674 0
3675 0
3676 0
3677 0
3678 0
3679 0
3680 0
3681 0
3682 0
3683 0
3684 0
3685 0
3686 0
3687 0
3688 0
3689 0
3690 0
3691 0
3692 0
3693 0
3694 0
3695 0
3696 0
3697 0
3698 0
3699 0
3700 0
3701 0
3702 0
3703 0
3704 0
3705 0
3706 0
3707 0
3708 0
3709 0
3710 0
3711 0
3712 0
3713 0
3714 0
3715 0
3716 0
3717 0
3718 0
3719 0
3720 0
3721 0
3722 0
3723 0
3724 0
3725 0
3726 0
3727 0
3728 0
3729 0
3730 0
3731 0
3732 0
3733 0
3734 0
3735 0
3736 0
3737 0
3738 0
3739 0
3740 0
3741 0
3742 0
3743 0
3744 0
3745 0
3746 0
3747 0
3748 0
3749 0
3750 0
3751 0
3752 0
3753 0
3754 0
3755 0
3756 0
3757 0
3758 0
3759 0
3760 0
3761 0
3762 0
3763 0
3764 0
3765 0
3766 0
3767 0
3768 0
3769 0
3770 0
3771 0
3772 0
3773 0
3774 0
3775 0
3776 0
3777 0
3778 0
3779 0
3780 0
3781 0
3782 0
3783 0
3784 0
3785 0
3786 0
3787 0
3788 0
3789 0
3790 0
3791 0
3792 0
3793 0
3794 0
3795 0
3796 0
3797 0
3798 0
3799 0
3800 0
3801 0
3802 0
3803 0
3804 0
3805 0
3806 0
3807 0
3808 0
3809 0
3810 0
3811 0
3812 0
3813 0
3814 0
3815 0
3816 0
3817 0
3818 0
3819 0
3820 0
3821 0
3822 0
3823 0
3824 0
3825 0
3826 0
3827 0
3828 0
3829 0
3830 0
3831 0
3832 0
3833 0
3834 0
3835 0
3836 0
3837 0
3838 0
3839 0
3840 0
3841 0
3842 0
3843 0
3844 0
3845 0
3846 0
3847 0
3848 0
3849 0
3850 0
3851 0
3852 0
3853 0
3854 0
3855 0
3856 0
3857 0
3858 0
3859 0
3860 0
3861 0
3862 0
3863 0
3864 0
3865 0
3866 0
3867 0
3868 0
3869 0
3870 0
3871 0
3872 0
3873 0
3874 0
3875 0
3876 0
3877 0
3878 0
3879 0
3880 0
3881 0
3882 0
3883 0
3884 0
3885 0
3886 0
3887 0
3888 0
3889 0
3890 0
3891 0
3892 0
3893 0
3894 0
3895 0
3896 0
3897 0
3898 0
3899 0
3900 0
3901 0
3902 0
3903 0
3904 0
3905 0
3906 0
3907 0
3908 0
3909 0
3910 0
3911 0
3912 0
3913 0
3914 0
3915 0
3916 0
3917 0
3918 0
3919 0
3920 0
3921 0
3922 0
3923 0
3924 0
3925 0
3926 0
3927 0
3928 0
3929 0
3930 0
3931 0
3932 0
3933 0
3934 0
3935 0
3936 0
3937 0
3938 0
3939 0
3940 0
3941 0
3942 0
3943 0
3944 0
3945 0
3946 0
3947 0
3948 0
3949 0
3950 0
3951 0
3952 0
3953 0
3954 0
3955 0
3956 0
3957 0
3958 0
3959 0
3960 0
3961 0
3962 0
3963 0
3964 0
3965 0
3966 0
3967 0
3968 0
3969 0
3970 0
3971 0
3972 0
3973 0
3974 0
3975 0
3976 0
3977 0
3978 0
3979 0
3980 0
3981 0
3982 0
3983 0
3984 0
3985 0
3986 0
3987 0
3988 0
3989 0
3990 0
3991 0
3992 0
3993 0
3994 0
3995 0
3996 0
3997 0
3998 0
3999 0
4000 0
4001 0
4002 0
4003 0
4004 0
4005 0
4006 0
4007 0
4008 0
4009 0
4010 0
4011 0
4012 0
4013 0
4014 0
4015 0
4016 0
4017 0
4018 0
4019 0
4020 0
4021 0
4022 0
4023 0
4024 0
4025 0
4026 0
4027 0
4028 0
4029 0
4030 0
4031 0
4032 0
4033 0
4034 0
4035 0
4036 0
4037 0
4038 0
4039 0
4040 0
4041 0
4042 0
4043 0
4044 0
4045 0
4046 0
4047 0
4048 0
4049 0
4050 0
4051 0
4052 0
4053 0
4054 0
4055 0
4056 0
4057 0
4058 0
4059 0
4060 0
4061 0
4062 0
4063 0
4064 0
4065 0
4066 0
4067 0
4068 0
4069 0
4070 0
4071 0
4072 0
4073 0
4074 0
4075 0
4076 0
4077 0
4078 0
4079 0
4080 0
4081 0
4082 0
4083 0
4084 0
4085 0
4086 0
4087 0
4088 0
4089 0
4090 0
4091 0
4092 0
4093 0
4094 0
4095 0
4096 0
4097 0
4098 0
4099 0
4100 0
4101 0
4102 0
4103 0
4104 0
4105 0
4106 0
4107 0
4108 0
4109 0
4110 0
4111 0
4112 0
4113 0
4114 0
4115 0
4116 0
4117 0
4118 0
4119 0
4120 0
4121 0
4122 0
4123 0
4124 0
4125 0
4126 0
4127 0
4128 0
4129 0
4130 0
4131 0
4132 0
4133 0
4134 0
4135 0
4136 0
4137 0
4138 0
4139 0
4140 0
4141 0
4142 0
4143 0
4144 0
4145 0
4146 0
4147 0
4148 0
4149 0
4150 0
4151 0
4152 0
4153 0
4154 0
4155 0
4156 0
4157 0
4158 0
4159 0
4160 0
4161 0
4162 0
4163 0
4164 0
4165 0
4166 0
4167 0
4168 0
4169 0
4170 0
4171 0
4172 0
4173 0
4174 0
4175 0
4176 0
4177 0
4178 0
4179 0
4180 0
4181 0
4182 0
4183 0
4184 0
4185 0
4186 0
4187 0
4188 0
4189 0
4190 0
4191 0
4192 0
4193 0
4194 0
4195 0
4196 0
4197 0
4198 0
4199 0
4200 0
4201 0
4202 0
4203 0
4204 0
4205 0
4206 0
4207 0
4208 0
4209 0
4210 0
4211 0
4212 0
4213 0
4214 0
4215 0
4216 0
4217 0
4218 0
4219 0
4220 0
4221 0
4222 0
4223 0
4224 0
4225 0
4226 0
4227 0
4228 0
4229 0
4230 0
4231 0
4232 0
4233 0
4234 0
4235 0
4236 0
4237 0
4238 0
4239 0
4240 0
4241 0
4242 0
4243 0
4244 0
4245 0
4246 0
4247 0
4248 0
4249 0
4250 0
4251 0
4252 0
4253 0
4254 0
4255 0
4256 0
4257 0
4258 0
4259 0
4260 0
4261 0
4262 0
4263 0
4264 0
4265 0
4266 0
4267 0
4268 0
4269 0
4270 0
4271 0
4272 0
4273 0
4274 0
4275 0
4276 0
4277 0
4278 0
4279 0
4280 0
4281 0
4282 0
4283 0
4284 0
4285 0
4286 0
4287 0
4288 0
4289 0
4290 0
4291 0
4292 0
4293 0
4294 0
4295 0
4296 0
4297 0
4298 0
4299 0
4300 0
4301 0
4302 0
4303 0
4304 0
4305 0
4306 0
4307 0
4308 0
4309 0
4310 0
4311 0
4312 0
4313 0
4314 0
4315 0
4316 0
4317 0
4318 0
4319 0
4320 0
4321 0
4322 0
4323 0
4324 0
4325 0
4326 0
4327 0
4328 0
4329 0
4330 0
4331 0
4332 0
4333 0
4334 0
4335 0
4336 0
4337 0
4338 0
4339 0
4340 0
4341 0
4342 0
4343 0
4344 0
4345 0
4346 0
4347 0
4348 0
4349 0
4350 0
4351 0
4352 0
4353 0
4354 0
4355 0
4356 0
4357 0
4358 0
4359 0
4360 0
4361 0
4362 0
4363 0
4364 0
4365 0
4366 0
4367 0
4368 0
4369 0
4370 0
4371 0
4372 0
4373 0
4374 0
4375 0
4376 0
4377 0
4378 0
4379 0
4380 0
4381 0
4382 0
4383 0
4384 0
4385 0
4386 0
4387 0
4388 0
4389 0
4390 0
4391 0
4392 0
4393 0
4394 0
4395 0
4396 0
4397 0
4398 0
4399 0
4400 0
4401 0
4402 0
4403 0
4404 0
4405 0
4406 0
4407 0
4408 0
4409 0
4410 0
4411 0
4412 0
4413 0
4414 0
4415 0
4416 0
4417 0
4418 0
4419 0
4420 0
4421 0
4422 0
4423 0
4424 0
4425 0
4426 0
4427 0
4428 0
4429 0
4430 0
4431 0
4432 0
4433 0
4434 0
4435 0
4436 0
4437 0
4438 0
4439 0
4440 0
4441 0
4442 0
4443 0
4444 0
4445 0
4446 0
4447 0
4448 0
4449 0
4450 0
4451 0
4452 0
4453 0
4454 0
4455 0
4456 0
4457 0
4458 0
4459 0
4460 0
4461 0
4462 0
4463 0
4464 0
4465 0
4466 0
4467 0
4468 0
4469 0
4470 0
4471 0
4472 0
4473 0
4474 0
4475 0
4476 0
4477 0
4478 0
4479 0
4480 0
4481 0
4482 0
4483 0
4484 0
4485 0
4486 0
4487 0
4488 0
4489 0
4490 0
4491 0
4492 0
4493 0
4494 0
4495 0
4496 0
4497 0
4498 0
4499 0
4500 0
4501 0
4502 0
4503 0
4504 0
4505 0
4506 0
4507 0
4508 0
4509 0
4510 0
4511 0
4512 0
4513 0
4514 0
4515 0
4516 0
4517 0
4518 0
4519 0
4520 0
4521 0
4522 0
4523 0
4524 0
4525 0
4526 0
4527 0
4528 0
4529 0
4530 0
4531 0
4532 0
4533 0
4534 0
4535 0
4536 0
4537 0
4538 0
4539 0
4540 0
4541 0
4542 0
4543 0
4544 0
4545 0
4546 0
4547 0
4548 0
4549 0
4550 0
4551 0
4552 0
4553 0
4554 0
4555 0
4556 0
4557 0
4558 0
4559 0
4560 0
4561 0
4562 0
4563 0
4564 0
4565 0
4566 0
4567 0
4568 0
4569 0
4570 0
4571 0
4572 0
4573 0
4574 0
4575 0
4576 0
4577 0
4578 0
4579 0
4580 0
4581 0
4582 0
4583 0
4584 0
4585 0
4586 0
4587 0
4588 0
4589 0
4590 0
4591 0
4592 0
4593 0
4594 0
4595 0
4596 0
4597 0
4598 0
4599 0
4600 0
4601 0
4602 0
4603 0
4604 0
4605 0
4606 0
4607 0
4608 0
4609 0
4610 0
4611 0
4612 0
4613 0
4614 0
4615 0
4616 0
4617 0
4618 0
4619 0
4620 0
4621 0
4622 0
4623 0
4624 0
4625 0
4626 0
4627 0
4628 0
4629 0
4630 0
4631 0
4632 0
4633 0
4634 0
4635 0
4636 0
4637 0
4638 0
4639 0
4640 0
4641 0
4642 0
4643 0
4644 0
4645 0
4646 0
4647 0
4648 0
4649 0
4650 0
4651 0
4652 0
4653 0
4654 0
4655 0
4656 0
4657 0
4658 0
4659 0
4660 0
4661 0
4662 0
4663 0
4664 0
4665 0
4666 0
4667 0
4668 0
4669 0
4670 0
4671 0
4672 0
4673 0
4674 0
4675 0
4676 0
4677 0
4678 0
4679 0
4680 0
4681 0
4682 0
4683 0
4684 0
4685 0
4686 0
4687 0
4688 0
4689 0
4690 0
4691 0
4692 0
4693 0
4694 0
4695 0
4696 0
4697 0
4698 0
4699 0
4700 0
4701 0
4702 0
4703 0
4704 0
4705 0
4706 0
4707 0
4708 0
4709 0
4710 0
4711 0
4712 0
4713 0
4714 0
4715 0
4716 0
4717 0
4718 0
4719 0
4720 0
4721 0
4722 0
4723 0
4724 0
4725 0
4726 0
4727 0
4728 0
4729 0
4730 0
4731 0
4732 0
4733 0
4734 0
4735 0
4736 0
4737 0
4738 0
4739 0
4740 0
4741 0
4742 0
4743 0
4744 0
4745 0
4746 0
4747 0
4748 0
4749 0
4750 0
4751 0
4752 0
4753 0
4754 0
4755 0
4756 0
4757 0
4758 0
4759 0
4760 0
4761 0
4762 0
4763 0
4764 0
4765 0
4766 0
4767 0
4768 0
4769 0
4770 0
4771 0
4772 0
4773 0
4774 0
4775 0
4776 0
4777 0
4778 0
4779 0
4780 0
4781 0
4782 0
4783 0
4784 0
4785 0
4786 0
4787 0
4788 0
4789 0
4790 0
4791 0
4792 0
4793 0
4794 0
4795 0
4796 0
4797 0
4798 0
4799 0
4800 0
4801 0
4802 0
4803 0
4804 0
4805 0
4806 0
4807 0
4808 0
4809 0
4810 0
4811 0
4812 0
4813 0
4814 0
4815 0
4816 0
4817 0
4818 0
4819 0
4820 0
4821 0
4822 0
4823 0
4824 0
4825 0
4826 0
4827 0
4828 0
4829 0
4830 0
4831 0
4832 0
4833 0
4834 0
4835 0
4836 0
4837 0
4838 0
4839 0
4840 0
4841 0
4842 0
4843 0
4844 0
4845 0
4846 0
4847 0
4848 0
4849 0
4850 0
4851 0
4852 0
4853 0
4854 0
4855 0
4856 0
4857 0
4858 0
4859 0
4860 0
4861 0
4862 0
4863 0
4864 0
4865 0
4866 0
4867 0
4868 0
4869 0
4870 0
4871 0
4872 0
4873 0
4874 0
4875 0
4876 0
4877 0
4878 0
4879 0
4880 0
4881 0
4882 0
4883 0
4884 0
4885 0
4886 0
4887 0
4888 0
4889 0
4890 0
4891 0
4892 0
4893 0
4894 0
4895 0
4896 0
4897 0
4898 0
4899 0
4900 0
4901 0
4902 0
4903 0
4904 0
4905 0
4906 0
4907 0
4908 0
4909 0
4910 0
4911 0
4912 0
4913 0
4914 0
4915 0
4916 0
4917 0
4918 0
4919 0
4920 0
4921 0
4922 0
4923 0
4924 0
4925 0
4926 0
4927 0
4928 0
4929 0
4930 0
4931 0
4932 0
4933 0
4934 0
4935 0
4936 0
4937 0
4938 0
4939 0
4940 0
4941 0
4942 0
4943 0
4944 0
4945 0
4946 0
4947 0
4948 0
4949 0
4950 0
4951 0
4952 0
4953 0
4954 0
4955 0
4956 0
4957 0
4958 0
4959 0
4960 0
4961 0
4962 0
4963 0
4964 0
4965 0
4966 0
4967 0
4968 0
4969 0
4970 0
4971 0
4972 0
4973 0
4974 0
4975 0
4976 0
4977 0
4978 0
4979 0
4980 0
4981 0
4982 0
4983 0
4984 0
4985 0
4986 0
4987 0
4988 0
4989 0
4990 0
4991 0
4992 0
4993 0
4994 0
4995 0
4996 0
4997 0
4998 0
4999 0
5000 0
5001 0
5002 0
5003 0
5004 0
5005 0
5006 0
5007 0
5008 0
5009 0
5010 0
5011 0
5012 0
5013 0
5014 0
5015 0
5016 0
5017 0
5018 0
5019 0
5020 0
5021 0
5022 0
5023 0
5024 0
5025 0
5026 0
5027 0
5028 0
5029 0
5030 0
5031 0
5032 0
5033 0
5034 0
5035 0
5036 0
5037 0
5038 0
5039 0
5040 0
5041 0
5042 0
5043 0
5044 0
5045 0
5046 0
5047 0
5048 0
5049 0
5050 0
5051 0
5052 0
5053 0
5054 0
5055 0
5056 0
5057 0
5058 0
5059 0
5060 0
5061 0
5062 0
5063 0
5064 0
5065 0
5066 0
5067 0
5068 0
5069 0
5070 0
5071 0
5072 0
5073 0
5074 0
5075 0
5076 0
5077 0
5078 0
5079 0
5080 0
5081 0
5082 0
5083 0
5084 0
5085 0
5086 0
5087 0
5088 0
5089 0
5090 0
5091 0
5092 0
5093 0
5094 0
5095 0
5096 0
5097 0
5098 0
5099 0
5100 0
5101 0
5102 0
5103 0
5104 0
5105 0
5106 0
5107 0
5108 0
5109 0
5110 0
5111 0
5112 0
5113 0
5114 0
5115 0
5116 0
5117 0
5118 0
5119 0
5120 0
5121 0
5122 0
5123 0
5124 0
5125 0
5126 0
5127 0
5128 0
5129 0
5130 0
5131 0
5132 0
5133 0
5134 0
5135 0
5136 0
5137 0
5138 0
5139 0
5140 0
5141 0
5142 0
5143 0
5144 0
5145 0
5146 0
5147 0
5148 0
5149 0
5150 0
5151 0
5152 0
5153 0
5154 0
5155 0
5156 0
5157 0
5158 0
5159 0
5160 0
5161 0
5162 0
5163 0
5164 0
5165 0
5166 0
5167 0
5168 0
5169 0
5170 0
5171 0
5172 0
5173 0
5174 0
5175 0
5176 0
5177 0
5178 0
5179 0
5180 0
5181 0
5182 0
5183 0
5184 0
5185 0
5186 0
5187 0
5188 0
5189 0
5190 0
5191 0
5192 0
5193 0
5194 0
5195 0
5196 0
5197 0
5198 0
5199 0
5200 0
5201 0
5202 0
5203 0
5204 0
5205 0
5206 0
5207 0
5208 0
5209 0
5210 0
5211 0
5212 0
5213 0
5214 0
5215 0
5216 0
5217 0
5218 0
5219 0
5220 0
5221 0
5222 0
5223 0
5224 0
5225 0
5226 0
5227 0
5228 0
5229 0
5230 0
5231 0
5232 0
5233 0
5234 0
5235 0
5236 0
5237 0
5238 0
5239 0
5240 0
5241 0
5242 0
5243 0
5244 0
5245 0
5246 0
5247 0
5248 0
5249 0
5250 0
5251 0
5252 0
5253 0
5254 0
5255 0
5256 0
5257 0
5258 0
5259 0
5260 0
5261 0
5262 0
5263 0
5264 0
5265 0
5266 0
5267 0
5268 0
5269 0
5270 0
5271 0
5272 0
5273 0
5274 0
5275 0
5276 0
5277 0
5278 0
5279 0
5280 0
5281 0
5282 0
5283 0
5284 0
5285 0
5286 0
5287 0
5288 0
5289 0
5290 0
5291 0
5292 0
5293 0
5294 0
5295 0
5296 0
5297 0
5298 0
5299 0
5300 0
5301 0
5302 0
5303 0
5304 0
5305 0
5306 0
5307 0
5308 0
5309 0
5310 0
5311 0
5312 0
5313 0
5314 0
5315 0
5316 0
5317 0
5318 0
5319 0
5320 0
5321 0
5322 0
5323 0
5324 0
5325 0
5326 0
5327 0
5328 0
5329 0
5330 0
5331 0
5332 0
5333 0
5334 0
5335 0
5336 0
5337 0
5338 0
5339 0
5340 0
5341 0
5342 0
5343 0
5344 0
5345 0
5346 0
5347 0
5348 0
5349 0
5350 0
5351 0
5352 0
5353 0
5354 0
5355 0
5356 0
5357 0
5358 0
5359 0
5360 0
5361 0
5362 0
5363 0
5364 0
5365 0
5366 0
5367 0
5368 0
5369 0
5370 0
5371 0
5372 0
5373 0
5374 0
5375 0
5376 0
5377 0
5378 0
5379 0
5380 0
5381 0
5382 0
5383 0
5384 0
5385 0
5386 0
5387 0
5388 0
5389 0
5390 0
5391 0
5392 0
5393 0
5394 0
5395 0
5396 0
5397 0
5398 0
5399 0
5400 0
5401 0
5402 0
5403 0
5404 0
5405 0
5406 0
5407 0
5408 0
5409 0
5410 0
5411 0
5412 0
5413 0
5414 0
5415 0
5416 0
5417 0
5418 0
5419 0
5420 0
5421 0
5422 0
5423 0
5424 0
5425 0
5426 0
5427 0
5428 0
5429 0
5430 0
5431 0
5432 0
5433 0
5434 0
5435 0
5436 0
5437 0
5438 0
5439 0
5440 0
5441 0
5442 0
5443 0
5444 0
5445 0
5446 0
5447 0
5448 0
5449 0
5450 0
5451 0
5452 0
5453 0
5454 0
5455 0
5456 0
5457 0
5458 0
5459 0
5460 0
5461 0
5462 0
5463 0
5464 0
5465 0
5466 0
5467 0
5468 0
5469 0
5470 0
5471 0
5472 0
5473 0
5474 0
5475 0
5476 0
5477 0
5478 0
5479 0
5480 0
5481 0
5482 0
5483 0
5484 0
5485 0
5486 0
5487 0
5488 0
5489 0
5490 0
5491 0
5492 0
5493 0
5494 0
5495 0
5496 0
5497 0
5498 0
5499 0
5500 0
5501 0
5502 0
5503 0
5504 0
5505 0
5506 0
5507 0
5508 0
5509 0
5510 0
5511 0
5512 0
5513 0
5514 0
5515 0
5516 0
5517 0
5518 0
5519 0
5520 0
5521 0
5522 0
5523 0
5524 0
5525 0
5526 0
5527 0
5528 0
5529 0
5530 0
5531 0
5532 0
5533 0
5534 0
5535 0
5536 0
5537 0
5538 0
5539 0
5540 0
5541 0
5542 0
5543 0
5544 0
5545 0
5546 0
5547 0
5548 0
5549 0
5550 0
5551 0
5552 0
5553 0
5554 0
5555 0
5556 0
5557 0
5558 0
5559 0
5560 0
5561 0
5562 0
5563 0
5564 0
5565 0
5566 0
5567 0
5568 0
5569 0
5570 0
5571 0
5572 0
5573 0
5574 0
5575 0
5576 0
5577 0
5578 0
5579 0
5580 0
5581 0
5582 0
5583 0
5584 0
5585 0
5586 0
5587 0
5588 0
5589 0
5590 0
5591 0
5592 0
5593 0
5594 0
5595 0
5596 0
5597 0
5598 0
5599 0
5600 0
5601 0
5602 0
5603 0
5604 0
5605 0
5606 0
5607 0
5608 0
5609 0
5610 0
5611 0
5612 0
5613 0
5614 0
5615 0
5616 0
5617 0
5618 0
5619 0
5620 0
5621 0
5622 0
5623 0
5624 0
5625 0
5626 0
5627 0
5628 0
5629 0
5630 0
5631 0
5632 0
5633 0
5634 0
5635 0
5636 0
5637 0
5638 0
5639 0
5640 0
5641 0
5642 0
5643 0
5644 0
5645 0
5646 0
5647 0
5648 0
5649 0
5650 0
5651 0
5652 0
5653 0
5654 0
5655 0
5656 0
5657 0
5658 0
5659 0
5660 0
5661 0
5662 0
5663 0
5664 0
5665 0
5666 0
5667 0
5668 0
5669 0
5670 0
5671 0
5672 0
5673 0
5674 0
5675 0
5676 0
5677 0
5678 0
5679 0
5680 0
5681 0
5682 0
5683 0
5684 0
5685 0
5686 0
5687 0
5688 0
5689 0
5690 0
5691 0
5692 0
5693 0
5694 0
5695 0
5696 0
5697 0
5698 0
5699 0
5700 0
5701 0
5702 0
5703 0
5704 0
5705 0
5706 0
5707 0
5708 0
5709 0
5710 0
5711 0
5712 0
5713 0
5714 0
5715 0
5716 0
5717 0
5718 0
5719 0
5720 0
5721 0
5722 0
5723 0
5724 0
5725 0
5726 0
5727 0
5728 0
5729 0
5730 0
5731 0
5732 0
5733 0
5734 0
5735 0
5736 0
5737 0
5738 0
5739 0
5740 0
5741 0
5742 0
5743 0
5744 0
5745 0
5746 0
5747 0
5748 0
5749 0
5750 0
5751 0
5752 0
5753 0
5754 0
5755 0
5756 0
5757 0
5758 0
5759 0
5760 0
5761 0
5762 0
5763 0
5764 0
5765 0
5766 0
5767 0
5768 0
5769 0
5770 0
5771 0
5772 0
5773 0
5774 0
5775 0
5776 0
5777 0
5778 0
5779 0
5780 0
5781 0
5782 0
5783 0
5784 0
5785 0
5786 0
5787 0
5788 0
5789 0
5790 0
5791 0
5792 0
5793 0
5794 0
5795 0
5796 0
5797 0
5798 0
5799 0
5800 0
5801 0
5802 0
5803 0
5804 0
5805 0
5806 0
5807 0
5808 0
5809 0
5810 0
5811 0
5812 0
5813 0
5814 0
5815 0
5816 0
5817 0
5818 0
5819 0
5820 0
5821 0
5822 0
5823 0
5824 0
5825 0
5826 0
5827 0
5828 0
5829 0
5830 0
5831 0
5832 0
5833 0
5834 0
5835 0
5836 0
5837 0
5838 0
5839 0
5840 0
5841 0
5842 0
5843 0
5844 0
5845 0
5846 0
5847 0
5848 0
5849 0
5850 0
5851 0
5852 0
5853 0
5854 0
5855 0
5856 0
5857 0
5858 0
5859 0
5860 0
5861 0
5862 0
5863 0
5864 0
5865 0
5866 0
5867 0
5868 0
5869 0
5870 0
5871 0
5872 0
5873 0
5874 0
5875 0
5876 0
5877 0
5878 0
5879 0
5880 0
5881 0
5882 0
5883 0
5884 0
5885 0
5886 0
5887 0
5888 0
5889 0
5890 0
5891 0
5892 0
5893 0
5894 0
5895 0
5896 0
5897 0
5898 0
5899 0
5900 0
5901 0
5902 0
5903 0
5904 0
5905 0
5906 0
5907 0
5908 0
5909 0
5910 0
5911 0
5912 0
5913 0
5914 0
5915 0
5916 0
5917 0
5918 0
5919 0
5920 0
5921 0
5922 0
5923 0
5924 0
5925 0
5926 0
5927 0
5928 0
5929 0
5930 0
5931 0
5932 0
5933 0
5934 0
5935 0
5936 0
5937 0
5938 0
5939 0
5940 0
5941 0
5942 0
5943 0
5944 0
5945 0
5946 0
5947 0
5948 0
5949 0
5950 0
5951 0
5952 0
5953 0
5954 0
5955 0
5956 0
5957 0
5958 0
5959 0
5960 0
5961 0
5962 0
5963 0
5964 0
5965 0
5966 0
5967 0
5968 0
5969 0
5970 0
5971 0
5972 0
5973 0
5974 0
5975 0
5976 0
5977 0
5978 0
5979 0
5980 0
5981 0
5982 0
5983 0
5984 0
5985 0
5986 0
5987 0
5988 0
5989 0
5990 0
5991 0
5992 0
5993 0
5994 0
5995 0
5996 0
5997 0
5998 0
5999 0
6000 0
6001 0
6002 0
6003 0
6004 0
6005 0
6006 0
6007 0
6008 0
6009 0
6010 0
6011 0
6012 0
6013 0
6014 0
6015 0
6016 0
6017 0
6018 0
6019 0
6020 0
6021 0
6022 0
6023 0
6024 0
6025 0
6026 0
6027 0
6028 0
6029 0
6030 0
6031 0
6032 0
6033 0
6034 0
6035 0
6036 0
6037 0
6038 0
6039 0
6040 0
6041 0
6042 0
6043 0
6044 0
6045 0
6046 0
6047 0
6048 0
6049 0
6050 0
6051 0
6052 0
6053 0
6054 0
6055 0
6056 0
6057 0
6058 0
6059 0
6060 0
6061 0
6062 0
6063 0
6064 0
6065 0
6066 0
6067 0
6068 0
6069 0
6070 0
6071 0
6072 0
6073 0
6074 0
6075 0
6076 0
6077 0
6078 0
6079 0
6080 0
6081 0
6082 0
6083 0
6084 0
6085 0
6086 0
6087 0
6088 0
6089 0
6090 0
6091 0
6092 0
6093 0
6094 0
6095 0
6096 0
6097 0
6098 0
6099 0
6100 0
6101 0
6102 0
6103 0
6104 0
6105 0
6106 0
6107 0
6108 0
6109 0
6110 0
6111 0
6112 0
6113 0
6114 0
6115 0
6116 0
6117 0
6118 0
6119 0
6120 0
6121 0
6122 0
6123 0
6124 0
6125 0
6126 0
6127 0
6128 0
6129 0
6130 0
6131 0
6132 0
6133 0
6134 0
6135 0
6136 0
6137 0
6138 0
6139 0
6140 0
6141 0
6142 0
6143 0
6144 0
6145 0
6146 0
6147 0
6148 0
6149 0
6150 0
6151 0
6152 0
6153 0
6154 0
6155 0
6156 0
6157 0
6158 0
6159 0
6160 0
6161 0
6162 0
6163 0
6164 0
6165 0
6166 0
6167 0
6168 0
6169 0
6170 0
6171 0
6172 0
6173 0
6174 0
6175 0
6176 0
6177 0
6178 0
6179 0
6180 0
6181 0
6182 0
6183 0
6184 0
6185 0
6186 0
6187 0
6188 0
6189 0
6190 0
6191 0
6192 0
6193 0
6194 0
6195 0
6196 0
6197 0
6198 0
6199 0
6200 0
6201 0
6202 0
6203 0
6204 0
6205 0
6206 0
6207 0
6208 0
6209 0
6210 0
6211 0
6212 0
6213 0
6214 0
6215 0
6216 0
6217 0
6218 0
6219 0
6220 0
6221 0
6222 0
6223 0
6224 0
6225 0
6226 0
6227 0
6228 0
6229 0
6230 0
6231 0
6232 0
6233 0
6234 0
6235 0
6236 0
6237 0
6238 0
6239 0
6240 0
6241 0
6242 0
6243 0
6244 0
6245 0
6246 0
6247 0
6248 0
6249 0
6250 0
6251 0
6252 0
6253 0
6254 0
6255 0
6256 0
6257 0
6258 0
6259 0
6260 0
6261 0
6262 0
6263 0
6264 0
6265 0
6266 0
6267 0
6268 0
6269 0
6270 0
6271 0
6272 0
6273 0
6274 0
6275 0
6276 0
6277 0
6278 0
6279 0
6280 0
6281 0
6282 0
6283 0
6284 0
6285 0
6286 0
6287 0
6288 0
6289 0
6290 0
6291 0
6292 0
6293 0
6294 0
6295 0
6296 0
6297 0
6298 0
6299 0
6300 0
6301 0
6302 0
6303 0
6304 0
6305 0
6306 0
6307 0
6308 0
6309 0
6310 0
6311 0
6312 0
6313 0
6314 0
6315 0
6316 0
6317 0
6318 0
6319 0
6320 0
6321 0
6322 0
6323 0
6324 0
6325 0
6326 0
6327 0
6328 0
6329 0
6330 0
6331 0
6332 0
6333 0
6334 0
6335 0
6336 0
6337 0
6338 0
6339 0
6340 0
6341 0
6342 0
6343 0
6344 0
6345 0
6346 0
6347 0
6348 0
6349 0
6350 0
6351 0
6352 0
6353 0
6354 0
6355 0
6356 0
6357 0
6358 0
6359 0
6360 0
6361 0
6362 0
6363 0
6364 0
6365 0
6366 0
6367 0
6368 0
6369 0
6370 0
6371 0
6372 0
6373 0
6374 0
6375 0
6376 0
6377 0
6378 0
6379 0
6380 0
6381 0
6382 0
6383 0
6384 0
6385 0
6386 0
6387 0
6388 0
6389 0
6390 0
6391 0
6392 0
6393 0
6394 0
6395 0
6396 0
6397 0
6398 0
6399 0
6400 0
6401 0
6402 0
6403 0
6404 0
6405 0
6406 0
6407 0
6408 0
6409 0
6410 0
6411 0
6412 0
6413 0
6414 0
6415 0
6416 0
6417 0
6418 0
6419 0
6420 0
6421 0
6422 0
6423 0
6424 0
6425 0
6426 0
6427 0
6428 0
6429 0
6430 0
6431 0
6432 0
6433 0
6434 0
6435 0
6436 0
6437 0
6438 0
6439 0
6440 0
6441 0
6442 0
6443 0
6444 0
6445 0
6446 0
6447 0
6448 0
6449 0
6450 0
6451 0
6452 0
6453 0
6454 0
6455 0
6456 0
6457 0
6458 0
6459 0
6460 0
6461 0
6462 0
6463 0
6464 0
6465 0
6466 0
6467 0
6468 0
6469 0
6470 0
6471 0
6472 0
6473 0
6474 0
6475 0
6476 0
6477 0
6478 0
6479 0
6480 0
6481 0
6482 0
6483 0
6484 0
6485 0
6486 0
6487 0
6488 0
6489 0
6490 0
6491 0
6492 0
6493 0
6494 0
6495 0
6496 0
6497 0
6498 0
6499 0
6500 0
6501 0
6502 0
6503 0
6504 0
6505 0
6506 0
6507 0
6508 0
6509 0
6510 0
6511 0
6512 0
6513 0
6514 0
6515 0
6516 0
6517 0
6518 0
6519 0
6520 0
6521 0
6522 0
6523 0
6524 0
6525 0
6526 0
6527 0
6528 0
6529 0
6530 0
6531 0
6532 0
6533 0
6534 0
6535 0
6536 0
6537 0
6538 0
6539 0
6540 0
6541 0
6542 0
6543 0
6544 0
6545 0
6546 0
6547 0
6548 0
6549 0
6550 0
6551 0
6552 0
6553 0
6554 0
6555 0
6556 0
6557 0
6558 0
6559 0
6560 0
6561 0
6562 0
6563 0
6564 0
6565 0
6566 0
6567 0
6568 0
6569 0
6570 0
6571 0
6572 0
6573 0
6574 0
6575 0
6576 0
6577 0
6578 0
6579 0
6580 0
6581 0
6582 0
6583 0
6584 0
6585 0
6586 0
6587 0
6588 0
6589 0
6590 0
6591 0
6592 0
6593 0
6594 0
6595 0
6596 0
6597 0
6598 0
6599 0
6600 0
6601 0
6602 0
6603 0
6604 0
6605 0
6606 0
6607 0
6608 0
6609 0
6610 0
6611 0
6612 0
6613 0
6614 0
6615 0
6616 0
6617 0
6618 0
6619 0
6620 0
6621 0
6622 0
6623 0
6624 0
6625 0
6626 0
6627 0
6628 0
6629 0
6630 0
6631 0
6632 0
6633 0
6634 0
6635 0
6636 0
6637 0
6638 0
6639 0
6640 0
6641 0
6642 0
6643 0
6644 0
6645 0
6646 0
6647 0
6648 0
6649 0
6650 0
6651 0
6652 0
6653 0
6654 0
6655 0
6656 0
6657 0
6658 0
6659 0
6660 0
6661 0
6662 0
6663 0
6664 0
6665 0
6666 0
6667 0
6668 0
6669 0
6670 0
6671 0
6672 0
6673 0
6674 0
6675 0
6676 0
6677 0
6678 0
6679 0
6680 0
6681 0
6682 0
6683 0
6684 0
6685 0
6686 0
6687 0
6688 0
6689 0
6690 0
6691 0
6692 0
6693 0
6694 0
6695 0
6696 0
6697 0
6698 0
6699 0
6700 0
6701 0
6702 0
6703 0
6704 0
6705 0
6706 0
6707 0
6708 0
6709 0
6710 0
6711 0
6712 0
6713 0
6714 0
6715 0
6716 0
6717 0
6718 0
6719 0
6720 0
6721 0
6722 0
6723 0
6724 0
6725 0
6726 0
6727 0
6728 0
6729 0
6730 0
6731 0
6732 0
6733 0
6734 0
6735 0
6736 0
6737 0
6738 0
6739 0
6740 0
6741 0
6742 0
6743 0
6744 0
6745 0
6746 0
6747 0
6748 0
6749 0
6750 0
6751 0
6752 0
6753 0
6754 0
6755 0
6756 0
6757 0
6758 0
6759 0
6760 0
6761 0
6762 0
6763 0
6764 0
6765 0
6766 0
6767 0
6768 0
6769 0
6770 0
6771 0
6772 0
6773 0
6774 0
6775 0
6776 0
6777 0
6778 0
6779 0
6780 0
6781 0
6782 0
6783 0
6784 0
6785 0
6786 0
6787 0
6788 0
6789 0
6790 0
6791 0
6792 0
6793 0
6794 0
6795 0
6796 0
6797 0
6798 0
6799 0
6800 0
6801 0
6802 0
6803 0
6804 0
6805 0
6806 0
6807 0
6808 0
6809 0
6810 0
6811 0
6812 0
6813 0
6814 0
6815 0
6816 0
6817 0
6818 0
6819 0
6820 0
6821 0
6822 0
6823 0
6824 0
6825 0
6826 0
6827 0
6828 0
6829 0
6830 0
6831 0
6832 0
6833 0
6834 0
6835 0
6836 0
6837 0
6838 0
6839 0
6840 0
6841 0
6842 0
6843 0
6844 0
6845 0
6846 0
6847 0
6848 0
6849 0
6850 0
6851 0
6852 0
6853 0
6854 0
6855 0
6856 0
6857 0
6858 0
6859 0
6860 0
6861 0
6862 0
6863 0
6864 0
6865 0
6866 0
6867 0
6868 0
6869 0
6870 0
6871 0
6872 0
6873 0
6874 0
6875 0
6876 0
6877 0
6878 0
6879 0
6880 0
6881 0
6882 0
6883 0
6884 0
6885 0
6886 0
6887 0
6888 0
6889 0
6890 0
6891 0
6892 0
6893 0
6894 0
6895 0
6896 0
6897 0
6898 0
6899 0
6900 0
6901 0
6902 0
6903 0
6904 0
6905 0
6906 0
6907 0
6908 0
6909 0
6910 0
6911 0
6912 0
6913 0
6914 0
6915 0
6916 0
6917 0
6918 0
6919 0
6920 0
6921 0
6922 0
6923 0
6924 0
6925 0
6926 0
6927 0
6928 0
6929 0
6930 0
6931 0
6932 0
6933 0
6934 0
6935 0
6936 0
6937 0
6938 0
6939 0
6940 0
6941 0
6942 0
6943 0
6944 0
6945 0
6946 0
6947 0
6948 0
6949 0
6950 0
6951 0
6952 0
6953 0
6954 0
6955 0
6956 0
6957 0
6958 0
6959 0
6960 0
6961 0
6962 0
6963 0
6964 0
6965 0
6966 0
6967 0
6968 0
6969 0
6970 0
6971 0
6972 0
6973 0
6974 0
6975 0
6976 0
6977 0
6978 0
6979 0
6980 0
6981 0
6982 0
6983 0
6984 0
6985 0
6986 0
6987 0
6988 0
6989 0
6990 0
6991 0
6992 0
6993 0
6994 0
6995 0
6996 0
6997 0
6998 0
6999 0
7000 0
7001 0
7002 0
7003 0
7004 0
7005 0
7006 0
7007 0
7008 0
7009 0
7010 0
7011 0
7012 0
7013 0
7014 0
7015 0
7016 0
7017 0
7018 0
7019 0
7020 0
7021 0
7022 0
7023 0
7024 0
7025 0
7026 0
7027 0
7028 0
7029 0
7030 0
7031 0
7032 0
7033 0
7034 0
7035 0
7036 0
7037 0
7038 0
7039 0
7040 0
7041 0
7042 0
7043 0
7044 0
7045 0
7046 0
7047 0
7048 0
7049 0
7050 0
7051 0
7052 0
7053 0
7054 0
7055 0
7056 0
