0 3.20884
1 3.20905
2 3.20927
3 3.20947
4 3.20967
5 3.20989
6 3.21008
7 3.21028
8 3.21049
9 3.21069
10 3.21087
11 3.21107
12 3.21127
13 3.21146
14 3.21163
15 3.21181
16 3.21199
17 3.21218
18 3.21235
19 3.21252
20 3.21269
21 3.21286
22 3.21303
23 3.2132
24 3.21336
25 3.21352
26 3.21369
27 3.21384
28 3.214
29 3.21415
30 3.21431
31 3.21447
32 3.21461
33 3.21476
34 3.21491
35 3.21506
36 3.2152
37 3.21534
38 3.21549
39 3.21563
40 3.21576
41 3.21591
42 3.21604
43 3.21618
44 3.21632
45 3.21646
46 3.21659
47 3.21673
48 3.21686
49 3.217
50 3.21714
51 3.21727
52 3.2174
53 3.21752
54 3.21766
55 3.2178
56 3.21794
57 3.21806
58 3.21819
59 3.21833
60 3.21847
61 3.21861
62 3.21875
63 3.21888
64 3.21903
65 3.21917
66 3.21934
67 3.21947
68 3.21962
69 3.21978
70 3.21994
71 3.2201
72 3.22026
73 3.22044
74 3.2206
75 3.22078
76 3.22095
77 3.22116
78 3.22133
79 3.22153
80 3.22175
81 3.22197
82 3.22218
83 3.2224
84 3.22262
85 3.22289
86 3.22312
87 3.22338
88 3.22365
89 3.22394
90 3.22424
91 3.22454
92 3.22485
93 3.22518
94 3.22552
95 3.22589
96 3.22625
97 3.22666
98 3.22705
99 3.22747
100 3.22792
101 3.22838
102 3.22887
103 3.22937
104 3.22989
105 3.23045
106 3.23103
107 3.23163
108 3.23226
109 3.23291
110 3.23359
111 3.23431
112 3.23505
113 3.23584
114 3.23665
115 3.2375
116 3.23839
117 3.2393
118 3.24029
119 3.24128
120 3.24234
121 3.24345
122 3.24458
123 3.24577
124 3.24702
125 3.24833
126 3.24969
127 3.25108
128 3.25255
129 3.25407
130 3.25569
131 3.25733
132 3.25907
133 3.26086
134 3.26273
135 3.26467
136 3.26668
137 3.26878
138 3.27095
139 3.27322
140 3.27556
141 3.27801
142 3.28055
143 3.28317
144 3.28589
145 3.28871
146 3.29165
147 3.29467
148 3.29784
149 3.3011
150 3.30445
151 3.30795
152 3.31157
153 3.31532
154 3.31917
155 3.32317
156 3.3273
157 3.33158
158 3.33598
159 3.34054
160 3.34524
161 3.35009
162 3.3551
163 3.36026
164 3.36559
165 3.37107
166 3.37673
167 3.38255
168 3.38855
169 3.39472
170 3.40109
171 3.40762
172 3.41436
173 3.42129
174 3.42839
175 3.4357
176 3.44321
177 3.45093
178 3.45886
179 3.46699
180 3.47533
181 3.4839
182 3.49268
183 3.50168
184 3.51091
185 3.52036
186 3.53006
187 3.53998
188 3.55013
189 3.56052
190 3.57117
191 3.58205
192 3.59319
193 3.60456
194 3.6162
195 3.62807
196 3.64022
197 3.65262
198 3.6653
199 3.67821
200 3.6914
201 3.70487
202 3.7186
203 3.73256
204 3.74683
205 3.76138
206 3.7762
207 3.79128
208 3.80665
209 3.82228
210 3.83821
211 3.85442
212 3.87089
213 3.88768
214 3.90473
215 3.92208
216 3.93968
217 3.9576
218 3.97577
219 3.99425
220 4.01303
221 4.03208
222 4.05141
223 4.07105
224 4.09096
225 4.11116
226 4.13168
227 4.15247
228 4.17356
229 4.19493
230 4.21659
231 4.23854
232 4.26077
233 4.28331
234 4.30615
235 4.32927
236 4.35266
237 4.37638
238 4.40038
239 4.4247
240 4.44927
241 4.47416
242 4.49936
243 4.52485
244 4.55062
245 4.57672
246 4.60313
247 4.62983
248 4.65684
249 4.68413
250 4.71177
251 4.73969
252 4.76795
253 4.79651
254 4.82542
255 4.85464
256 4.88419
257 4.91408
258 4.94429
259 4.97486
260 5.00576
261 5.03701
262 5.06861
263 5.10061
264 5.1329
265 5.16564
266 5.19874
267 5.23221
268 5.26606
269 5.30036
270 5.33499
271 5.37011
272 5.40561
273 5.44157
274 5.47795
275 5.5148
276 5.5521
277 5.58988
278 5.62813
279 5.66687
280 5.7061
281 5.74589
282 5.78619
283 5.82702
284 5.86841
285 5.91036
286 5.95288
287 5.99601
288 6.03978
289 6.0841
290 6.12909
291 6.17473
292 6.22101
293 6.26804
294 6.3157
295 6.36411
296 6.41321
297 6.46311
298 6.51375
299 6.56517
300 6.61738
301 6.67046
302 6.7243
303 6.77903
304 6.83465
305 6.89109
306 6.94856
307 7.00684
308 7.06612
309 7.12634
310 7.18757
311 7.2496
312 7.31282
313 7.37712
314 7.44241
315 7.50888
316 7.5764
317 7.64503
318 7.71483
319 7.78568
320 7.85778
321 7.93108
322 8.00557
323 8.08129
324 8.15827
325 8.23655
326 8.31604
327 8.39685
328 8.47896
329 8.56247
330 8.64728
331 8.73341
332 8.821
333 8.90991
334 9.00026
335 9.09196
336 9.18521
337 9.27989
338 9.37593
339 9.47354
340 9.57252
341 9.67309
342 9.7748
343 9.87836
344 9.98341
345 10.0899
346 10.1981
347 10.3077
348 10.4189
349 10.5316
350 10.6459
351 10.7617
352 10.8791
353 10.9978
354 11.1184
355 11.2403
356 11.3639
357 11.4889
358 11.6154
359 11.7434
360 11.8731
361 12.0041
362 12.1368
363 12.2707
364 12.4062
365 12.5433
366 12.6816
367 12.8214
368 12.9627
369 13.1052
370 13.2491
371 13.3943
372 13.5409
373 13.6883
374 13.8374
375 13.9877
376 14.1393
377 14.292
378 14.4457
379 14.6007
380 14.7567
381 14.9137
382 15.0716
383 15.2307
384 15.3906
385 15.5512
386 15.7128
387 15.8751
388 16.0382
389 16.202
390 16.3665
391 16.5314
392 16.697
393 16.863
394 17.0296
395 17.1964
396 17.3634
397 17.5311
398 17.6988
399 17.8665
400 18.0344
401 18.2023
402 18.3703
403 18.5382
404 18.706
405 18.873
406 19.0403
407 19.2071
408 19.3736
409 19.5398
410 19.7053
411 19.8703
412 20.0346
413 20.1981
414 20.3609
415 20.5227
416 20.6837
417 20.8438
418 21.0027
419 21.1605
420 21.3171
421 21.4726
422 21.6265
423 21.7793
424 21.9304
425 22.0803
426 22.2283
427 22.3749
428 22.5195
429 22.6625
430 22.8037
431 22.943
432 23.0802
433 23.2156
434 23.3489
435 23.4799
436 23.6089
437 23.7352
438 23.8595
439 23.9815
440 24.1013
441 24.2185
442 24.3332
443 24.4454
444 24.5551
445 24.662
446 24.7663
447 24.8679
448 24.9667
449 25.0628
450 25.1561
451 25.2465
452 25.3339
453 25.4185
454 25.5001
455 25.5788
456 25.6545
457 25.727
458 25.7967
459 25.8632
460 25.9267
461 25.9871
462 26.0443
463 26.0985
464 26.1495
465 26.1973
466 26.242
467 26.2836
468 26.3221
469 26.3572
470 26.3894
471 26.4184
472 26.4443
473 26.4671
474 26.4868
475 26.5034
476 26.5169
477 26.5273
478 26.5347
479 26.5391
480 26.5404
481 26.5388
482 26.5341
483 26.5266
484 26.5161
485 26.5028
486 26.4867
487 26.4677
488 26.4459
489 26.4215
490 26.3942
491 26.3643
492 26.3319
493 26.2968
494 26.2592
495 26.2191
496 26.1765
497 26.1316
498 26.0843
499 26.0345
500 25.9827
501 25.9285
502 25.8724
503 25.814
504 25.7536
505 25.6911
506 25.6267
507 25.5604
508 25.4922
509 25.4223
510 25.3507
511 25.2774
512 25.2023
513 25.1258
514 25.0478
515 24.9683
516 24.8873
517 24.8052
518 24.7217
519 24.6369
520 24.551
521 24.464
522 24.3761
523 24.2871
524 24.197
525 24.1062
526 24.0145
527 23.9221
528 23.8288
529 23.735
530 23.6406
531 23.5457
532 23.4501
533 23.3542
534 23.2579
535 23.1615
536 23.0646
537 22.9674
538 22.87
539 22.7726
540 22.6748
541 22.5772
542 22.4796
543 22.3819
544 22.2844
545 22.1871
546 22.0898
547 21.9928
548 21.8961
549 21.7996
550 21.7036
551 21.6079
552 21.5126
553 21.4177
554 21.3234
555 21.2295
556 21.1363
557 21.0436
558 20.9515
559 20.8602
560 20.7694
561 20.6794
562 20.5901
563 20.5016
564 20.4139
565 20.327
566 20.241
567 20.1558
568 20.0715
569 19.9884
570 19.9059
571 19.8243
572 19.7438
573 19.6641
574 19.5855
575 19.5079
576 19.4314
577 19.3558
578 19.2814
579 19.2081
580 19.1357
581 19.0644
582 18.9943
583 18.9252
584 18.8572
585 18.7904
586 18.7247
587 18.66
588 18.5966
589 18.5342
590 18.4729
591 18.4128
592 18.3539
593 18.2961
594 18.2393
595 18.1838
596 18.1293
597 18.0761
598 18.0239
599 17.9728
600 17.9228
601 17.874
602 17.8263
603 17.7796
604 17.734
605 17.6896
606 17.6462
607 17.6038
608 17.5625
609 17.5222
610 17.483
611 17.4448
612 17.4076
613 17.3713
614 17.3362
615 17.3019
616 17.2686
617 17.2362
618 17.2048
619 17.1743
620 17.1447
621 17.1159
622 17.0881
623 17.0611
624 17.0349
625 17.0095
626 16.985
627 16.9613
628 16.9383
629 16.9161
630 16.8945
631 16.8737
632 16.8536
633 16.8341
634 16.8153
635 16.7971
636 16.7796
637 16.7627
638 16.7462
639 16.7305
640 16.7152
641 16.7004
642 16.6862
643 16.6723
644 16.6589
645 16.646
646 16.6334
647 16.6214
648 16.6096
649 16.5981
650 16.5869
651 16.5761
652 16.5657
653 16.5554
654 16.5453
655 16.5355
656 16.5258
657 16.5165
658 16.5071
659 16.498
660 16.4889
661 16.48
662 16.4711
663 16.4622
664 16.4534
665 16.4445
666 16.4357
667 16.4268
668 16.4179
669 16.4089
670 16.3998
671 16.3907
672 16.3813
673 16.3718
674 16.3622
675 16.3523
676 16.3423
677 16.332
678 16.3215
679 16.3108
680 16.2997
681 16.2884
682 16.2767
683 16.2647
684 16.2524
685 16.2397
686 16.2267
687 16.2133
688 16.1994
689 16.1852
690 16.1706
691 16.1555
692 16.1398
693 16.1238
694 16.1073
695 16.0903
696 16.0728
697 16.0547
698 16.0362
699 16.0171
700 15.9975
701 15.9774
702 15.9566
703 15.9352
704 15.9133
705 15.8908
706 15.8677
707 15.8441
708 15.8199
709 15.7949
710 15.7694
711 15.7434
712 15.7165
713 15.6891
714 15.6611
715 15.6325
716 15.6031
717 15.5732
718 15.5426
719 15.5114
720 15.4794
721 15.447
722 15.4137
723 15.3799
724 15.3454
725 15.3103
726 15.2745
727 15.2381
728 15.201
729 15.1633
730 15.125
731 15.086
732 15.0464
733 15.0062
734 14.9654
735 14.9239
736 14.8819
737 14.8392
738 14.7959
739 14.752
740 14.7076
741 14.6626
742 14.617
743 14.5708
744 14.524
745 14.4768
746 14.429
747 14.3807
748 14.3319
749 14.2826
750 14.2326
751 14.1823
752 14.1314
753 14.0801
754 14.0282
755 13.976
756 13.9232
757 13.87
758 13.8165
759 13.7625
760 13.7081
761 13.6533
762 13.5981
763 13.5426
764 13.4866
765 13.4304
766 13.3739
767 13.317
768 13.2597
769 13.2022
770 13.1444
771 13.0863
772 13.028
773 12.9694
774 12.9106
775 12.8515
776 12.7922
777 12.7328
778 12.6731
779 12.6132
780 12.5532
781 12.493
782 12.4327
783 12.3723
784 12.3117
785 12.2511
786 12.1904
787 12.1296
788 12.0688
789 12.0078
790 11.9467
791 11.8856
792 11.8246
793 11.7635
794 11.7024
795 11.6413
796 11.5802
797 11.5191
798 11.4582
799 11.3972
800 11.3364
801 11.2755
802 11.2148
803 11.1541
804 11.0935
805 11.0332
806 10.9729
807 10.9127
808 10.8527
809 10.7927
810 10.733
811 10.6735
812 10.614
813 10.5549
814 10.4958
815 10.437
816 10.3783
817 10.32
818 10.2618
819 10.2039
820 10.1462
821 10.0887
822 10.0315
823 9.97451
824 9.91785
825 9.86139
826 9.80545
827 9.74956
828 9.69403
829 9.63874
830 9.58376
831 9.52906
832 9.47468
833 9.42067
834 9.36695
835 9.31354
836 9.26045
837 9.20774
838 9.15528
839 9.10323
840 9.05151
841 9.00013
842 8.94912
843 8.89845
844 8.84815
845 8.79819
846 8.74861
847 8.69938
848 8.65057
849 8.60207
850 8.55398
851 8.50623
852 8.45887
853 8.41191
854 8.36534
855 8.31912
856 8.27328
857 8.22786
858 8.18281
859 8.13813
860 8.09387
861 8.04994
862 8.00643
863 7.96334
864 7.92061
865 7.87828
866 7.83648
867 7.79494
868 7.75376
869 7.713
870 7.67261
871 7.6326
872 7.59299
873 7.55379
874 7.51496
875 7.47653
876 7.43847
877 7.40079
878 7.3635
879 7.3266
880 7.29007
881 7.25391
882 7.21817
883 7.18279
884 7.14778
885 7.11314
886 7.07888
887 7.04501
888 7.01148
889 6.97833
890 6.94558
891 6.91314
892 6.8811
893 6.84942
894 6.81808
895 6.7871
896 6.75646
897 6.72621
898 6.69628
899 6.6667
900 6.63745
901 6.60862
902 6.58007
903 6.55184
904 6.52398
905 6.49646
906 6.46925
907 6.44238
908 6.41593
909 6.38969
910 6.3638
911 6.33822
912 6.31293
913 6.28797
914 6.26334
915 6.239
916 6.21498
917 6.19124
918 6.16779
919 6.14468
920 6.12183
921 6.09929
922 6.07702
923 6.05505
924 6.03335
925 6.01195
926 5.99082
927 5.96996
928 5.94938
929 5.92907
930 5.90902
931 5.88923
932 5.8697
933 5.85044
934 5.83143
935 5.81267
936 5.79416
937 5.77589
938 5.75787
939 5.7401
940 5.72259
941 5.70526
942 5.68819
943 5.67138
944 5.65474
945 5.63837
946 5.62221
947 5.60625
948 5.59053
949 5.57503
950 5.55978
951 5.54467
952 5.52977
953 5.51511
954 5.50064
955 5.48636
956 5.47226
957 5.45837
958 5.44467
959 5.43117
960 5.41784
961 5.40468
962 5.39173
963 5.37893
964 5.36634
965 5.35389
966 5.34164
967 5.32955
968 5.31762
969 5.30586
970 5.29425
971 5.28282
972 5.27153
973 5.26038
974 5.24942
975 5.23858
976 5.22792
977 5.21738
978 5.207
979 5.19675
980 5.18663
981 5.17666
982 5.16682
983 5.15712
984 5.14755
985 5.13811
986 5.1288
987 5.11959
988 5.11052
989 5.10157
990 5.09274
991 5.08404
992 5.07544
993 5.06697
994 5.0586
995 5.05032
996 5.04217
997 5.03413
998 5.02616
999 5.01833
1000 5.01059
1001 5.00294
1002 4.99541
1003 4.98795
1004 4.98057
1005 4.97331
1006 4.96614
1007 4.95903
1008 4.95205
1009 4.94512
1010 4.93828
1011 4.93151
1012 4.92486
1013 4.91827
1014 4.91178
1015 4.90532
1016 4.89897
1017 4.89265
1018 4.88643
1019 4.8803
1020 4.87424
1021 4.86823
1022 4.86227
1023 4.85638
1024 4.85056
1025 4.8448
1026 4.83914
1027 4.83348
1028 4.82793
1029 4.82241
1030 4.81697
1031 4.81157
1032 4.80617
1033 4.8009
1034 4.79564
1035 4.79045
1036 4.7853
1037 4.78021
1038 4.77519
1039 4.77018
1040 4.76523
1041 4.7603
1042 4.75542
1043 4.75058
1044 4.74582
1045 4.74105
1046 4.73632
1047 4.73166
1048 4.72704
1049 4.72244
1050 4.71787
1051 4.71333
1052 4.70886
1053 4.7044
1054 4.69994
1055 4.69556
1056 4.69119
1057 4.68686
1058 4.68253
1059 4.67827
1060 4.674
1061 4.6698
1062 4.66556
1063 4.66141
1064 4.65724
1065 4.65312
1066 4.649
1067 4.6449
1068 4.64085
1069 4.63681
1070 4.63276
1071 4.62877
1072 4.62478
1073 4.62079
1074 4.61687
1075 4.61294
1076 4.60901
1077 4.60512
1078 4.60123
1079 4.59737
1080 4.59352
1081 4.58966
1082 4.58583
1083 4.58201
1084 4.57822
1085 4.57443
1086 4.57062
1087 4.56685
1088 4.56311
1089 4.55938
1090 4.55561
1091 4.55188
1092 4.54816
1093 4.54445
1094 4.54073
1095 4.53703
1096 4.53333
1097 4.52967
1098 4.52598
1099 4.52229
1100 4.51864
1101 4.51495
1102 4.51132
1103 4.50765
1104 4.50399
1105 4.50035
1106 4.49671
1107 4.49307
1108 4.48943
1109 4.48577
1110 4.48216
1111 4.47852
1112 4.47489
1113 4.47127
1114 4.46764
1115 4.46398
1116 4.46037
1117 4.45677
1118 4.45311
1119 4.44949
1120 4.44587
1121 4.44225
1122 4.43862
1123 4.43499
1124 4.43137
1125 4.42772
1126 4.42408
1127 4.42046
1128 4.41681
1129 4.41318
1130 4.40952
1131 4.4059
1132 4.40225
1133 4.3986
1134 4.39496
1135 4.39127
1136 4.38763
1137 4.38396
1138 4.38029
1139 4.37663
1140 4.37295
1141 4.36927
1142 4.36561
1143 4.3619
1144 4.35821
1145 4.35452
1146 4.3508
1147 4.34711
1148 4.34339
1149 4.33968
1150 4.33595
1151 4.33223
1152 4.32852
1153 4.32478
1154 4.32102
1155 4.31729
1156 4.31352
1157 4.30977
1158 4.30601
1159 4.30223
1160 4.29847
1161 4.29468
1162 4.29089
1163 4.28711
1164 4.28331
1165 4.27948
1166 4.27567
1167 4.27188
1168 4.26805
1169 4.26423
1170 4.26037
1171 4.25654
1172 4.2527
1173 4.2488
1174 4.24496
1175 4.2411
1176 4.23722
1177 4.23333
1178 4.22945
1179 4.22554
1180 4.22165
1181 4.21774
1182 4.21384
1183 4.2099
1184 4.20598
1185 4.20203
1186 4.19809
1187 4.19416
1188 4.19019
1189 4.18622
1190 4.18224
1191 4.17827
1192 4.17427
1193 4.17031
1194 4.1663
1195 4.16232
1196 4.15827
1197 4.15428
1198 4.15026
1199 4.14623
1200 4.14216
1201 4.13812
1202 4.13407
1203 4.13001
1204 4.12597
1205 4.12189
1206 4.1178
1207 4.11374
1208 4.10963
1209 4.10555
1210 4.10141
1211 4.09731
1212 4.09322
1213 4.08908
1214 4.08494
1215 4.08079
1216 4.07667
1217 4.07251
1218 4.06836
1219 4.06418
1220 4.06004
1221 4.05584
1222 4.05167
1223 4.04746
1224 4.04328
1225 4.03905
1226 4.03485
1227 4.03064
1228 4.02642
1229 4.02219
1230 4.01796
1231 4.01376
1232 4.00947
1233 4.00525
1234 4.00096
1235 3.99671
1236 3.99247
1237 3.98819
1238 3.98388
1239 3.97961
1240 3.97533
1241 3.97103
1242 3.96673
1243 3.96241
1244 3.9581
1245 3.95377
1246 3.94947
1247 3.94511
1248 3.94078
1249 3.93647
1250 3.93213
1251 3.92772
1252 3.92337
1253 3.91904
1254 3.91467
1255 3.91028
1256 3.90589
1257 3.90155
1258 3.89714
1259 3.89276
1260 3.88834
1261 3.88395
1262 3.87955
1263 3.87513
1264 3.87071
1265 3.86626
1266 3.86187
1267 3.85741
1268 3.85301
1269 3.84857
1270 3.84411
1271 3.83968
1272 3.8352
1273 3.83077
1274 3.82631
1275 3.82182
1276 3.81736
1277 3.81287
1278 3.80841
1279 3.80393
1280 3.79944
1281 3.79496
1282 3.79044
1283 3.78595
1284 3.78147
1285 3.77697
1286 3.77245
1287 3.76794
1288 3.76343
1289 3.7589
1290 3.75437
1291 3.74986
1292 3.74533
1293 3.7408
1294 3.73623
1295 3.73171
1296 3.72718
1297 3.7226
1298 3.71805
1299 3.71352
1300 3.70897
1301 3.70441
1302 3.69982
1303 3.6953
1304 3.69072
1305 3.68613
1306 3.68158
1307 3.67698
1308 3.67242
1309 3.66781
1310 3.66324
1311 3.65868
1312 3.65408
1313 3.64951
1314 3.64491
1315 3.64031
1316 3.63569
1317 3.63109
1318 3.62651
1319 3.62188
1320 3.61727
1321 3.61267
1322 3.60807
1323 3.60347
1324 3.59884
1325 3.5942
1326 3.5896
1327 3.58498
1328 3.58034
1329 3.57571
1330 3.57109
1331 3.56649
1332 3.56187
1333 3.55722
1334 3.5526
1335 3.54796
1336 3.5433
1337 3.53867
1338 3.53406
1339 3.52941
1340 3.52479
1341 3.52012
1342 3.5155
1343 3.51086
1344 3.50618
1345 3.50154
1346 3.49689
1347 3.49223
1348 3.48759
1349 3.48298
1350 3.4783
1351 3.47368
1352 3.469
1353 3.46438
1354 3.45971
1355 3.45507
1356 3.45039
1357 3.44572
1358 3.44107
1359 3.43642
1360 3.43178
1361 3.42711
1362 3.42245
1363 3.41783
1364 3.41315
1365 3.40848
1366 3.40385
1367 3.39916
1368 3.39454
1369 3.38986
1370 3.38519
1371 3.38057
1372 3.37589
1373 3.37125
1374 3.36658
1375 3.36192
1376 3.35725
1377 3.35261
1378 3.34795
1379 3.34329
1380 3.33863
1381 3.33397
1382 3.32936
1383 3.32469
1384 3.32004
1385 3.31537
1386 3.31075
1387 3.30606
1388 3.30142
1389 3.29678
1390 3.29213
1391 3.28749
1392 3.28284
1393 3.27818
1394 3.27353
1395 3.26886
1396 3.26426
1397 3.2596
1398 3.25497
1399 3.2503
1400 3.24569
1401 3.24106
1402 3.23639
1403 3.23176
1404 3.22712
1405 3.22249
1406 3.21786
1407 3.21323
1408 3.20862
1409 3.20399
1410 3.19937
1411 3.19474
1412 3.19011
1413 3.1855
1414 3.18087
1415 3.17627
1416 3.17163
1417 3.16704
1418 3.1624
1419 3.15778
1420 3.15317
1421 3.14855
1422 3.14395
1423 3.13935
1424 3.13477
1425 3.13017
1426 3.12555
1427 3.12099
1428 3.11636
1429 3.11179
1430 3.10717
1431 3.1026
1432 3.09803
1433 3.09344
1434 3.08886
1435 3.08428
1436 3.0797
1437 3.07511
1438 3.07054
1439 3.06599
1440 3.06141
1441 3.05686
1442 3.05227
1443 3.04772
1444 3.04317
1445 3.03859
1446 3.03405
1447 3.02948
1448 3.02494
1449 3.02039
1450 3.01584
1451 3.01134
1452 3.00679
1453 3.00224
1454 2.99771
1455 2.99317
1456 2.98866
1457 2.9841
1458 2.97961
1459 2.97509
1460 2.97058
1461 2.96606
1462 2.96155
1463 2.95704
1464 2.95254
1465 2.94803
1466 2.94354
1467 2.93907
1468 2.93456
1469 2.93009
1470 2.9256
1471 2.92111
1472 2.91665
1473 2.91217
1474 2.90769
1475 2.90321
1476 2.89874
1477 2.89428
1478 2.88987
1479 2.88539
1480 2.88094
1481 2.87647
1482 2.87204
1483 2.86758
1484 2.86317
1485 2.8587
1486 2.85429
1487 2.84987
1488 2.84545
1489 2.84103
1490 2.83661
1491 2.8322
1492 2.82778
1493 2.82335
1494 2.81897
1495 2.81457
1496 2.8102
1497 2.80578
1498 2.80142
1499 2.79701
1500 2.79263
1501 2.78827
1502 2.78389
1503 2.77952
1504 2.77515
1505 2.77079
1506 2.76645
1507 2.76209
1508 2.75771
1509 2.7534
1510 2.74904
1511 2.74473
1512 2.74036
1513 2.73604
1514 2.73173
1515 2.72742
1516 2.72306
1517 2.71875
1518 2.71444
1519 2.71016
1520 2.70586
1521 2.70155
1522 2.69724
1523 2.69298
1524 2.68867
1525 2.6844
1526 2.68015
1527 2.67585
1528 2.67159
1529 2.66732
1530 2.66306
1531 2.65882
1532 2.65457
1533 2.65032
1534 2.64609
1535 2.64185
1536 2.6376
1537 2.63341
1538 2.62917
1539 2.62495
1540 2.62075
1541 2.6165
1542 2.61231
1543 2.60811
1544 2.6039
1545 2.59971
1546 2.59556
1547 2.59137
1548 2.58717
1549 2.58303
1550 2.57883
1551 2.57468
1552 2.57049
1553 2.56635
1554 2.56221
1555 2.55807
1556 2.55393
1557 2.54979
1558 2.54566
1559 2.54151
1560 2.53738
1561 2.53329
1562 2.52916
1563 2.52503
1564 2.52093
1565 2.51686
1566 2.51274
1567 2.50864
1568 2.50458
1569 2.5005
1570 2.49642
1571 2.49233
1572 2.48827
1573 2.48421
1574 2.48018
1575 2.4761
1576 2.47208
1577 2.46801
1578 2.46398
1579 2.45997
1580 2.45593
1581 2.45191
1582 2.4479
1583 2.44388
1584 2.43986
1585 2.43585
1586 2.43186
1587 2.42788
1588 2.42386
1589 2.4199
1590 2.4159
1591 2.41194
1592 2.40798
1593 2.40402
1594 2.40007
1595 2.39611
1596 2.39217
1597 2.38821
1598 2.38428
1599 2.38033
1600 2.37643
1601 2.37248
1602 2.36859
1603 2.36465
1604 2.36075
1605 2.35683
1606 2.35295
1607 2.34906
1608 2.34517
1609 2.34129
1610 2.33741
1611 2.33353
1612 2.32968
1613 2.32583
1614 2.32196
1615 2.31812
1616 2.31429
1617 2.31042
1618 2.30658
1619 2.30275
1620 2.29892
1621 2.2951
1622 2.29132
1623 2.28749
1624 2.28367
1625 2.2799
1626 2.27608
1627 2.27231
1628 2.26852
1629 2.26473
1630 2.26096
1631 2.2572
1632 2.25344
1633 2.24968
1634 2.24593
1635 2.24217
1636 2.23841
1637 2.2347
1638 2.23096
1639 2.22725
1640 2.22352
1641 2.21981
1642 2.21608
1643 2.21237
1644 2.20867
1645 2.20498
1646 2.20129
1647 2.1976
1648 2.19392
1649 2.19026
1650 2.1866
1651 2.18292
1652 2.17928
1653 2.17562
1654 2.17198
1655 2.16831
1656 2.16468
1657 2.16106
1658 2.15744
1659 2.15382
1660 2.15019
1661 2.1466
1662 2.14298
1663 2.1394
1664 2.13578
1665 2.1322
1666 2.12863
1667 2.12506
1668 2.12147
1669 2.11788
1670 2.11436
1671 2.1108
1672 2.10723
1673 2.10368
1674 2.10014
1675 2.09661
1676 2.09309
1677 2.08955
1678 2.08603
1679 2.08252
1680 2.07901
1681 2.07552
1682 2.07202
1683 2.06853
1684 2.06504
1685 2.06155
1686 2.05808
1687 2.05461
1688 2.05114
1689 2.04769
1690 2.04423
1691 2.04078
1692 2.03734
1693 2.03389
1694 2.03045
1695 2.02703
1696 2.02362
1697 2.02017
1698 2.01678
1699 2.01335
1700 2.00997
1701 2.00659
1702 2.00317
1703 1.99979
1704 1.99641
1705 1.99303
1706 1.98966
1707 1.98629
1708 1.98295
1709 1.97959
1710 1.97622
1711 1.9729
1712 1.96956
1713 1.96622
1714 1.96291
1715 1.95957
1716 1.95625
1717 1.95294
1718 1.94964
1719 1.94633
1720 1.94304
1721 1.93976
1722 1.93648
1723 1.93319
1724 1.92991
1725 1.92665
1726 1.92339
1727 1.92014
1728 1.91687
1729 1.91361
1730 1.91037
1731 1.90716
1732 1.90391
1733 1.90069
1734 1.89745
1735 1.89425
1736 1.89105
1737 1.88782
1738 1.88462
1739 1.88142
1740 1.87823
1741 1.87504
1742 1.87186
1743 1.86871
1744 1.86553
1745 1.86236
1746 1.85923
1747 1.85604
1748 1.85292
1749 1.84978
1750 1.84663
1751 1.84349
1752 1.84036
1753 1.83725
1754 1.83413
1755 1.83104
1756 1.82794
1757 1.82484
1758 1.82174
1759 1.81863
1760 1.81555
1761 1.81248
1762 1.80941
1763 1.80634
1764 1.80328
1765 1.80021
1766 1.79716
1767 1.79411
1768 1.79106
1769 1.78802
1770 1.785
1771 1.78197
1772 1.77893
1773 1.77591
1774 1.77291
1775 1.76991
1776 1.76692
1777 1.76392
1778 1.76091
1779 1.75792
1780 1.75495
1781 1.75197
1782 1.749
1783 1.74605
1784 1.74308
1785 1.74012
1786 1.73715
1787 1.73421
1788 1.73128
1789 1.72834
1790 1.72542
1791 1.7225
1792 1.71957
1793 1.71664
1794 1.71374
1795 1.71082
1796 1.70793
1797 1.70504
1798 1.70214
1799 1.69928
1800 1.69639
1801 1.6935
1802 1.69064
1803 1.68779
1804 1.68494
1805 1.68205
1806 1.67921
1807 1.67637
1808 1.67352
1809 1.67069
1810 1.66788
1811 1.66505
1812 1.66222
1813 1.65942
1814 1.6566
1815 1.6538
1816 1.65099
1817 1.6482
1818 1.64542
1819 1.64261
1820 1.63985
1821 1.63706
1822 1.6343
1823 1.63154
1824 1.62877
1825 1.62602
1826 1.62326
1827 1.62051
1828 1.61777
1829 1.61504
1830 1.61232
1831 1.60958
1832 1.60686
1833 1.60416
1834 1.60144
1835 1.59873
1836 1.59605
1837 1.59333
1838 1.59064
1839 1.58796
1840 1.58528
1841 1.5826
1842 1.57993
1843 1.57725
1844 1.57461
1845 1.57194
1846 1.56928
1847 1.56664
1848 1.564
1849 1.56135
1850 1.55873
1851 1.55611
1852 1.55346
1853 1.55086
1854 1.54822
1855 1.54562
1856 1.54302
1857 1.54042
1858 1.53781
1859 1.53524
1860 1.53265
1861 1.53007
1862 1.52748
1863 1.52492
1864 1.52234
1865 1.51977
1866 1.51722
1867 1.51466
1868 1.51211
1869 1.50957
1870 1.50704
1871 1.5045
1872 1.50197
1873 1.49945
1874 1.49693
1875 1.4944
1876 1.49189
1877 1.48939
1878 1.48688
1879 1.48438
1880 1.48189
1881 1.47941
1882 1.47691
1883 1.47443
1884 1.47197
1885 1.46949
1886 1.46703
1887 1.46456
1888 1.46211
1889 1.45965
1890 1.45721
1891 1.45477
1892 1.45233
1893 1.44989
1894 1.44745
1895 1.44503
1896 1.4426
1897 1.44019
1898 1.43778
1899 1.43538
1900 1.43295
1901 1.43057
1902 1.42817
1903 1.42579
1904 1.4234
1905 1.42102
1906 1.41864
1907 1.41626
1908 1.41392
1909 1.41154
1910 1.40918
1911 1.40683
1912 1.40449
1913 1.40212
1914 1.3998
1915 1.39745
1916 1.39513
1917 1.39278
1918 1.39046
1919 1.38815
1920 1.38584
1921 1.38353
1922 1.38123
1923 1.37893
1924 1.37662
1925 1.37432
1926 1.37205
1927 1.36976
1928 1.36749
1929 1.3652
1930 1.36294
1931 1.36066
1932 1.3584
1933 1.35614
1934 1.35388
1935 1.35163
1936 1.34939
1937 1.34714
1938 1.3449
1939 1.34268
1940 1.34044
1941 1.33822
1942 1.336
1943 1.33377
1944 1.33156
1945 1.32937
1946 1.32716
1947 1.32496
1948 1.32275
1949 1.32057
1950 1.31838
1951 1.3162
1952 1.31401
1953 1.31184
1954 1.30966
1955 1.30751
1956 1.30535
1957 1.30318
1958 1.30103
1959 1.29887
1960 1.29674
1961 1.29457
1962 1.29245
1963 1.29032
1964 1.28818
1965 1.28606
1966 1.28393
1967 1.28182
1968 1.27969
1969 1.27758
1970 1.2755
1971 1.27338
1972 1.27128
1973 1.26919
1974 1.26711
1975 1.265
1976 1.26293
1977 1.26085
1978 1.25877
1979 1.2567
1980 1.25464
1981 1.25257
1982 1.25052
1983 1.24846
1984 1.2464
1985 1.24435
1986 1.24233
1987 1.24028
1988 1.23823
1989 1.23621
1990 1.23419
1991 1.23216
1992 1.23014
1993 1.22813
1994 1.22611
1995 1.22411
1996 1.2221
1997 1.2201
1998 1.2181
1999 1.2161
2000 1.21412
2001 1.21214
2002 1.21014
2003 1.20818
2004 1.20619
2005 1.20423
2006 1.20227
2007 1.20031
2008 1.19834
2009 1.19638
2010 1.19444
2011 1.19249
2012 1.19054
2013 1.18859
2014 1.18667
2015 1.18474
2016 1.18282
2017 1.18088
2018 1.17897
2019 1.17703
2020 1.17513
2021 1.17322
2022 1.17131
2023 1.1694
2024 1.1675
2025 1.16561
2026 1.16372
2027 1.16182
2028 1.15995
2029 1.15807
2030 1.15619
2031 1.15432
2032 1.15244
2033 1.15057
2034 1.14871
2035 1.14685
2036 1.14499
2037 1.14315
2038 1.1413
2039 1.13944
2040 1.13759
2041 1.13577
2042 1.13393
2043 1.13211
2044 1.13026
2045 1.12845
2046 1.12663
2047 1.1248
2048 1.12299
2049 1.12118
2050 1.11938
2051 1.11757
2052 1.11577
2053 1.11398
2054 1.11218
2055 1.1104
2056 1.10861
2057 1.10682
2058 1.10504
2059 1.10328
2060 1.10149
2061 1.09972
2062 1.09795
2063 1.0962
2064 1.09443
2065 1.09268
2066 1.09093
2067 1.08919
2068 1.08744
2069 1.08569
2070 1.08395
2071 1.08222
2072 1.08048
2073 1.07877
2074 1.07704
2075 1.0753
2076 1.07359
2077 1.07187
2078 1.07016
2079 1.06845
2080 1.06676
2081 1.06505
2082 1.06334
2083 1.06165
2084 1.05995
2085 1.05828
2086 1.05658
2087 1.05489
2088 1.05322
2089 1.05155
2090 1.04986
2091 1.04821
2092 1.04654
2093 1.04487
2094 1.04321
2095 1.04155
2096 1.03991
2097 1.03825
2098 1.03661
2099 1.03496
2100 1.03331
2101 1.03169
2102 1.03005
2103 1.02841
2104 1.02679
2105 1.02516
2106 1.02354
2107 1.02192
2108 1.0203
2109 1.01869
2110 1.01707
2111 1.01547
2112 1.01387
2113 1.01228
2114 1.01068
2115 1.00909
2116 1.00749
2117 1.00591
2118 1.00432
2119 1.00274
2120 1.00116
2121 0.999582
2122 0.998015
2123 0.99645
2124 0.994866
2125 0.993304
2126 0.991755
2127 0.990198
2128 0.988639
2129 0.987083
2130 0.985546
2131 0.983989
2132 0.982454
2133 0.980904
2134 0.979376
2135 0.977844
2136 0.976298
2137 0.974774
2138 0.973251
2139 0.971728
2140 0.970207
2141 0.968688
2142 0.967188
2143 0.965672
2144 0.964158
2145 0.962668
2146 0.961155
2147 0.959663
2148 0.958163
2149 0.956669
2150 0.955181
2151 0.9537
2152 0.952214
2153 0.950729
2154 0.94925
2155 0.947769
2156 0.9463
2157 0.944834
2158 0.943356
2159 0.9419
2160 0.940435
2161 0.938977
2162 0.937528
2163 0.936063
2164 0.934613
2165 0.933166
2166 0.931722
2167 0.930279
2168 0.928839
2169 0.927399
2170 0.925976
2171 0.92454
2172 0.923105
2173 0.921688
2174 0.920254
2175 0.918841
2176 0.917435
2177 0.916008
2178 0.914595
2179 0.913186
2180 0.911783
2181 0.910378
2182 0.908976
2183 0.907582
2184 0.906177
2185 0.904794
2186 0.903394
2187 0.902017
2188 0.900621
2189 0.899241
2190 0.897868
2191 0.89649
2192 0.895116
2193 0.893732
2194 0.892374
2195 0.891007
2196 0.889641
2197 0.888276
2198 0.886914
2199 0.885563
2200 0.884202
2201 0.88286
2202 0.881514
2203 0.880161
2204 0.878821
2205 0.877487
2206 0.876133
2207 0.874799
2208 0.873478
2209 0.872138
2210 0.870808
2211 0.869489
2212 0.868163
2213 0.866853
2214 0.865521
2215 0.864212
2216 0.862906
2217 0.861581
2218 0.860275
2219 0.858976
2220 0.857674
2221 0.856373
2222 0.855075
2223 0.853789
2224 0.852492
2225 0.851196
2226 0.849918
2227 0.848623
2228 0.847345
2229 0.846055
2230 0.844785
2231 0.843514
2232 0.84223
2233 0.840957
2234 0.839703
2235 0.83843
2236 0.837165
2237 0.835909
2238 0.834649
2239 0.833386
2240 0.832137
2241 0.830884
2242 0.829631
2243 0.828388
2244 0.827146
2245 0.825902
2246 0.824664
2247 0.823426
2248 0.822191
2249 0.820955
2250 0.819719
2251 0.818501
2252 0.817273
2253 0.816053
2254 0.814825
2255 0.813605
2256 0.81239
2257 0.811178
2258 0.809967
2259 0.808751
2260 0.807544
2261 0.806347
2262 0.805143
2263 0.803939
2264 0.802742
2265 0.801545
2266 0.800358
2267 0.799159
2268 0.797975
2269 0.796786
2270 0.795605
2271 0.794424
2272 0.793243
2273 0.792066
2274 0.790889
2275 0.789715
2276 0.788543
2277 0.78737
2278 0.786209
2279 0.785036
2280 0.783886
2281 0.782716
2282 0.78156
2283 0.780406
2284 0.779248
2285 0.778099
2286 0.776947
2287 0.775811
2288 0.774658
2289 0.773512
2290 0.772378
2291 0.771241
2292 0.770102
2293 0.768973
2294 0.76783
2295 0.766703
2296 0.765576
2297 0.764451
2298 0.763331
2299 0.762207
2300 0.761085
2301 0.759968
2302 0.758861
2303 0.757746
2304 0.756628
2305 0.755527
2306 0.754416
2307 0.753315
2308 0.752212
2309 0.751111
2310 0.750012
2311 0.748917
2312 0.74782
2313 0.746729
2314 0.745638
2315 0.74455
2316 0.743465
2317 0.742386
2318 0.741297
2319 0.74022
2320 0.739146
2321 0.73806
2322 0.736986
2323 0.735914
2324 0.734846
2325 0.733776
2326 0.73272
2327 0.731654
2328 0.730588
2329 0.729527
2330 0.728471
2331 0.727421
2332 0.726359
2333 0.725317
2334 0.724265
2335 0.723218
2336 0.722171
2337 0.721126
2338 0.720082
2339 0.719045
2340 0.718003
2341 0.716973
2342 0.715931
2343 0.714903
2344 0.713874
2345 0.712838
2346 0.711813
2347 0.710789
2348 0.709767
2349 0.708743
2350 0.707725
2351 0.706706
2352 0.705696
2353 0.704682
2354 0.703668
2355 0.70266
2356 0.701648
2357 0.700649
2358 0.699637
2359 0.698639
2360 0.697642
2361 0.696643
2362 0.695644
2363 0.694645
2364 0.693659
2365 0.692661
2366 0.691681
2367 0.690687
2368 0.689704
2369 0.688722
2370 0.687738
2371 0.686755
2372 0.685779
2373 0.684801
2374 0.683825
2375 0.682852
2376 0.681884
2377 0.680917
2378 0.679949
2379 0.67898
2380 0.678017
2381 0.677051
2382 0.676097
2383 0.675141
2384 0.674175
2385 0.673222
2386 0.672271
2387 0.671321
2388 0.670374
2389 0.669419
2390 0.668478
2391 0.667529
2392 0.666591
2393 0.665641
2394 0.664706
2395 0.663771
2396 0.662834
2397 0.661902
2398 0.66097
2399 0.660039
2400 0.659109
2401 0.65818
2402 0.657256
2403 0.656331
2404 0.655408
2405 0.654494
2406 0.653568
2407 0.652655
2408 0.651734
2409 0.650819
2410 0.64991
2411 0.649002
2412 0.648088
2413 0.647188
2414 0.646278
2415 0.645375
2416 0.644472
2417 0.643574
2418 0.642675
2419 0.641774
2420 0.640879
2421 0.639985
2422 0.639095
2423 0.6382
2424 0.637311
2425 0.636427
2426 0.635544
2427 0.634658
2428 0.633772
2429 0.632895
2430 0.632013
2431 0.631136
2432 0.63026
2433 0.629381
2434 0.628512
2435 0.627643
2436 0.626768
2437 0.625905
2438 0.625037
2439 0.624172
2440 0.623305
2441 0.622446
2442 0.621589
2443 0.620723
2444 0.619867
2445 0.619012
2446 0.618158
2447 0.617305
2448 0.616454
2449 0.615604
2450 0.614762
2451 0.613911
2452 0.613061
2453 0.612227
2454 0.611378
2455 0.610541
2456 0.609706
2457 0.608868
2458 0.60803
2459 0.607197
2460 0.606366
2461 0.605533
2462 0.604705
2463 0.603873
2464 0.60305
2465 0.602227
2466 0.601401
2467 0.600575
2468 0.599757
2469 0.598937
2470 0.598119
2471 0.597302
2472 0.596484
2473 0.595679
2474 0.594866
2475 0.59405
2476 0.593246
2477 0.592437
2478 0.591631
2479 0.590822
2480 0.590023
2481 0.589219
2482 0.588418
2483 0.587621
2484 0.586824
2485 0.586027
2486 0.585232
2487 0.584443
2488 0.583644
2489 0.582856
2490 0.582068
2491 0.581281
2492 0.580499
2493 0.579713
2494 0.578928
2495 0.578147
2496 0.577363
2497 0.576584
2498 0.575803
2499 0.575032
2500 0.574252
2501 0.573482
2502 0.572707
2503 0.571939
2504 0.571167
2505 0.570398
2506 0.569634
2507 0.568867
2508 0.568104
2509 0.567338
2510 0.566583
2511 0.565818
2512 0.565058
2513 0.564305
2514 0.563551
2515 0.562795
2516 0.562044
2517 0.561289
2518 0.560539
2519 0.559789
2520 0.55904
2521 0.558292
2522 0.55755
2523 0.556811
2524 0.556071
2525 0.555332
2526 0.554593
2527 0.553854
2528 0.553114
2529 0.552375
2530 0.551636
2531 0.550897
2532 0.550158
2533 0.549419
2534 0.54868
2535 0.547941
2536 0.547202
2537 0.546463
2538 0.545724
2539 0.544985
2540 0.544247
2541 0.543508
2542 0.542769
2543 0.54203
2544 0.541292
2545 0.540553
2546 0.539815
2547 0.539076
2548 0.538337
2549 0.537599
2550 0.536861
2551 0.536122
2552 0.535384
2553 0.534645
2554 0.533907
2555 0.533169
2556 0.53243
2557 0.531692
2558 0.530954
2559 0.530216
2560 0.529478
2561 0.528739
2562 0.528001
2563 0.527263
2564 0.526525
2565 0.525787
2566 0.525049
2567 0.524311
2568 0.523574
2569 0.522836
2570 0.522098
2571 0.52136
2572 0.520622
2573 0.519885
2574 0.519147
2575 0.518409
2576 0.517672
2577 0.516934
2578 0.516196
2579 0.515459
2580 0.514721
2581 0.513984
2582 0.513246
2583 0.512509
2584 0.511772
2585 0.511034
2586 0.510297
2587 0.50956
2588 0.508823
2589 0.508085
2590 0.507348
2591 0.506611
2592 0.505874
2593 0.505137
2594 0.5044
2595 0.503663
2596 0.502926
2597 0.502189
2598 0.501452
2599 0.500715
2600 0.499978
2601 0.499241
2602 0.498504
2603 0.497768
2604 0.497031
2605 0.496294
2606 0.495558
2607 0.494821
2608 0.494084
2609 0.493348
2610 0.492611
2611 0.491875
2612 0.491138
2613 0.490402
2614 0.489665
2615 0.488929
2616 0.488193
2617 0.487456
2618 0.48672
2619 0.485984
2620 0.485248
2621 0.484511
2622 0.483775
2623 0.483039
2624 0.482303
2625 0.481567
2626 0.480831
2627 0.480095
2628 0.479359
2629 0.478623
2630 0.477887
2631 0.477151
2632 0.476416
2633 0.47568
2634 0.474944
2635 0.474208
2636 0.473473
2637 0.472737
2638 0.472001
2639 0.471266
2640 0.47053
2641 0.469795
2642 0.469059
2643 0.468324
2644 0.467588
2645 0.466853
2646 0.466117
2647 0.465382
2648 0.464647
2649 0.463911
2650 0.463176
2651 0.462441
2652 0.461706
2653 0.460971
2654 0.460235
2655 0.4595
2656 0.458765
2657 0.45803
2658 0.457295
2659 0.45656
2660 0.455825
2661 0.45509
2662 0.454356
2663 0.453621
2664 0.452886
2665 0.452151
2666 0.451416
2667 0.450682
2668 0.449947
2669 0.449212
2670 0.448478
2671 0.447743
2672 0.447009
2673 0.446274
2674 0.44554
2675 0.444805
2676 0.444071
2677 0.443337
2678 0.442602
2679 0.441868
2680 0.441134
2681 0.440399
2682 0.439665
2683 0.438931
2684 0.438197
2685 0.437463
2686 0.436729
2687 0.435994
2688 0.43526
2689 0.434526
2690 0.433792
2691 0.433059
2692 0.432325
2693 0.431591
2694 0.430857
2695 0.430123
2696 0.429389
2697 0.428656
2698 0.427922
2699 0.427188
2700 0.426455
2701 0.425721
2702 0.424987
2703 0.424254
2704 0.42352
2705 0.422787
2706 0.422053
2707 0.42132
2708 0.420587
2709 0.419853
2710 0.41912
2711 0.418387
2712 0.417653
2713 0.41692
2714 0.416187
2715 0.415454
2716 0.414721
2717 0.413988
2718 0.413255
2719 0.412522
2720 0.411789
2721 0.411056
2722 0.410323
2723 0.40959
2724 0.408857
2725 0.408124
2726 0.407391
2727 0.406658
2728 0.405926
2729 0.405193
2730 0.40446
2731 0.403728
2732 0.402995
2733 0.402262
2734 0.40153
2735 0.400797
2736 0.400065
2737 0.399332
2738 0.3986
2739 0.397868
2740 0.397135
2741 0.396403
2742 0.395671
2743 0.394938
2744 0.394206
2745 0.393474
2746 0.392742
2747 0.39201
2748 0.391278
2749 0.390546
2750 0.389814
2751 0.389082
2752 0.38835
2753 0.387618
2754 0.386886
2755 0.386154
2756 0.385422
2757 0.38469
2758 0.383958
2759 0.383227
2760 0.382495
2761 0.381763
2762 0.381032
2763 0.3803
2764 0.379568
2765 0.378837
2766 0.378105
2767 0.377374
2768 0.376642
2769 0.375911
2770 0.37518
2771 0.374448
2772 0.373717
2773 0.372986
2774 0.372254
2775 0.371523
2776 0.370792
2777 0.370061
2778 0.36933
2779 0.368598
2780 0.367867
2781 0.367136
2782 0.366405
2783 0.365674
2784 0.364943
2785 0.364213
2786 0.363482
2787 0.362751
2788 0.36202
2789 0.361289
2790 0.360558
2791 0.359828
2792 0.359097
2793 0.358366
2794 0.357636
2795 0.356905
2796 0.356175
2797 0.355444
2798 0.354714
2799 0.353983
2800 0.353253
2801 0.352522
2802 0.351792
2803 0.351062
2804 0.350331
2805 0.349601
2806 0.348871
2807 0.348141
2808 0.34741
2809 0.34668
2810 0.34595
2811 0.34522
2812 0.34449
2813 0.34376
2814 0.34303
2815 0.3423
2816 0.34157
2817 0.34084
2818 0.34011
2819 0.339381
2820 0.338651
2821 0.337921
2822 0.337191
2823 0.336462
2824 0.335732
2825 0.335002
2826 0.334273
2827 0.333543
2828 0.332814
2829 0.332084
2830 0.331355
2831 0.330625
2832 0.329896
2833 0.329167
2834 0.328437
2835 0.327708
2836 0.326979
2837 0.326249
2838 0.32552
2839 0.324791
2840 0.324062
2841 0.323333
2842 0.322604
2843 0.321875
2844 0.321146
2845 0.320417
2846 0.319688
2847 0.318959
2848 0.31823
2849 0.317501
2850 0.316772
2851 0.316043
2852 0.315315
2853 0.314586
2854 0.313857
2855 0.313129
2856 0.3124
2857 0.311671
2858 0.310943
2859 0.310214
2860 0.309486
2861 0.308757
2862 0.308029
2863 0.3073
2864 0.306572
2865 0.305844
2866 0.305115
2867 0.304387
2868 0.303659
2869 0.302931
2870 0.302202
2871 0.301474
2872 0.300746
2873 0.300018
2874 0.29929
2875 0.298562
2876 0.297834
2877 0.297106
2878 0.296378
2879 0.29565
2880 0.294922
2881 0.294195
2882 0.293467
2883 0.292739
2884 0.292011
2885 0.291284
2886 0.290556
2887 0.289828
2888 0.289101
2889 0.288373
2890 0.287646
2891 0.286918
2892 0.286191
2893 0.285463
2894 0.284736
2895 0.284008
2896 0.283281
2897 0.282554
2898 0.281826
2899 0.281099
2900 0.280372
2901 0.279645
2902 0.278918
2903 0.27819
2904 0.277463
2905 0.276736
2906 0.276009
2907 0.275282
2908 0.274555
2909 0.273828
2910 0.273101
2911 0.272375
2912 0.271648
2913 0.270921
2914 0.270194
2915 0.269467
2916 0.268741
2917 0.268014
2918 0.267287
2919 0.266561
2920 0.265834
2921 0.265108
2922 0.264381
2923 0.263655
2924 0.262928
2925 0.262202
2926 0.261475
2927 0.260749
2928 0.260023
2929 0.259296
2930 0.25857
2931 0.257844
2932 0.257118
2933 0.256392
2934 0.255665
2935 0.254939
2936 0.254213
2937 0.253487
2938 0.252761
2939 0.252035
2940 0.251309
2941 0.250583
2942 0.249858
2943 0.249132
2944 0.248406
2945 0.24768
2946 0.246954
2947 0.246229
2948 0.245503
2949 0.244777
2950 0.244052
2951 0.243326
2952 0.242601
2953 0.241875
2954 0.24115
2955 0.240424
2956 0.239699
2957 0.238973
2958 0.238248
2959 0.237523
2960 0.236797
2961 0.236072
2962 0.235347
2963 0.234622
2964 0.233896
2965 0.233171
2966 0.232446
2967 0.231721
2968 0.230996
2969 0.230271
2970 0.229546
2971 0.228821
2972 0.228096
2973 0.227371
2974 0.226647
2975 0.225922
2976 0.225197
2977 0.224472
2978 0.223747
2979 0.223023
2980 0.222298
2981 0.221573
2982 0.220849
2983 0.220124
2984 0.2194
2985 0.218675
2986 0.217951
2987 0.217226
2988 0.216502
2989 0.215778
2990 0.215053
2991 0.214329
2992 0.213605
2993 0.21288
2994 0.212156
2995 0.211432
2996 0.210708
2997 0.209984
2998 0.20926
2999 0.208536
3000 0.207812
3001 0.207088
3002 0.206364
3003 0.20564
3004 0.204916
3005 0.204192
3006 0.203468
3007 0.202744
3008 0.202021
3009 0.201297
3010 0.200573
3011 0.19985
3012 0.199126
3013 0.198402
3014 0.197679
3015 0.196955
3016 0.196232
3017 0.195508
3018 0.194785
3019 0.194061
3020 0.193338
3021 0.192615
3022 0.191891
3023 0.191168
3024 0.190445
3025 0.189722
3026 0.188998
3027 0.188275
3028 0.187552
3029 0.186829
3030 0.186106
3031 0.185383
3032 0.18466
3033 0.183937
3034 0.183214
3035 0.182491
3036 0.181768
3037 0.181046
3038 0.180323
3039 0.1796
3040 0.178877
3041 0.178155
3042 0.177432
3043 0.176709
3044 0.175987
3045 0.175264
3046 0.174542
3047 0.173819
3048 0.173097
3049 0.172374
3050 0.171652
3051 0.170929
3052 0.170207
3053 0.169485
3054 0.168762
3055 0.16804
3056 0.167318
3057 0.166596
3058 0.165873
3059 0.165151
3060 0.164429
3061 0.163707
3062 0.162985
3063 0.162263
3064 0.161541
3065 0.160819
3066 0.160097
3067 0.159375
3068 0.158654
3069 0.157932
3070 0.15721
3071 0.156488
3072 0.155767
3073 0.155045
3074 0.154323
3075 0.153602
3076 0.15288
3077 0.152158
3078 0.151437
3079 0.150715
3080 0.149994
3081 0.149273
3082 0.148551
3083 0.14783
3084 0.147109
3085 0.146387
3086 0.145666
3087 0.144945
3088 0.144224
3089 0.143502
3090 0.142781
3091 0.14206
3092 0.141339
3093 0.140618
3094 0.139897
3095 0.139176
3096 0.138455
3097 0.137734
3098 0.137013
3099 0.136292
3100 0.135572
3101 0.134851
3102 0.13413
3103 0.133409
3104 0.132689
3105 0.131968
3106 0.131247
3107 0.130527
3108 0.129806
3109 0.129086
3110 0.128365
3111 0.127645
3112 0.126924
3113 0.126204
3114 0.125483
3115 0.124763
3116 0.124043
3117 0.123323
3118 0.122602
3119 0.121882
3120 0.121162
3121 0.120442
3122 0.119722
3123 0.119002
3124 0.118282
3125 0.117562
3126 0.116842
3127 0.116122
3128 0.115402
3129 0.114682
3130 0.113962
3131 0.113242
3132 0.112522
3133 0.111803
3134 0.111083
3135 0.110363
3136 0.109643
3137 0.108924
3138 0.108204
3139 0.107485
3140 0.106765
3141 0.106046
3142 0.105326
3143 0.104607
3144 0.103887
3145 0.103168
3146 0.102449
3147 0.101729
3148 0.10101
3149 0.100291
3150 0.0995714
3151 0.0988522
3152 0.0981331
3153 0.097414
3154 0.0966949
3155 0.0959758
3156 0.0952568
3157 0.0945378
3158 0.0938188
3159 0.0930999
3160 0.092381
3161 0.0916621
3162 0.0909433
3163 0.0902245
3164 0.0895057
3165 0.088787
3166 0.0880682
3167 0.0873496
3168 0.0866309
3169 0.0859123
3170 0.0851937
3171 0.0844752
3172 0.0837567
3173 0.0830382
3174 0.0823197
3175 0.0816013
3176 0.0808829
3177 0.0801646
3178 0.0794462
3179 0.0787279
3180 0.0780097
3181 0.0772914
3182 0.0765732
3183 0.0758551
3184 0.0751369
3185 0.0744188
3186 0.0737008
3187 0.0729827
3188 0.0722647
3189 0.0715468
3190 0.0708288
3191 0.0701109
3192 0.069393
3193 0.0686752
3194 0.0679574
3195 0.0672396
3196 0.0665218
3197 0.0658041
3198 0.0650864
3199 0.0643688
3200 0.0636511
3201 0.0629335
3202 0.062216
3203 0.0614985
3204 0.060781
3205 0.0600635
3206 0.0593461
3207 0.0586287
3208 0.0579113
3209 0.057194
3210 0.0564767
3211 0.0557594
3212 0.0550421
3213 0.0543249
3214 0.0536078
3215 0.0528906
3216 0.0521735
3217 0.0514564
3218 0.0507394
3219 0.0500223
3220 0.0493054
3221 0.0485884
3222 0.0478715
3223 0.0471546
3224 0.0464377
3225 0.0457209
3226 0.0450041
3227 0.0442874
3228 0.0435706
3229 0.0428539
3230 0.0421373
3231 0.0414206
3232 0.040704
3233 0.0399875
3234 0.0392709
3235 0.0385544
3236 0.0378379
3237 0.0371215
3238 0.0364051
3239 0.0356887
3240 0.0349724
3241 0.034256
3242 0.0335398
3243 0.0328235
3244 0.0321073
3245 0.0313911
3246 0.0306749
3247 0.0299588
3248 0.0292427
3249 0.0285267
3250 0.0278106
3251 0.0270946
3252 0.0263787
3253 0.0256627
3254 0.0249468
3255 0.024231
3256 0.0235151
3257 0.0227993
3258 0.0220836
3259 0.0213678
3260 0.0206521
3261 0.0199364
3262 0.0192208
3263 0.0185052
3264 0.0177896
3265 0.017074
3266 0.0163585
3267 0.015643
3268 0.0149276
3269 0.0142122
3270 0.0134968
3271 0.0127814
3272 0.0120661
3273 0.0113508
3274 0.0106355
3275 0.00992029
3276 0.00920509
3277 0.00848992
3278 0.00777478
3279 0.00705968
3280 0.00634461
3281 0.00562957
3282 0.00491456
3283 0.00419958
3284 0.00348464
3285 0.00276973
3286 0.00205485
3287 0.00134
3288 0.000625182
3289 0
3290 0
3291 0
3292 0
3293 0
3294 0
3295 0
3296 0
3297 0
3298 0
3299 0
3300 0
3301 0
3302 0
3303 0
3304 0
3305 0
3306 0
3307 0
3308 0
3309 0
3310 0
3311 0
3312 0
3313 0
3314 0
3315 0
3316 0
3317 0
3318 0
3319 0
3320 0
3321 0
3322 0
3323 0
3324 0
3325 0
3326 0
3327 0
3328 0
3329 0
3330 0
3331 0
3332 0
3333 0
3334 0
3335 0
3336 0
3337 0
3338 0
3339 0
3340 0
3341 0
3342 0
3343 0
3344 0
3345 0
3346 0
3347 0
3348 0
3349 0
3350 0
3351 0
3352 0
3353 0
3354 0
3355 0
3356 0
3357 0
3358 0
3359 0
3360 0
3361 0
3362 0
3363 0
3364 0
3365 0
3366 0
3367 0
3368 0
3369 0
3370 0
3371 0
3372 0
3373 0
3374 0
3375 0
3376 0
3377 0
3378 0
3379 0
3380 0
3381 0
3382 0
3383 0
3384 0
3385 0
3386 0
3387 0
3388 0
3389 0
3390 0
3391 0
3392 0
3393 0
3394 0
3395 0
3396 0
3397 0
3398 0
3399 0
3400 0
3401 0
3402 0
3403 0
3404 0
3405 0
3406 0
3407 0
3408 0
3409 0
3410 0
3411 0
3412 0
3413 0
3414 0
3415 0
3416 0
3417 0
3418 0
3419 0
3420 0
3421 0
3422 0
3423 0
3424 0
3425 0
3426 0
3427 0
3428 0
3429 0
3430 0
3431 0
3432 0
3433 0
3434 0
3435 0
3436 0
3437 0
3438 0
3439 0
3440 0
3441 0
3442 0
3443 0
3444 0
3445 0
3446 0
3447 0
3448 0
3449 0
3450 0
3451 0
3452 0
3453 0
3454 0
3455 0
3456 0
3457 0
3458 0
3459 0
3460 0
3461 0
3462 0
3463 0
3464 0
3465 0
3466 0
3467 0
3468 0
3469 0
3470 0
3471 0
3472 0
3473 0
3474 0
3475 0
3476 0
3477 0
3478 0
3479 0
3480 0
3481 0
3482 0
3483 0
3484 0
3485 0
3486 0
3487 0
3488 0
3489 0
3490 0
3491 0
3492 0
3493 0
3494 0
3495 0
3496 0
3497 0
3498 0
3499 0
3500 0
3501 0
3502 0
3503 0
3504 0
3505 0
3506 0
3507 0
3508 0
3509 0
3510 0
3511 0
3512 0
3513 0
3514 0
3515 0
3516 0
3517 0
3518 0
3519 0
3520 0
3521 0
3522 0
3523 0
3524 0
3525 0
3526 0
3527 0
3528 0
3529 0
3530 0
3531 0
3532 0
3533 0
3534 0
3535 0
3536 0
3537 0
3538 0
3539 0
3540 0
3541 0
3542 0
3543 0
3544 0
3545 0
3546 0
3547 0
3548 0
3549 0
3550 0
3551 0
3552 0
3553 0
3554 0
3555 0
3556 0
3557 0
3558 0
3559 0
3560 0
3561 0
3562 0
3563 0
3564 0
3565 0
3566 0
3567 0
3568 0
3569 0
3570 0
3571 0
3572 0
3573 0
3574 0
3575 0
3576 0
3577 0
3578 0
3579 0
3580 0
3581 0
3582 0
3583 0
3584 0
3585 0
3586 0
3587 0
3588 0
3589 0
3590 0
3591 0
3592 0
3593 0
3594 0
3595 0
3596 0
3597 0
3598 0
3599 0
3600 0
3601 0
3602 0
3603 0
3604 0
3605 0
3606 0
3607 0
3608 0
3609 0
3610 0
3611 0
3612 0
3613 0
3614 0
3615 0
3616 0
3617 0
3618 0
3619 0
3620 0
3621 0
3622 0
3623 0
3624 0
3625 0
3626 0
3627 0
3628 0
3629 0
3630 0
3631 0
3632 0
3633 0
3634 0
3635 0
3636 0
3637 0
3638 0
3639 0
3640 0
3641 0
3642 0
3643 0
3644 0
3645 0
3646 0
3647 0
3648 0
3649 0
3650 0
3651 0
3652 0
3653 0
3654 0
3655 0
3656 0
3657 0
3658 0
3659 0
3660 0
3661 0
3662 0
3663 0
3664 0
3665 0
3666 0
3667 0
3668 0
3669 0
3670 0
3671 0
3672 0
3673 0
3674 0
3675 0
3676 0
3677 0
3678 0
3679 0
3680 0
3681 0
3682 0
3683 0
3684 0
3685 0
3686 0
3687 0
3688 0
3689 0
3690 0
3691 0
3692 0
3693 0
3694 0
3695 0
3696 0
3697 0
3698 0
3699 0
3700 0
3701 0
3702 0
3703 0
3704 0
3705 0
3706 0
3707 0
3708 0
3709 0
3710 0
3711 0
3712 0
3713 0
3714 0
3715 0
3716 0
3717 0
3718 0
3719 0
3720 0
3721 0
3722 0
3723 0
3724 0
3725 0
3726 0
3727 0
3728 0
3729 0
3730 0
3731 0
3732 0
3733 0
3734 0
3735 0
3736 0
3737 0
3738 0
3739 0
3740 0
3741 0
3742 0
3743 0
3744 0
3745 0
3746 0
3747 0
3748 0
3749 0
3750 0
3751 0
3752 0
3753 0
3754 0
3755 0
3756 0
3757 0
3758 0
3759 0
3760 0
3761 0
3762 0
3763 0
3764 0
3765 0
3766 0
3767 0
3768 0
3769 0
3770 0
3771 0
3772 0
3773 0
3774 0
3775 0
3776 0
3777 0
3778 0
3779 0
3780 0
3781 0
3782 0
3783 0
3784 0
3785 0
3786 0
3787 0
3788 0
3789 0
3790 0
3791 0
3792 0
3793 0
3794 0
3795 0
3796 0
3797 0
3798 0
3799 0
3800 0
3801 0
3802 0
3803 0
3804 0
3805 0
3806 0
3807 0
3808 0
3809 0
3810 0
3811 0
3812 0
3813 0
3814 0
3815 0
3816 0
3817 0
3818 0
3819 0
3820 0
3821 0
3822 0
3823 0
3824 0
3825 0
3826 0
3827 0
3828 0
3829 0
3830 0
3831 0
3832 0
3833 0
3834 0
3835 0
3836 0
3837 0
3838 0
3839 0
3840 0
3841 0
3842 0
3843 0
3844 0
3845 0
3846 0
3847 0
3848 0
3849 0
3850 0
3851 0
3852 0
3853 0
3854 0
3855 0
3856 0
3857 0
3858 0
3859 0
3860 0
3861 0
3862 0
3863 0
3864 0
3865 0
3866 0
3867 0
3868 0
3869 0
3870 0
3871 0
3872 0
3873 0
3874 0
3875 0
3876 0
3877 0
3878 0
3879 0
3880 0
3881 0
3882 0
3883 0
3884 0
3885 0
3886 0
3887 0
3888 0
3889 0
3890 0
3891 0
3892 0
3893 0
3894 0
3895 0
3896 0
3897 0
3898 0
3899 0
3900 0
3901 0
3902 0
3903 0
3904 0
3905 0
3906 0
3907 0
3908 0
3909 0
3910 0
3911 0
3912 0
3913 0
3914 0
3915 0
3916 0
3917 0
3918 0
3919 0
3920 0
3921 0
3922 0
3923 0
3924 0
3925 0
3926 0
3927 0
3928 0
3929 0
3930 0
3931 0
3932 0
3933 0
3934 0
3935 0
3936 0
3937 0
3938 0
3939 0
3940 0
3941 0
3942 0
3943 0
3944 0
3945 0
3946 0
3947 0
3948 0
3949 0
3950 0
3951 0
3952 0
3953 0
3954 0
3955 0
3956 0
3957 0
3958 0
3959 0
3960 0
3961 0
3962 0
3963 0
3964 0
3965 0
3966 0
3967 0
3968 0
3969 0
3970 0
3971 0
3972 0
3973 0
3974 0
3975 0
3976 0
3977 0
3978 0
3979 0
3980 0
3981 0
3982 0
3983 0
3984 0
3985 0
3986 0
3987 0
3988 0
3989 0
3990 0
3991 0
3992 0
3993 0
3994 0
3995 0
3996 0
3997 0
3998 0
3999 0
4000 0
4001 0
4002 0
4003 0
4004 0
4005 0
4006 0
4007 0
4008 0
4009 0
4010 0
4011 0
4012 0
4013 0
4014 0
4015 0
4016 0
4017 0
4018 0
4019 0
4020 0
4021 0
4022 0
4023 0
4024 0
4025 0
4026 0
4027 0
4028 0
4029 0
4030 0
4031 0
4032 0
4033 0
4034 0
4035 0
4036 0
4037 0
4038 0
4039 0
4040 0
4041 0
4042 0
4043 0
4044 0
4045 0
4046 0
4047 0
4048 0
4049 0
4050 0
4051 0
4052 0
4053 0
4054 0
4055 0
4056 0
4057 0
4058 0
4059 0
4060 0
4061 0
4062 0
4063 0
4064 0
4065 0
4066 0
4067 0
4068 0
4069 0
4070 0
4071 0
4072 0
4073 0
4074 0
4075 0
4076 0
4077 0
4078 0
4079 0
4080 0
4081 0
4082 0
4083 0
4084 0
4085 0
4086 0
4087 0
4088 0
4089 0
4090 0
4091 0
4092 0
4093 0
4094 0
4095 0
4096 0
4097 0
4098 0
4099 0
4100 0
4101 0
4102 0
4103 0
4104 0
4105 0
4106 0
4107 0
4108 0
4109 0
4110 0
4111 0
4112 0
4113 0
4114 0
4115 0
4116 0
4117 0
4118 0
4119 0
4120 0
4121 0
4122 0
4123 0
4124 0
4125 0
4126 0
4127 0
4128 0
4129 0
4130 0
4131 0
4132 0
4133 0
4134 0
4135 0
4136 0
4137 0
4138 0
4139 0
4140 0
4141 0
4142 0
4143 0
4144 0
4145 0
4146 0
4147 0
4148 0
4149 0
4150 0
4151 0
4152 0
4153 0
4154 0
4155 0
4156 0
4157 0
4158 0
4159 0
4160 0
4161 0
4162 0
4163 0
4164 0
4165 0
4166 0
4167 0
4168 0
4169 0
4170 0
4171 0
4172 0
4173 0
4174 0
4175 0
4176 0
4177 0
4178 0
4179 0
4180 0
4181 0
4182 0
4183 0
4184 0
4185 0
4186 0
4187 0
4188 0
4189 0
4190 0
4191 0
4192 0
4193 0
4194 0
4195 0
4196 0
4197 0
4198 0
4199 0
4200 0
4201 0
4202 0
4203 0
4204 0
4205 0
4206 0
4207 0
4208 0
4209 0
4210 0
4211 0
4212 0
4213 0
4214 0
4215 0
4216 0
4217 0
4218 0
4219 0
4220 0
4221 0
4222 0
4223 0
4224 0
4225 0
4226 0
4227 0
4228 0
4229 0
4230 0
4231 0
4232 0
4233 0
4234 0
4235 0
4236 0
4237 0
4238 0
4239 0
4240 0
4241 0
4242 0
4243 0
4244 0
4245 0
4246 0
4247 0
4248 0
4249 0
4250 0
4251 0
4252 0
4253 0
4254 0
4255 0
4256 0
4257 0
4258 0
4259 0
4260 0
4261 0
4262 0
4263 0
4264 0
4265 0
4266 0
4267 0
4268 0
4269 0
4270 0
4271 0
4272 0
4273 0
4274 0
4275 0
4276 0
4277 0
4278 0
4279 0
4280 0
4281 0
4282 0
4283 0
4284 0
4285 0
4286 0
4287 0
4288 0
4289 0
4290 0
4291 0
4292 0
4293 0
4294 0
4295 0
4296 0
4297 0
4298 0
4299 0
4300 0
4301 0
4302 0
4303 0
4304 0
4305 0
4306 0
4307 0
4308 0
4309 0
4310 0
4311 0
4312 0
4313 0
4314 0
4315 0
4316 0
4317 0
4318 0
4319 0
4320 0
4321 0
4322 0
4323 0
4324 0
4325 0
4326 0
4327 0
4328 0
4329 0
4330 0
4331 0
4332 0
4333 0
4334 0
4335 0
4336 0
4337 0
4338 0
4339 0
4340 0
4341 0
4342 0
4343 0
4344 0
4345 0
4346 0
4347 0
4348 0
4349 0
4350 0
4351 0
4352 0
4353 0
4354 0
4355 0
4356 0
4357 0
4358 0
4359 0
4360 0
4361 0
4362 0
4363 0
4364 0
4365 0
4366 0
4367 0
4368 0
4369 0
4370 0
4371 0
4372 0
4373 0
4374 0
4375 0
4376 0
4377 0
4378 0
4379 0
4380 0
4381 0
4382 0
4383 0
4384 0
4385 0
4386 0
4387 0
4388 0
4389 0
4390 0
4391 0
4392 0
4393 0
4394 0
4395 0
4396 0
4397 0
4398 0
4399 0
4400 0
4401 0
4402 0
4403 0
4404 0
4405 0
4406 0
4407 0
4408 0
4409 0
4410 0
4411 0
4412 0
4413 0
4414 0
4415 0
4416 0
4417 0
4418 0
4419 0
4420 0
4421 0
4422 0
4423 0
4424 0
4425 0
4426 0
4427 0
4428 0
4429 0
4430 0
4431 0
4432 0
4433 0
4434 0
4435 0
4436 0
4437 0
4438 0
4439 0
4440 0
4441 0
4442 0
4443 0
4444 0
4445 0
4446 0
4447 0
4448 0
4449 0
4450 0
4451 0
4452 0
4453 0
4454 0
4455 0
4456 0
4457 0
4458 0
4459 0
4460 0
4461 0
4462 0
4463 0
4464 0
4465 0
4466 0
4467 0
4468 0
4469 0
4470 0
4471 0
4472 0
4473 0
4474 0
4475 0
4476 0
4477 0
4478 0
4479 0
4480 0
4481 0
4482 0
4483 0
4484 0
4485 0
4486 0
4487 0
4488 0
4489 0
4490 0
4491 0
4492 0
4493 0
4494 0
4495 0
4496 0
4497 0
4498 0
4499 0
4500 0
4501 0
4502 0
4503 0
4504 0
4505 0
4506 0
4507 0
4508 0
4509 0
4510 0
4511 0
4512 0
4513 0
4514 0
4515 0
4516 0
4517 0
4518 0
4519 0
4520 0
4521 0
4522 0
4523 0
4524 0
4525 0
4526 0
4527 0
4528 0
4529 0
4530 0
4531 0
4532 0
4533 0
4534 0
4535 0
4536 0
4537 0
4538 0
4539 0
4540 0
4541 0
4542 0
4543 0
4544 0
4545 0
4546 0
4547 0
4548 0
4549 0
4550 0
4551 0
4552 0
4553 0
4554 0
4555 0
4556 0
4557 0
4558 0
4559 0
4560 0
4561 0
4562 0
4563 0
4564 0
4565 0
4566 0
4567 0
4568 0
4569 0
4570 0
4571 0
4572 0
4573 0
4574 0
4575 0
4576 0
4577 0
4578 0
4579 0
4580 0
4581 0
4582 0
4583 0
4584 0
4585 0
4586 0
4587 0
4588 0
4589 0
4590 0
4591 0
4592 0
4593 0
4594 0
4595 0
4596 0
4597 0
4598 0
4599 0
4600 0
4601 0
4602 0
4603 0
4604 0
4605 0
4606 0
4607 0
4608 0
4609 0
4610 0
4611 0
4612 0
4613 0
4614 0
4615 0
4616 0
4617 0
4618 0
4619 0
4620 0
4621 0
4622 0
4623 0
4624 0
4625 0
4626 0
4627 0
4628 0
4629 0
4630 0
4631 0
4632 0
4633 0
4634 0
4635 0
4636 0
4637 0
4638 0
4639 0
4640 0
4641 0
4642 0
4643 0
4644 0
4645 0
4646 0
4647 0
4648 0
4649 0
4650 0
4651 0
4652 0
4653 0
4654 0
4655 0
4656 0
4657 0
4658 0
4659 0
4660 0
4661 0
4662 0
4663 0
4664 0
4665 0
4666 0
4667 0
4668 0
4669 0
4670 0
4671 0
4672 0
4673 0
4674 0
4675 0
4676 0
4677 0
4678 0
4679 0
4680 0
4681 0
4682 0
4683 0
4684 0
4685 0
4686 0
4687 0
4688 0
4689 0
4690 0
4691 0
4692 0
4693 0
4694 0
4695 0
4696 0
4697 0
4698 0
4699 0
4700 0
4701 0
4702 0
4703 0
4704 0
4705 0
4706 0
4707 0
4708 0
4709 0
4710 0
4711 0
4712 0
4713 0
4714 0
4715 0
4716 0
4717 0
4718 0
4719 0
4720 0
4721 0
4722 0
4723 0
4724 0
4725 0
4726 0
4727 0
4728 0
4729 0
4730 0
4731 0
4732 0
4733 0
4734 0
4735 0
4736 0
4737 0
4738 0
4739 0
4740 0
4741 0
4742 0
4743 0
4744 0
4745 0
4746 0
4747 0
4748 0
4749 0
4750 0
4751 0
4752 0
4753 0
4754 0
4755 0
4756 0
4757 0
4758 0
4759 0
4760 0
4761 0
4762 0
4763 0
4764 0
4765 0
4766 0
4767 0
4768 0
4769 0
4770 0
4771 0
4772 0
4773 0
4774 0
4775 0
4776 0
4777 0
4778 0
4779 0
4780 0
4781 0
4782 0
4783 0
4784 0
4785 0
4786 0
4787 0
4788 0
4789 0
4790 0
4791 0
4792 0
4793 0
4794 0
4795 0
4796 0
4797 0
4798 0
4799 0
4800 0
4801 0
4802 0
4803 0
4804 0
4805 0
4806 0
4807 0
4808 0
4809 0
4810 0
4811 0
4812 0
4813 0
4814 0
4815 0
4816 0
4817 0
4818 0
4819 0
4820 0
4821 0
4822 0
4823 0
4824 0
4825 0
4826 0
4827 0
4828 0
4829 0
4830 0
4831 0
4832 0
4833 0
4834 0
4835 0
4836 0
4837 0
4838 0
4839 0
4840 0
4841 0
4842 0
4843 0
4844 0
4845 0
4846 0
4847 0
4848 0
4849 0
4850 0
4851 0
4852 0
4853 0
4854 0
4855 0
4856 0
4857 0
4858 0
4859 0
4860 0
4861 0
4862 0
4863 0
4864 0
4865 0
4866 0
4867 0
4868 0
4869 0
4870 0
4871 0
4872 0
4873 0
4874 0
4875 0
4876 0
4877 0
4878 0
4879 0
4880 0
4881 0
4882 0
4883 0
4884 0
4885 0
4886 0
4887 0
4888 0
4889 0
4890 0
4891 0
4892 0
4893 0
4894 0
4895 0
4896 0
4897 0
4898 0
4899 0
4900 0
4901 0
4902 0
4903 0
4904 0
4905 0
4906 0
4907 0
4908 0
4909 0
4910 0
4911 0
4912 0
4913 0
4914 0
4915 0
4916 0
4917 0
4918 0
4919 0
4920 0
4921 0
4922 0
4923 0
4924 0
4925 0
4926 0
4927 0
4928 0
4929 0
4930 0
4931 0
4932 0
4933 0
4934 0
4935 0
4936 0
4937 0
4938 0
4939 0
4940 0
4941 0
4942 0
4943 0
4944 0
4945 0
4946 0
4947 0
4948 0
4949 0
4950 0
4951 0
4952 0
4953 0
4954 0
4955 0
4956 0
4957 0
4958 0
4959 0
4960 0
4961 0
4962 0
4963 0
4964 0
4965 0
4966 0
4967 0
4968 0
4969 0
4970 0
4971 0
4972 0
4973 0
4974 0
4975 0
4976 0
4977 0
4978 0
4979 0
4980 0
4981 0
4982 0
4983 0
4984 0
4985 0
4986 0
4987 0
4988 0
4989 0
4990 0
4991 0
4992 0
4993 0
4994 0
4995 0
4996 0
4997 0
4998 0
4999 0
5000 0
5001 0
5002 0
5003 0
5004 0
5005 0
5006 0
5007 0
5008 0
5009 0
5010 0
5011 0
5012 0
5013 0
5014 0
5015 0
5016 0
5017 0
5018 0
5019 0
5020 0
5021 0
5022 0
5023 0
5024 0
5025 0
5026 0
5027 0
5028 0
5029 0
5030 0
5031 0
5032 0
5033 0
5034 0
5035 0
5036 0
5037 0
5038 0
5039 0
5040 0
5041 0
5042 0
5043 0
5044 0
5045 0
5046 0
5047 0
5048 0
5049 0
5050 0
5051 0
5052 0
5053 0
5054 0
5055 0
5056 0
5057 0
5058 0
5059 0
5060 0
5061 0
5062 0
5063 0
5064 0
5065 0
5066 0
5067 0
5068 0
5069 0
5070 0
5071 0
5072 0
5073 0
5074 0
5075 0
5076 0
5077 0
5078 0
5079 0
5080 0
5081 0
5082 0
5083 0
5084 0
5085 0
5086 0
5087 0
5088 0
5089 0
5090 0
5091 0
5092 0
5093 0
5094 0
5095 0
5096 0
5097 0
5098 0
5099 0
5100 0
5101 0
5102 0
5103 0
5104 0
5105 0
5106 0
5107 0
5108 0
5109 0
5110 0
5111 0
5112 0
5113 0
5114 0
5115 0
5116 0
5117 0
5118 0
5119 0
5120 0
5121 0
5122 0
5123 0
5124 0
5125 0
5126 0
5127 0
5128 0
5129 0
5130 0
5131 0
5132 0
5133 0
5134 0
5135 0
5136 0
5137 0
5138 0
5139 0
5140 0
5141 0
5142 0
5143 0
5144 0
5145 0
5146 0
5147 0
5148 0
5149 0
5150 0
5151 0
5152 0
5153 0
5154 0
5155 0
5156 0
5157 0
5158 0
5159 0
5160 0
5161 0
5162 0
5163 0
5164 0
5165 0
5166 0
5167 0
5168 0
5169 0
5170 0
5171 0
5172 0
5173 0
5174 0
5175 0
5176 0
5177 0
5178 0
5179 0
5180 0
5181 0
5182 0
5183 0
5184 0
5185 0
5186 0
5187 0
5188 0
5189 0
5190 0
5191 0
5192 0
5193 0
5194 0
5195 0
5196 0
5197 0
5198 0
5199 0
5200 0
5201 0
5202 0
5203 0
5204 0
5205 0
5206 0
5207 0
5208 0
5209 0
5210 0
5211 0
5212 0
5213 0
5214 0
5215 0
5216 0
5217 0
5218 0
5219 0
5220 0
5221 0
5222 0
5223 0
5224 0
5225 0
5226 0
5227 0
5228 0
5229 0
5230 0
5231 0
5232 0
5233 0
5234 0
5235 0
5236 0
5237 0
5238 0
5239 0
5240 0
5241 0
5242 0
5243 0
5244 0
5245 0
5246 0
5247 0
5248 0
5249 0
5250 0
5251 0
5252 0
5253 0
5254 0
5255 0
5256 0
5257 0
5258 0
5259 0
5260 0
5261 0
5262 0
5263 0
5264 0
5265 0
5266 0
5267 0
5268 0
5269 0
5270 0
5271 0
5272 0
5273 0
5274 0
5275 0
5276 0
5277 0
5278 0
5279 0
5280 0
5281 0
5282 0
5283 0
5284 0
5285 0
5286 0
5287 0
5288 0
5289 0
5290 0
5291 0
5292 0
5293 0
5294 0
5295 0
5296 0
5297 0
5298 0
5299 0
5300 0
5301 0
5302 0
5303 0
5304 0
5305 0
5306 0
5307 0
5308 0
5309 0
5310 0
5311 0
5312 0
5313 0
5314 0
5315 0
5316 0
5317 0
5318 0
5319 0
5320 0
5321 0
5322 0
5323 0
5324 0
5325 0
5326 0
5327 0
5328 0
5329 0
5330 0
5331 0
5332 0
5333 0
5334 0
5335 0
5336 0
5337 0
5338 0
5339 0
5340 0
5341 0
5342 0
5343 0
5344 0
5345 0
5346 0
5347 0
5348 0
5349 0
5350 0
5351 0
5352 0
5353 0
5354 0
5355 0
5356 0
5357 0
5358 0
5359 0
5360 0
5361 0
5362 0
5363 0
5364 0
5365 0
5366 0
5367 0
5368 0
5369 0
5370 0
5371 0
5372 0
5373 0
5374 0
5375 0
5376 0
5377 0
5378 0
5379 0
5380 0
5381 0
5382 0
5383 0
5384 0
5385 0
5386 0
5387 0
5388 0
5389 0
5390 0
5391 0
5392 0
5393 0
5394 0
5395 0
5396 0
5397 0
5398 0
5399 0
5400 0
5401 0
5402 0
5403 0
5404 0
5405 0
5406 0
5407 0
5408 0
5409 0
5410 0
5411 0
5412 0
5413 0
5414 0
5415 0
5416 0
5417 0
5418 0
5419 0
5420 0
5421 0
5422 0
5423 0
5424 0
5425 0
5426 0
5427 0
5428 0
5429 0
5430 0
5431 0
5432 0
5433 0
5434 0
5435 0
5436 0
5437 0
5438 0
5439 0
5440 0
5441 0
5442 0
5443 0
5444 0
5445 0
5446 0
5447 0
5448 0
5449 0
5450 0
5451 0
5452 0
5453 0
5454 0
5455 0
5456 0
5457 0
5458 0
5459 0
5460 0
5461 0
5462 0
5463 0
5464 0
5465 0
5466 0
5467 0
5468 0
5469 0
5470 0
5471 0
5472 0
5473 0
5474 0
5475 0
5476 0
5477 0
5478 0
5479 0
5480 0
5481 0
5482 0
5483 0
5484 0
5485 0
5486 0
5487 0
5488 0
5489 0
5490 0
5491 0
5492 0
5493 0
5494 0
5495 0
5496 0
5497 0
5498 0
5499 0
5500 0
5501 0
5502 0
5503 0
5504 0
5505 0
5506 0
5507 0
5508 0
5509 0
5510 0
5511 0
5512 0
5513 0
5514 0
5515 0
5516 0
5517 0
5518 0
5519 0
5520 0
5521 0
5522 0
5523 0
5524 0
5525 0
5526 0
5527 0
5528 0
5529 0
5530 0
5531 0
5532 0
5533 0
5534 0
5535 0
5536 0
5537 0
5538 0
5539 0
5540 0
5541 0
5542 0
5543 0
5544 0
5545 0
5546 0
5547 0
5548 0
5549 0
5550 0
5551 0
5552 0
5553 0
5554 0
5555 0
5556 0
5557 0
5558 0
5559 0
5560 0
5561 0
5562 0
5563 0
5564 0
5565 0
5566 0
5567 0
5568 0
5569 0
5570 0
5571 0
5572 0
5573 0
5574 0
5575 0
5576 0
5577 0
5578 0
5579 0
5580 0
5581 0
5582 0
5583 0
5584 0
5585 0
5586 0
5587 0
5588 0
5589 0
5590 0
5591 0
5592 0
5593 0
5594 0
5595 0
5596 0
5597 0
5598 0
5599 0
5600 0
5601 0
5602 0
5603 0
5604 0
5605 0
5606 0
5607 0
5608 0
5609 0
5610 0
5611 0
5612 0
5613 0
5614 0
5615 0
5616 0
5617 0
5618 0
5619 0
5620 0
5621 0
5622 0
5623 0
5624 0
5625 0
5626 0
5627 0
5628 0
5629 0
5630 0
5631 0
5632 0
5633 0
5634 0
5635 0
5636 0
5637 0
5638 0
5639 0
5640 0
5641 0
5642 0
5643 0
5644 0
5645 0
5646 0
5647 0
5648 0
5649 0
5650 0
5651 0
5652 0
5653 0
5654 0
5655 0
5656 0
5657 0
5658 0
5659 0
5660 0
5661 0
5662 0
5663 0
5664 0
5665 0
5666 0
5667 0
5668 0
5669 0
5670 0
5671 0
5672 0
5673 0
5674 0
5675 0
5676 0
5677 0
5678 0
5679 0
5680 0
5681 0
5682 0
5683 0
5684 0
5685 0
5686 0
5687 0
5688 0
5689 0
5690 0
5691 0
5692 0
5693 0
5694 0
5695 0
5696 0
5697 0
5698 0
5699 0
5700 0
5701 0
5702 0
5703 0
5704 0
5705 0
5706 0
5707 0
5708 0
5709 0
5710 0
5711 0
5712 0
5713 0
5714 0
5715 0
5716 0
5717 0
5718 0
5719 0
5720 0
5721 0
5722 0
5723 0
5724 0
5725 0
5726 0
5727 0
5728 0
5729 0
5730 0
5731 0
5732 0
5733 0
5734 0
5735 0
5736 0
5737 0
5738 0
5739 0
5740 0
5741 0
5742 0
5743 0
5744 0
5745 0
5746 0
5747 0
5748 0
5749 0
5750 0
5751 0
5752 0
5753 0
5754 0
5755 0
5756 0
5757 0
5758 0
5759 0
5760 0
5761 0
5762 0
5763 0
5764 0
5765 0
5766 0
5767 0
5768 0
5769 0
5770 0
5771 0
5772 0
5773 0
5774 0
5775 0
5776 0
5777 0
5778 0
5779 0
5780 0
5781 0
5782 0
5783 0
5784 0
5785 0
5786 0
5787 0
5788 0
5789 0
5790 0
5791 0
5792 0
5793 0
5794 0
5795 0
5796 0
5797 0
5798 0
5799 0
5800 0
5801 0
5802 0
5803 0
5804 0
5805 0
5806 0
5807 0
5808 0
5809 0
5810 0
5811 0
5812 0
5813 0
5814 0
5815 0
5816 0
5817 0
5818 0
5819 0
5820 0
5821 0
5822 0
5823 0
5824 0
5825 0
5826 0
5827 0
5828 0
5829 0
5830 0
5831 0
5832 0
5833 0
5834 0
5835 0
5836 0
5837 0
5838 0
5839 0
5840 0
5841 0
5842 0
5843 0
5844 0
5845 0
5846 0
5847 0
5848 0
5849 0
5850 0
5851 0
5852 0
5853 0
5854 0
5855 0
5856 0
5857 0
5858 0
5859 0
5860 0
5861 0
5862 0
5863 0
5864 0
5865 0
5866 0
5867 0
5868 0
5869 0
5870 0
5871 0
5872 0
5873 0
5874 0
5875 0
5876 0
5877 0
5878 0
5879 0
5880 0
5881 0
5882 0
5883 0
5884 0
5885 0
5886 0
5887 0
5888 0
5889 0
5890 0
5891 0
5892 0
5893 0
5894 0
5895 0
5896 0
5897 0
5898 0
5899 0
5900 0
5901 0
5902 0
5903 0
5904 0
5905 0
5906 0
5907 0
5908 0
5909 0
5910 0
5911 0
5912 0
5913 0
5914 0
5915 0
5916 0
5917 0
5918 0
5919 0
5920 0
5921 0
5922 0
5923 0
5924 0
5925 0
5926 0
5927 0
5928 0
5929 0
5930 0
5931 0
5932 0
5933 0
5934 0
5935 0
5936 0
5937 0
5938 0
5939 0
5940 0
5941 0
5942 0
5943 0
5944 0
5945 0
5946 0
5947 0
5948 0
5949 0
5950 0
5951 0
5952 0
5953 0
5954 0
5955 0
5956 0
5957 0
5958 0
5959 0
5960 0
5961 0
5962 0
5963 0
5964 0
5965 0
5966 0
5967 0
5968 0
5969 0
5970 0
5971 0
5972 0
5973 0
5974 0
5975 0
5976 0
5977 0
5978 0
5979 0
5980 0
5981 0
5982 0
5983 0
5984 0
5985 0
5986 0
5987 0
5988 0
5989 0
5990 0
5991 0
5992 0
5993 0
5994 0
5995 0
5996 0
5997 0
5998 0
5999 0
6000 0
6001 0
6002 0
6003 0
6004 0
6005 0
6006 0
6007 0
6008 0
6009 0
6010 0
6011 0
6012 0
6013 0
6014 0
6015 0
6016 0
6017 0
6018 0
6019 0
6020 0
6021 0
6022 0
6023 0
6024 0
6025 0
6026 0
6027 0
6028 0
6029 0
6030 0
6031 0
6032 0
6033 0
6034 0
6035 0
6036 0
6037 0
6038 0
6039 0
6040 0
6041 0
6042 0
6043 0
6044 0
6045 0
6046 0
6047 0
6048 0
6049 0
6050 0
6051 0
6052 0
6053 0
6054 0
6055 0
6056 0
6057 0
6058 0
6059 0
6060 0
6061 0
6062 0
6063 0
6064 0
6065 0
6066 0
6067 0
6068 0
6069 0
6070 0
6071 0
6072 0
6073 0
6074 0
6075 0
6076 0
6077 0
6078 0
6079 0
6080 0
6081 0
6082 0
6083 0
6084 0
6085 0
6086 0
6087 0
6088 0
6089 0
6090 0
6091 0
6092 0
6093 0
6094 0
6095 0
6096 0
6097 0
6098 0
6099 0
6100 0
6101 0
6102 0
6103 0
6104 0
6105 0
6106 0
6107 0
6108 0
6109 0
6110 0
6111 0
6112 0
6113 0
6114 0
6115 0
6116 0
6117 0
6118 0
6119 0
6120 0
6121 0
6122 0
6123 0
6124 0
6125 0
6126 0
6127 0
6128 0
6129 0
6130 0
6131 0
6132 0
6133 0
6134 0
6135 0
6136 0
6137 0
6138 0
6139 0
6140 0
6141 0
6142 0
6143 0
6144 0
6145 0
6146 0
6147 0
6148 0
6149 0
6150 0
6151 0
6152 0
6153 0
6154 0
6155 0
6156 0
6157 0
6158 0
6159 0
6160 0
6161 0
6162 0
6163 0
6164 0
6165 0
6166 0
6167 0
6168 0
6169 0
6170 0
6171 0
6172 0
6173 0
6174 0
6175 0
6176 0
6177 0
6178 0
6179 0
6180 0
6181 0
6182 0
6183 0
6184 0
6185 0
6186 0
6187 0
6188 0
6189 0
6190 0
6191 0
6192 0
6193 0
6194 0
6195 0
6196 0
6197 0
6198 0
6199 0
6200 0
6201 0
6202 0
6203 0
6204 0
6205 0
6206 0
6207 0
6208 0
6209 0
6210 0
6211 0
6212 0
6213 0
6214 0
6215 0
6216 0
6217 0
6218 0
6219 0
6220 0
6221 0
6222 0
6223 0
6224 0
6225 0
6226 0
6227 0
6228 0
6229 0
6230 0
6231 0
6232 0
6233 0
6234 0
6235 0
6236 0
6237 0
6238 0
6239 0
6240 0
6241 0
6242 0
6243 0
6244 0
6245 0
6246 0
6247 0
6248 0
6249 0
6250 0
6251 0
6252 0
6253 0
6254 0
6255 0
6256 0
6257 0
6258 0
6259 0
6260 0
6261 0
6262 0
6263 0
6264 0
6265 0
6266 0
6267 0
6268 0
6269 0
6270 0
6271 0
6272 0
6273 0
6274 0
6275 0
6276 0
6277 0
6278 0
6279 0
6280 0
6281 0
6282 0
6283 0
6284 0
6285 0
6286 0
6287 0
6288 0
6289 0
6290 0
6291 0
6292 0
6293 0
6294 0
6295 0
6296 0
6297 0
6298 0
6299 0
6300 0
6301 0
6302 0
6303 0
6304 0
6305 0
6306 0
6307 0
6308 0
6309 0
6310 0
6311 0
6312 0
6313 0
6314 0
6315 0
6316 0
6317 0
6318 0
6319 0
6320 0
6321 0
6322 0
6323 0
6324 0
6325 0
6326 0
6327 0
6328 0
6329 0
6330 0
6331 0
6332 0
6333 0
6334 0
6335 0
6336 0
6337 0
6338 0
6339 0
6340 0
6341 0
6342 0
6343 0
6344 0
6345 0
6346 0
6347 0
6348 0
6349 0
6350 0
6351 0
6352 0
6353 0
6354 0
6355 0
6356 0
6357 0
6358 0
6359 0
6360 0
6361 0
6362 0
6363 0
6364 0
6365 0
6366 0
6367 0
6368 0
6369 0
6370 0
6371 0
6372 0
6373 0
6374 0
6375 0
6376 0
6377 0
6378 0
6379 0
6380 0
6381 0
6382 0
6383 0
6384 0
6385 0
6386 0
6387 0
6388 0
6389 0
6390 0
6391 0
6392 0
6393 0
6394 0
6395 0
6396 0
6397 0
6398 0
6399 0
6400 0
6401 0
6402 0
6403 0
6404 0
6405 0
6406 0
6407 0
6408 0
6409 0
6410 0
6411 0
6412 0
6413 0
6414 0
6415 0
6416 0
6417 0
6418 0
6419 0
6420 0
6421 0
6422 0
6423 0
6424 0
6425 0
6426 0
6427 0
6428 0
6429 0
6430 0
6431 0
6432 0
6433 0
6434 0
6435 0
6436 0
6437 0
6438 0
6439 0
6440 0
6441 0
6442 0
6443 0
6444 0
6445 0
6446 0
6447 0
6448 0
6449 0
6450 0
6451 0
6452 0
6453 0
6454 0
6455 0
6456 0
6457 0
6458 0
6459 0
6460 0
6461 0
6462 0
6463 0
6464 0
6465 0
6466 0
6467 0
6468 0
6469 0
6470 0
6471 0
6472 0
6473 0
6474 0
6475 0
6476 0
6477 0
6478 0
6479 0
6480 0
6481 0
6482 0
6483 0
6484 0
6485 0
6486 0
6487 0
6488 0
6489 0
6490 0
6491 0
6492 0
6493 0
6494 0
6495 0
6496 0
6497 0
6498 0
6499 0
6500 0
6501 0
6502 0
6503 0
6504 0
6505 0
6506 0
6507 0
6508 0
6509 0
6510 0
6511 0
6512 0
6513 0
6514 0
6515 0
6516 0
6517 0
6518 0
6519 0
6520 0
6521 0
6522 0
6523 0
6524 0
6525 0
6526 0
6527 0
6528 0
6529 0
6530 0
6531 0
6532 0
6533 0
6534 0
6535 0
6536 0
6537 0
6538 0
6539 0
6540 0
6541 0
6542 0
6543 0
6544 0
6545 0
6546 0
6547 0
6548 0
6549 0
6550 0
6551 0
6552 0
6553 0
6554 0
6555 0
6556 0
6557 0
6558 0
6559 0
6560 0
6561 0
6562 0
6563 0
6564 0
6565 0
6566 0
6567 0
6568 0
6569 0
6570 0
6571 0
6572 0
6573 0
6574 0
6575 0
6576 0
6577 0
6578 0
6579 0
6580 0
6581 0
6582 0
6583 0
6584 0
6585 0
6586 0
6587 0
6588 0
6589 0
6590 0
6591 0
6592 0
6593 0
6594 0
6595 0
6596 0
6597 0
6598 0
6599 0
6600 0
6601 0
6602 0
6603 0
6604 0
6605 0
6606 0
6607 0
6608 0
6609 0
6610 0
6611 0
6612 0
6613 0
6614 0
6615 0
6616 0
6617 0
6618 0
6619 0
6620 0
6621 0
6622 0
6623 0
6624 0
6625 0
6626 0
6627 0
6628 0
6629 0
6630 0
6631 0
6632 0
6633 0
6634 0
6635 0
6636 0
6637 0
6638 0
6639 0
6640 0
6641 0
6642 0
6643 0
6644 0
6645 0
6646 0
6647 0
6648 0
6649 0
6650 0
6651 0
6652 0
6653 0
6654 0
6655 0
6656 0
6657 0
6658 0
6659 0
6660 0
6661 0
6662 0
6663 0
6664 0
6665 0
6666 0
6667 0
6668 0
6669 0
6670 0
6671 0
6672 0
6673 0
6674 0
6675 0
6676 0
6677 0
6678 0
6679 0
6680 0
6681 0
6682 0
6683 0
6684 0
6685 0
6686 0
6687 0
6688 0
6689 0
6690 0
6691 0
6692 0
6693 0
6694 0
6695 0
6696 0
6697 0
6698 0
6699 0
6700 0
6701 0
6702 0
6703 0
6704 0
6705 0
6706 0
6707 0
6708 0
6709 0
6710 0
6711 0
6712 0
6713 0
6714 0
6715 0
6716 0
6717 0
6718 0
6719 0
6720 0
6721 0
6722 0
6723 0
6724 0
6725 0
6726 0
6727 0
6728 0
6729 0
6730 0
6731 0
6732 0
6733 0
6734 0
6735 0
6736 0
6737 0
6738 0
6739 0
6740 0
6741 0
6742 0
6743 0
6744 0
6745 0
6746 0
6747 0
6748 0
6749 0
6750 0
6751 0
6752 0
6753 0
6754 0
6755 0
6756 0
6757 0
6758 0
6759 0
6760 0
6761 0
6762 0
6763 0
6764 0
6765 0
6766 0
6767 0
6768 0
6769 0
6770 0
6771 0
6772 0
6773 0
6774 0
6775 0
6776 0
6777 0
6778 0
6779 0
6780 0
6781 0
6782 0
6783 0
6784 0
6785 0
6786 0
6787 0
6788 0
6789 0
6790 0
6791 0
6792 0
6793 0
6794 0
6795 0
6796 0
6797 0
6798 0
6799 0
6800 0
6801 0
6802 0
6803 0
6804 0
6805 0
6806 0
6807 0
6808 0
6809 0
6810 0
6811 0
6812 0
6813 0
6814 0
6815 0
6816 0
6817 0
6818 0
6819 0
6820 0
6821 0
6822 0
6823 0
6824 0
6825 0
6826 0
6827 0
6828 0
6829 0
6830 0
6831 0
6832 0
6833 0
6834 0
6835 0
6836 0
6837 0
6838 0
6839 0
6840 0
6841 0
6842 0
6843 0
6844 0
6845 0
6846 0
6847 0
6848 0
6849 0
6850 0
6851 0
6852 0
6853 0
6854 0
6855 0
6856 0
6857 0
6858 0
6859 0
6860 0
6861 0
6862 0
6863 0
6864 0
6865 0
6866 0
6867 0
6868 0
6869 0
6870 0
6871 0
6872 0
6873 0
6874 0
6875 0
6876 0
6877 0
6878 0
6879 0
6880 0
6881 0
6882 0
6883 0
6884 0
6885 0
6886 0
6887 0
6888 0
6889 0
6890 0
6891 0
6892 0
6893 0
6894 0
6895 0
6896 0
6897 0
6898 0
6899 0
6900 0
6901 0
6902 0
6903 0
6904 0
6905 0
6906 0
6907 0
6908 0
6909 0
6910 0
6911 0
6912 0
6913 0
6914 0
6915 0
6916 0
6917 0
6918 0
6919 0
6920 0
6921 0
6922 0
6923 0
6924 0
6925 0
6926 0
6927 0
6928 0
6929 0
6930 0
6931 0
6932 0
6933 0
6934 0
6935 0
6936 0
6937 0
6938 0
6939 0
6940 0
6941 0
6942 0
6943 0
6944 0
6945 0
6946 0
6947 0
6948 0
6949 0
6950 0
6951 0
6952 0
6953 0
6954 0
6955 0
6956 0
6957 0
6958 0
6959 0
6960 0
6961 0
6962 0
6963 0
6964 0
6965 0
6966 0
6967 0
6968 0
6969 0
6970 0
6971 0
6972 0
6973 0
6974 0
6975 0
6976 0
6977 0
6978 0
6979 0
6980 0
6981 0
6982 0
6983 0
6984 0
6985 0
6986 0
6987 0
6988 0
6989 0
6990 0
6991 0
6992 0
6993 0
6994 0
6995 0
6996 0
6997 0
6998 0
6999 0
7000 0
7001 0
7002 0
7003 0
7004 0
7005 0
7006 0
7007 0
7008 0
7009 0
7010 0
7011 0
7012 0
7013 0
7014 0
7015 0
7016 0
7017 0
7018 0
7019 0
7020 0
7021 0
7022 0
7023 0
7024 0
7025 0
7026 0
7027 0
7028 0
7029 0
7030 0
7031 0
7032 0
7033 0
7034 0
7035 0
7036 0
7037 0
7038 0
7039 0
7040 0
7041 0
7042 0
7043 0
7044 0
7045 0
7046 0
7047 0
7048 0
7049 0
7050 0
7051 0
7052 0
7053 0
7054 0
7055 0
7056 0
