29 0.0992245
30 0.107824
31 0.116433
32 0.12506
33 0.133715
34 0.142405
35 0.151141
36 0.159931
37 0.168785
38 0.177711
39 0.186719
40 0.195818
41 0.205016
42 0.214323
43 0.223748
44 0.2333
45 0.242988
46 0.252821
47 0.262808
48 0.272958
49 0.28328
50 0.293784
51 0.304479
52 0.315372
53 0.326475
54 0.337795
55 0.349341
56 0.361124
57 0.373151
58 0.385432
59 0.397975
59 0.410781
60 0.423845
61 0.437166
62 0.450737
63 0.464557
64 0.478621
65 0.492926
66 0.507467
67 0.522242
68 0.537246
69 0.552476
70 0.567928
71 0.583599
72 0.599485
73 0.615581
74 0.631885
75 0.648393
76 0.6651
77 0.682004
78 0.699101
79 0.716386
80 0.733857
81 0.75151
82 0.76934
83 0.787344
84 0.805519
85 0.823861
86 0.842366
87 0.861031
88 0.879852
89 0.89883
90 0.917963
91 0.937252
92 0.956695
93 0.976291
94 0.99604
95 1.01594
96 1.036
97 1.0562
98 1.07655
99 1.09706
100 1.11771
101 1.13851
102 1.15946
103 1.18056
104 1.2018
105 1.22318
106 1.24472
107 1.26639
108 1.28821
109 1.31018
110 1.33228
111 1.35453
112 1.37691
113 1.39944
114 1.42211
115 1.44491
116 1.46786
117 1.49094
118 1.51415
119 1.53751
120 1.56099
121 1.5846
122 1.60835
123 1.63222
124 1.65621
125 1.68033
126 1.70457
127 1.72893
128 1.75341
129 1.77801
130 1.80273
131 1.82755
132 1.85249
133 1.87754
134 1.9027
135 1.92796
136 1.95333
137 1.9788
138 2.00437
139 2.03005
140 2.05582
141 2.08169
142 2.10765
143 2.13371
144 2.15986
145 2.18609
146 2.21242
147 2.23883
148 2.26533
149 2.29191
150 2.31857
151 2.34531
152 2.37214
153 2.39903
154 2.42601
155 2.45306
156 2.48018
157 2.50737
158 2.53463
159 2.56196
160 2.58936
161 2.61682
162 2.64435
163 2.67194
164 2.69959
165 2.72729
166 2.75506
167 2.78288
168 2.81076
169 2.83869
170 2.86667
171 2.8947
172 2.92278
173 2.9509
174 2.97907
175 3.00729
176 3.03555
177 3.06385
178 3.09218
179 3.12056
180 3.14897
181 3.17742
182 3.2059
183 3.23441
184 3.26296
185 3.29153
186 3.32013
187 3.34876
188 3.37741
189 3.40608
190 3.43477
191 3.46349
192 3.49222
193 3.52097
194 3.54974
195 3.57852
196 3.60731
197 3.63612
198 3.66493
199 3.69375
200 3.72258
201 3.75141
202 3.78025
203 3.80909
204 3.83793
205 3.86677
206 3.89561
207 3.92444
208 3.95327
209 3.98209
210 4.01091
211 4.03971
212 4.06851
213 4.09729
214 4.12606
215 4.15482
216 4.18356
217 4.21229
218 4.241
219 4.26969
220 4.29836
221 4.327
222 4.35562
223 4.38422
224 4.4128
225 4.44134
226 4.46986
227 4.49835
228 4.52681
229 4.55523
230 4.58362
231 4.61198
232 4.6403
233 4.66858
234 4.69683
235 4.72503
236 4.75319
237 4.78132
238 4.80939
239 4.83743
240 4.86541
241 4.89335
242 4.92125
243 4.94909
244 4.97688
245 5.00463
246 5.03232
247 5.05996
248 5.08754
249 5.11507
250 5.14255
251 5.16996
252 5.19732
253 5.22462
254 5.25186
255 5.27904
256 5.30615
257 5.3332
258 5.36019
259 5.38711
260 5.41397
261 5.44075
262 5.46747
263 5.49412
264 5.5207
265 5.5472
266 5.57364
267 5.59999
268 5.62628
269 5.65249
270 5.67862
271 5.70467
272 5.73065
273 5.75655
274 5.78237
275 5.80811
276 5.83377
277 5.85934
278 5.88484
279 5.91025
280 5.93557
281 5.96081
282 5.98597
283 6.01104
284 6.03602
285 6.06091
286 6.08572
287 6.11043
288 6.13505
289 6.15959
290 6.18403
291 6.20837
292 6.23262
293 6.25678
294 6.28085
295 6.30481
296 6.32868
297 6.35245
298 6.37613
299 6.3997
300 6.42318
300 6.44655
301 6.46983
302 6.49301
303 6.51608
304 6.53905
305 6.56192
306 6.58469
307 6.60736
308 6.62992
309 6.65237
310 6.67473
311 6.69697
312 6.71911
313 6.74115
314 6.76308
315 6.7849
316 6.80661
317 6.82822
318 6.84972
319 6.87111
320 6.89239
321 6.91356
322 6.93461
323 6.95556
324 6.9764
325 6.99712
326 7.01773
327 7.03823
328 7.05862
329 7.07889
330 7.09905
331 7.11909
332 7.13902
333 7.15884
334 7.17854
335 7.19813
336 7.2176
337 7.23695
338 7.2562
339 7.27532
340 7.29433
341 7.31322
342 7.332
343 7.35065
344 7.36919
345 7.38762
346 7.40592
347 7.42411
348 7.44218
349 7.46013
350 7.47797
351 7.49568
352 7.51327
353 7.53075
354 7.5481
355 7.56534
356 7.58245
357 7.59945
358 7.61632
359 7.63307
360 7.6497
361 7.66622
362 7.68261
363 7.69888
364 7.71503
365 7.73105
366 7.74696
367 7.76275
368 7.77841
369 7.79396
370 7.80938
371 7.82469
372 7.83987
373 7.85493
374 7.86987
375 7.88469
376 7.89939
377 7.91397
378 7.92842
379 7.94276
380 7.95697
381 7.97107
382 7.98504
383 7.99889
384 8.01262
385 8.02623
386 8.03972
387 8.05309
388 8.06633
389 8.07946
390 8.09246
391 8.10534
392 8.11811
393 8.13075
394 8.14327
395 8.15567
396 8.16795
397 8.18011
398 8.19215
399 8.20408
400 8.21588
401 8.22756
402 8.23912
403 8.25057
404 8.2619
405 8.2731
406 8.28419
407 8.29516
408 8.30602
409 8.31675
410 8.32737
411 8.33787
412 8.34825
413 8.35851
414 8.36866
415 8.37869
416 8.3886
417 8.3984
418 8.40808
419 8.41764
420 8.42709
421 8.43642
422 8.44564
423 8.45473
424 8.46372
425 8.47259
426 8.48134
427 8.48998
428 8.49851
429 8.50692
430 8.51522
431 8.52341
432 8.53148
433 8.53944
434 8.54729
435 8.55502
436 8.56264
437 8.57016
438 8.57756
439 8.58485
440 8.59203
441 8.5991
442 8.60605
443 8.6129
444 8.61964
445 8.62627
446 8.63279
447 8.6392
448 8.64551
449 8.6517
450 8.65779
451 8.66377
452 8.66964
453 8.67541
454 8.68107
455 8.68662
456 8.69207
457 8.69741
458 8.70265
459 8.70778
460 8.71281
461 8.71773
462 8.72255
463 8.72727
464 8.73188
465 8.73639
466 8.7408
467 8.74511
468 8.74932
469 8.75342
470 8.75743
471 8.76133
472 8.76514
473 8.76884
474 8.77245
475 8.77596
476 8.77937
477 8.78268
478 8.78589
479 8.78901
480 8.79203
481 8.79495
482 8.79778
483 8.80051
484 8.80315
485 8.80569
486 8.80814
487 8.81049
488 8.81275
489 8.81491
490 8.81699
491 8.81897
492 8.82085
493 8.82265
494 8.82436
495 8.82597
496 8.82749
497 8.82893
498 8.83027
499 8.83153
500 8.83269
501 8.83377
502 8.83476
503 8.83566
504 8.83648
505 8.8372
506 8.83784
507 8.8384
508 8.83887
509 8.83925
510 8.83955
511 8.83977
512 8.8399
513 8.83995
514 8.83991
515 8.83979
516 8.83959
517 8.83931
518 8.83895
519 8.8385
520 8.83798
521 8.83737
522 8.83668
523 8.83592
524 8.83507
525 8.83415
526 8.83315
527 8.83207
528 8.83092
529 8.82968
530 8.82837
531 8.82699
532 8.82553
533 8.82399
534 8.82238
535 8.82069
536 8.81893
537 8.8171
538 8.8152
539 8.81322
540 8.81117
541 8.80904
541 8.80685
542 8.80458
543 8.80225
544 8.79984
545 8.79737
546 8.79483
547 8.79221
548 8.78953
549 8.78678
550 8.78396
551 8.78108
552 8.77813
553 8.77511
554 8.77203
555 8.76888
556 8.76567
557 8.76239
558 8.75905
559 8.75564
560 8.75217
561 8.74864
562 8.74505
563 8.74139
564 8.73767
565 8.73389
566 8.73004
567 8.72614
568 8.72218
569 8.71816
570 8.71407
571 8.70993
572 8.70573
573 8.70147
574 8.69716
575 8.69278
576 8.68835
577 8.68386
578 8.67932
579 8.67472
580 8.67007
581 8.66536
582 8.66059
583 8.65577
584 8.6509
585 8.64597
586 8.64099
587 8.63596
588 8.63088
589 8.62574
590 8.62055
591 8.61531
592 8.61002
593 8.60468
594 8.59929
595 8.59385
596 8.58836
597 8.58282
598 8.57723
599 8.57159
600 8.56591
601 8.56018
602 8.5544
603 8.54857
604 8.5427
605 8.53679
606 8.53082
607 8.52481
608 8.51876
609 8.51266
610 8.50652
611 8.50033
612 8.4941
613 8.48783
614 8.48151
615 8.47515
616 8.46875
617 8.46231
618 8.45583
619 8.4493
620 8.44274
621 8.43613
622 8.42949
623 8.42281
624 8.41608
625 8.40932
626 8.40252
627 8.39568
628 8.3888
629 8.38189
630 8.37494
631 8.36795
632 8.36092
633 8.35386
634 8.34676
635 8.33963
636 8.33246
637 8.32526
638 8.31802
639 8.31075
640 8.30344
641 8.2961
642 8.28873
643 8.28132
644 8.27388
645 8.26641
646 8.2589
647 8.25137
648 8.2438
649 8.2362
650 8.22857
651 8.22091
652 8.21322
653 8.2055
654 8.19775
655 8.18998
656 8.18217
657 8.17433
658 8.16647
659 8.15858
660 8.15066
661 8.14271
662 8.13473
663 8.12673
664 8.1187
665 8.11065
666 8.10257
667 8.09446
668 8.08633
669 8.07817
670 8.06999
671 8.06178
672 8.05355
673 8.04529
674 8.03701
675 8.02871
676 8.02038
677 8.01203
678 8.00366
679 7.99526
680 7.98684
681 7.9784
682 7.96994
683 7.96146
684 7.95296
685 7.94443
686 7.93588
687 7.92732
688 7.91873
689 7.91013
690 7.9015
691 7.89286
692 7.88419
693 7.87551
694 7.86681
695 7.85809
696 7.84935
697 7.8406
698 7.83183
699 7.82304
700 7.81423
701 7.8054
702 7.79656
703 7.78771
704 7.77883
705 7.76994
706 7.76104
707 7.75212
708 7.74318
709 7.73423
710 7.72526
711 7.71628
712 7.70728
713 7.69827
714 7.68925
715 7.68021
716 7.67116
717 7.66209
718 7.65302
719 7.64392
720 7.63482
721 7.6257
722 7.61657
723 7.60743
724 7.59828
725 7.58912
726 7.57994
727 7.57075
728 7.56156
729 7.55235
730 7.54313
731 7.5339
732 7.52466
733 7.51541
734 7.50615
735 7.49688
736 7.4876
737 7.47831
738 7.46901
739 7.45971
740 7.45039
741 7.44107
742 7.43174
743 7.4224
744 7.41305
745 7.40369
746 7.39433
747 7.38496
748 7.37558
749 7.3662
750 7.3568
751 7.3474
752 7.338
753 7.32859
754 7.31917
755 7.30974
756 7.30031
757 7.29088
758 7.28144
759 7.27199
760 7.26254
761 7.25308
762 7.24362
763 7.23415
764 7.22468
765 7.21521
766 7.20573
767 7.19624
768 7.18676
769 7.17727
770 7.16777
771 7.15828
772 7.14878
773 7.13927
774 7.12977
775 7.12026
776 7.11074
777 7.10123
778 7.09171
779 7.08219
780 7.07267
781 7.06315
782 7.05362
783 7.0441
783 7.03457
784 7.02504
785 7.01551
786 7.00597
787 6.99644
788 6.98691
789 6.97737
790 6.96783
791 6.9583
792 6.94876
793 6.93922
794 6.92968
795 6.92015
796 6.91061
797 6.90107
798 6.89153
799 6.882
800 6.87246
801 6.86292
802 6.85339
803 6.84385
804 6.83432
805 6.82479
806 6.81526
807 6.80573
808 6.7962
809 6.78668
810 6.77716
811 6.76763
812 6.75811
813 6.7486
814 6.73908
815 6.72957
816 6.72006
817 6.71055
818 6.70104
819 6.69154
820 6.68204
821 6.67254
822 6.66305
823 6.65356
824 6.64407
825 6.63458
826 6.6251
827 6.61562
828 6.60615
829 6.59668
830 6.58721
831 6.57775
832 6.56829
833 6.55883
834 6.54938
835 6.53994
836 6.53049
837 6.52106
838 6.51162
839 6.50219
840 6.49277
841 6.48335
842 6.47394
843 6.46453
844 6.45513
845 6.44573
846 6.43633
847 6.42695
848 6.41757
849 6.40819
850 6.39882
851 6.38945
852 6.38009
853 6.37074
854 6.36139
855 6.35205
856 6.34272
857 6.33339
858 6.32407
859 6.31475
860 6.30544
861 6.29613
862 6.28684
863 6.27755
864 6.26826
865 6.25898
866 6.24971
867 6.24045
868 6.23119
869 6.22194
870 6.2127
871 6.20346
872 6.19423
873 6.18501
874 6.1758
875 6.16659
876 6.15739
877 6.1482
878 6.13901
879 6.12983
880 6.12066
881 6.1115
882 6.10235
883 6.0932
884 6.08406
885 6.07493
886 6.06581
887 6.0567
888 6.04759
889 6.03849
890 6.0294
891 6.02032
892 6.01125
893 6.00219
894 5.99313
895 5.98408
896 5.97504
897 5.96601
898 5.95699
899 5.94798
900 5.93897
901 5.92998
902 5.92099
903 5.91201
904 5.90304
905 5.89408
906 5.88513
907 5.87619
908 5.86726
909 5.85833
910 5.84942
911 5.84051
912 5.83161
913 5.82273
914 5.81385
915 5.80498
916 5.79612
917 5.78727
918 5.77843
919 5.7696
920 5.76078
921 5.75196
922 5.74316
923 5.73437
924 5.72559
925 5.71681
926 5.70805
927 5.6993
928 5.69055
929 5.68182
930 5.67309
931 5.66438
932 5.65568
933 5.64698
934 5.6383
935 5.62963
936 5.62096
937 5.61231
938 5.60366
939 5.59503
940 5.58641
941 5.5778
942 5.56919
943 5.5606
944 5.55202
945 5.54345
946 5.53488
947 5.52633
948 5.51779
949 5.50926
950 5.50074
951 5.49223
952 5.48373
953 5.47525
954 5.46677
955 5.4583
956 5.44984
957 5.4414
958 5.43296
959 5.42454
960 5.41612
961 5.40772
962 5.39933
963 5.39094
964 5.38257
965 5.37421
966 5.36586
967 5.35752
968 5.3492
969 5.34088
970 5.33257
971 5.32428
972 5.31599
973 5.30772
974 5.29946
975 5.29121
976 5.28297
977 5.27474
978 5.26652
979 5.25831
980 5.25012
981 5.24193
982 5.23376
983 5.22559
984 5.21744
985 5.2093
986 5.20117
987 5.19305
988 5.18495
989 5.17685
990 5.16877
991 5.16069
992 5.15263
993 5.14458
994 5.13654
995 5.12851
996 5.12049
997 5.11249
998 5.10449
999 5.09651
1000 5.08854
1001 5.08058
1002 5.07263
1003 5.06469
1004 5.05676
1005 5.04885
1006 5.04094
1007 5.03305
1008 5.02517
1009 5.0173
1010 5.00944
1011 5.00159
1012 4.99376
1013 4.98593
1014 4.97812
1015 4.97032
1016 4.96253
1017 4.95475
1018 4.94699
1019 4.93923
1020 4.93149
1021 4.92376
1022 4.91604
1023 4.90833
1024 4.90063
1025 4.89294
1025 4.88527
1026 4.87761
1027 4.86996
1028 4.86232
1029 4.85469
1030 4.84707
1031 4.83946
1032 4.83187
1033 4.82429
1034 4.81672
1035 4.80916
1036 4.80161
1037 4.79407
1038 4.78655
1039 4.77904
1040 4.77153
1041 4.76404
1042 4.75656
1043 4.7491
1044 4.74164
1045 4.73419
1046 4.72676
1047 4.71934
1048 4.71193
1049 4.70453
1050 4.69714
1051 4.68977
1052 4.6824
1053 4.67505
1054 4.66771
1055 4.66038
1056 4.65306
1057 4.64575
1058 4.63845
1059 4.63117
1060 4.62389
1061 4.61663
1062 4.60938
1063 4.60214
1064 4.59492
1065 4.5877
1066 4.58049
1067 4.5733
1068 4.56612
1069 4.55895
1070 4.55179
1071 4.54464
1072 4.5375
1073 4.53038
1074 4.52326
1075 4.51616
1076 4.50907
1077 4.50199
1078 4.49492
1079 4.48786
1080 4.48082
1081 4.47378
1082 4.46676
1083 4.45975
1084 4.45275
1085 4.44576
1086 4.43878
1087 4.43181
1088 4.42486
1089 4.41791
1090 4.41098
1091 4.40406
1092 4.39715
1093 4.39025
1094 4.38336
1095 4.37649
1096 4.36962
1097 4.36277
1098 4.35592
1099 4.34909
1100 4.34227
1101 4.33546
1102 4.32866
1103 4.32188
1104 4.3151
1105 4.30834
1106 4.30158
1107 4.29484
1108 4.28811
1109 4.28139
1110 4.27468
1111 4.26799
1112 4.2613
1113 4.25462
1114 4.24796
1115 4.24131
1116 4.23467
1117 4.22804
1118 4.22142
1119 4.21481
1120 4.20821
1121 4.20162
1122 4.19505
1123 4.18849
1124 4.18193
1125 4.17539
1126 4.16886
1127 4.16234
1128 4.15583
1129 4.14933
1130 4.14284
1131 4.13637
1132 4.1299
1133 4.12345
1134 4.117
1135 4.11057
1136 4.10415
1137 4.09774
1138 4.09134
1139 4.08495
1140 4.07857
1141 4.0722
1142 4.06584
1143 4.0595
1144 4.05316
1145 4.04684
1146 4.04052
1147 4.03422
1148 4.02793
1149 4.02165
1150 4.01538
1151 4.00912
1152 4.00287
1153 3.99663
1154 3.9904
1155 3.98418
1156 3.97797
1157 3.97178
1158 3.96559
1159 3.95942
1160 3.95325
1161 3.9471
1162 3.94095
1163 3.93482
1164 3.9287
1165 3.92258
1166 3.91648
1167 3.91039
1168 3.90431
1169 3.89824
1170 3.89218
1171 3.88613
1172 3.88009
1173 3.87406
1174 3.86804
1175 3.86204
1176 3.85604
1177 3.85005
1178 3.84408
1179 3.83811
1180 3.83215
1181 3.82621
1182 3.82027
1183 3.81435
1184 3.80843
1185 3.80253
1186 3.79663
1187 3.79075
1188 3.78487
1189 3.77901
1190 3.77315
1191 3.76731
1192 3.76148
1193 3.75565
1194 3.74984
1195 3.74404
1196 3.73824
1197 3.73246
1198 3.72669
1199 3.72092
1200 3.71517
1201 3.70943
1202 3.70369
1203 3.69797
1204 3.69226
1205 3.68655
1206 3.68086
1207 3.67518
1208 3.6695
1209 3.66384
1210 3.65819
1211 3.65254
1212 3.64691
1213 3.64128
1214 3.63567
1215 3.63007
1216 3.62447
1217 3.61889
1218 3.61331
1219 3.60775
1220 3.60219
1221 3.59665
1222 3.59111
1223 3.58558
1224 3.58007
1225 3.57456
1226 3.56906
1227 3.56357
1228 3.5581
1229 3.55263
1230 3.54717
1231 3.54172
1232 3.53628
1233 3.53085
1234 3.52543
1235 3.52002
1236 3.51462
1237 3.50922
1238 3.50384
1239 3.49847
1240 3.4931
1241 3.48775
1242 3.4824
1243 3.47707
1244 3.47174
1245 3.46643
1246 3.46112
1247 3.45582
1248 3.45053
1249 3.44525
1250 3.43998
1251 3.43472
1252 3.42947
1253 3.42423
1254 3.41899
1255 3.41377
1256 3.40855
1257 3.40335
1258 3.39815
1259 3.39296
1260 3.38779
1261 3.38262
1262 3.37746
1263 3.37231
1264 3.36716
1265 3.36203
1266 3.35691
1266 3.35179
1267 3.34669
1268 3.34159
1269 3.3365
1270 3.33142
1271 3.32635
1272 3.32129
1273 3.31624
1274 3.3112
1275 3.30616
1276 3.30114
1277 3.29612
1278 3.29111
1279 3.28612
1280 3.28113
1281 3.27614
1282 3.27117
1283 3.26621
1284 3.26125
1285 3.25631
1286 3.25137
1287 3.24644
1288 3.24152
1289 3.23661
1290 3.23171
1291 3.22682
1292 3.22193
1293 3.21705
1294 3.21219
1295 3.20733
1296 3.20248
1297 3.19764
1298 3.1928
1299 3.18798
1300 3.18316
1301 3.17835
1302 3.17355
1303 3.16876
1304 3.16398
1305 3.15921
1306 3.15444
1307 3.14969
1308 3.14494
1309 3.1402
1310 3.13547
1311 3.13074
1312 3.12603
1313 3.12132
1314 3.11663
1315 3.11194
1316 3.10725
1317 3.10258
1318 3.09792
1319 3.09326
1320 3.08861
1321 3.08397
1322 3.07934
1323 3.07472
1324 3.0701
1325 3.0655
1326 3.0609
1327 3.05631
1328 3.05173
1329 3.04715
1330 3.04258
1331 3.03803
1332 3.03348
1333 3.02894
1334 3.0244
1335 3.01988
1336 3.01536
1337 3.01085
1338 3.00635
1339 3.00185
1340 2.99737
1341 2.99289
1342 2.98842
1343 2.98396
1344 2.9795
1345 2.97506
1346 2.97062
1347 2.96619
1348 2.96177
1349 2.95735
1350 2.95294
1351 2.94854
1352 2.94415
1353 2.93977
1354 2.93539
1355 2.93103
1356 2.92666
1357 2.92231
1358 2.91797
1359 2.91363
1360 2.9093
1361 2.90498
1362 2.90066
1363 2.89636
1364 2.89206
1365 2.88776
1366 2.88348
1367 2.8792
1368 2.87493
1369 2.87067
1370 2.86642
1371 2.86217
1372 2.85793
1373 2.8537
1374 2.84948
1375 2.84526
1376 2.84105
1377 2.83685
1378 2.83265
1379 2.82846
1380 2.82428
1381 2.82011
1382 2.81595
1383 2.81179
1384 2.80764
1385 2.80349
1386 2.79936
1387 2.79523
1388 2.79111
1389 2.78699
1390 2.78288
1391 2.77878
1392 2.77469
1393 2.7706
1394 2.76653
1395 2.76245
1396 2.75839
1397 2.75433
1398 2.75028
1399 2.74624
1400 2.7422
1401 2.73817
1402 2.73415
1403 2.73014
1404 2.72613
1405 2.72213
1406 2.71814
1407 2.71415
1408 2.71017
1409 2.7062
1410 2.70223
1411 2.69827
1412 2.69432
1413 2.69038
1414 2.68644
1415 2.68251
1416 2.67858
1417 2.67467
1418 2.67076
1419 2.66685
1420 2.66296
1421 2.65907
1422 2.65518
1423 2.65131
1424 2.64744
1425 2.64358
1426 2.63972
1427 2.63587
1428 2.63203
1429 2.6282
1430 2.62437
1431 2.62054
1432 2.61673
1433 2.61292
1434 2.60912
1435 2.60532
1436 2.60154
1437 2.59775
1438 2.59398
1439 2.59021
1440 2.58645
1441 2.58269
1442 2.57895
1443 2.5752
1444 2.57147
1445 2.56774
1446 2.56402
1447 2.5603
1448 2.55659
1449 2.55289
1450 2.54919
1451 2.5455
1452 2.54182
1453 2.53814
1454 2.53447
1455 2.53081
1456 2.52715
1457 2.5235
1458 2.51985
1459 2.51621
1460 2.51258
1461 2.50896
1462 2.50534
1463 2.50172
1464 2.49812
1465 2.49452
1466 2.49092
1467 2.48734
1468 2.48375
1469 2.48018
1470 2.47661
1471 2.47305
1472 2.46949
1473 2.46594
1474 2.4624
1475 2.45886
1476 2.45533
1477 2.4518
1478 2.44828
1479 2.44477
1480 2.44126
1481 2.43776
1482 2.43426
1483 2.43077
1484 2.42729
1485 2.42381
1486 2.42034
1487 2.41688
1488 2.41342
1489 2.40997
1490 2.40652
1491 2.40308
1492 2.39964
1493 2.39621
1494 2.39279
1495 2.38937
1496 2.38596
1497 2.38256
1498 2.37916
1499 2.37576
1500 2.37238
1501 2.36899
1502 2.36562
1503 2.36225
1504 2.35888
1505 2.35553
1506 2.35217
1507 2.34883
1507 2.34548
1508 2.34215
1509 2.33882
1510 2.3355
1511 2.33218
1512 2.32886
1513 2.32556
1514 2.32226
1515 2.31896
1516 2.31567
1517 2.31239
1518 2.30911
1519 2.30584
1520 2.30257
1521 2.29931
1522 2.29605
1523 2.2928
1524 2.28956
1525 2.28632
1526 2.28308
1527 2.27986
1528 2.27663
1529 2.27342
1530 2.27021
1531 2.267
1532 2.2638
1533 2.26061
1534 2.25742
1535 2.25423
1536 2.25105
1537 2.24788
1538 2.24471
1539 2.24155
1540 2.23839
1541 2.23524
1542 2.2321
1543 2.22896
1544 2.22582
1545 2.22269
1546 2.21957
1547 2.21645
1548 2.21334
1549 2.21023
1550 2.20712
1551 2.20403
1552 2.20093
1553 2.19785
1554 2.19477
1555 2.19169
1556 2.18862
1557 2.18555
1558 2.18249
1559 2.17944
1560 2.17639
1561 2.17334
1562 2.1703
1563 2.16727
1564 2.16424
1565 2.16121
1566 2.15819
1567 2.15518
1568 2.15217
1569 2.14917
1570 2.14617
1571 2.14317
1572 2.14018
1573 2.1372
1574 2.13422
1575 2.13125
1576 2.12828
1577 2.12532
1578 2.12236
1579 2.11941
1580 2.11646
1581 2.11352
1582 2.11058
1583 2.10764
1584 2.10472
1585 2.10179
1586 2.09887
1587 2.09596
1588 2.09305
1589 2.09015
1590 2.08725
1591 2.08436
1592 2.08147
1593 2.07858
1594 2.07571
1595 2.07283
1596 2.06996
1597 2.0671
1598 2.06424
1599 2.06138
1600 2.05853
1601 2.05569
1602 2.05285
1603 2.05001
1604 2.04718
1605 2.04436
1606 2.04154
1607 2.03872
1608 2.03591
1609 2.0331
1610 2.0303
1611 2.0275
1612 2.02471
1613 2.02192
1614 2.01914
1615 2.01636
1616 2.01359
1617 2.01082
1618 2.00805
1619 2.00529
1620 2.00254
1621 1.99979
1622 1.99704
1623 1.9943
1624 1.99156
1625 1.98883
1626 1.98611
1627 1.98338
1628 1.98066
1629 1.97795
1630 1.97524
1631 1.97254
1632 1.96984
1633 1.96714
1634 1.96445
1635 1.96176
1636 1.95908
1637 1.9564
1638 1.95373
1639 1.95106
1640 1.9484
1641 1.94574
1642 1.94308
1643 1.94043
1644 1.93779
1645 1.93514
1646 1.93251
1647 1.92987
1648 1.92724
1649 1.92462
1650 1.922
1651 1.91938
1652 1.91677
1653 1.91417
1654 1.91156
1655 1.90896
1656 1.90637
1657 1.90378
1658 1.9012
1659 1.89861
1660 1.89604
1661 1.89347
1662 1.8909
1663 1.88833
1664 1.88577
1665 1.88322
1666 1.88067
1667 1.87812
1668 1.87558
1669 1.87304
1670 1.87051
1671 1.86798
1672 1.86545
1673 1.86293
1674 1.86041
1675 1.8579
1676 1.85539
1677 1.85288
1678 1.85038
1679 1.84789
1680 1.8454
1681 1.84291
1682 1.84042
1683 1.83794
1684 1.83547
1685 1.833
1686 1.83053
1687 1.82806
1688 1.8256
1689 1.82315
1690 1.8207
1691 1.81825
1692 1.81581
1693 1.81337
1694 1.81093
1695 1.8085
1696 1.80607
1697 1.80365
1698 1.80123
1699 1.79882
1700 1.79641
1701 1.794
1702 1.7916
1703 1.7892
1704 1.7868
1705 1.78441
1706 1.78202
1707 1.77964
1708 1.77726
1709 1.77488
1710 1.77251
1711 1.77014
1712 1.76778
1713 1.76542
1714 1.76306
1715 1.76071
1716 1.75836
1717 1.75602
1718 1.75368
1719 1.75134
1720 1.74901
1721 1.74668
1722 1.74435
1723 1.74203
1724 1.73971
1725 1.7374
1726 1.73509
1727 1.73278
1728 1.73048
1729 1.72818
1730 1.72588
1731 1.72359
1732 1.72131
1733 1.71902
1734 1.71674
1735 1.71446
1736 1.71219
1737 1.70992
1738 1.70766
1739 1.7054
1740 1.70314
1741 1.70088
1742 1.69863
1743 1.69639
1744 1.69414
1745 1.6919
1746 1.68967
1747 1.68743
1748 1.68521
1749 1.68298
1749 1.68076
1750 1.67854
1751 1.67633
1752 1.67412
1753 1.67191
1754 1.66971
1755 1.66751
1756 1.66531
1757 1.66312
1758 1.66093
1759 1.65874
1760 1.65656
1761 1.65438
1762 1.65221
1763 1.65003
1764 1.64787
1765 1.6457
1766 1.64354
1767 1.64138
1768 1.63923
1769 1.63708
1770 1.63493
1771 1.63279
1772 1.63065
1773 1.62851
1774 1.62638
1775 1.62425
1776 1.62212
1777 1.62
1778 1.61788
1779 1.61576
1780 1.61365
1781 1.61154
1782 1.60944
1783 1.60733
1784 1.60523
1785 1.60314
1786 1.60105
1787 1.59896
1788 1.59687
1789 1.59479
1790 1.59271
1791 1.59063
1792 1.58856
1793 1.58649
1794 1.58443
1795 1.58236
1796 1.58031
1797 1.57825
1798 1.5762
1799 1.57415
1800 1.5721
1801 1.57006
1802 1.56802
1803 1.56598
1804 1.56395
1805 1.56192
1806 1.55989
1807 1.55787
1808 1.55585
1809 1.55383
1810 1.55182
1811 1.54981
1812 1.5478
1813 1.5458
1814 1.5438
1815 1.5418
1816 1.53981
1817 1.53782
1818 1.53583
1819 1.53384
1820 1.53186
1821 1.52988
1822 1.52791
1823 1.52594
1824 1.52397
1825 1.522
1826 1.52004
1827 1.51808
1828 1.51612
1829 1.51417
1830 1.51222
1831 1.51027
1832 1.50833
1833 1.50638
1834 1.50445
1835 1.50251
1836 1.50058
1837 1.49865
1838 1.49673
1839 1.4948
1840 1.49288
1841 1.49097
1842 1.48905
1843 1.48714
1844 1.48524
1845 1.48333
1846 1.48143
1847 1.47953
1848 1.47764
1849 1.47574
1850 1.47385
1851 1.47197
1852 1.47008
1853 1.4682
1854 1.46633
1855 1.46445
1856 1.46258
1857 1.46071
1858 1.45885
1859 1.45698
1860 1.45512
1861 1.45327
1862 1.45141
1863 1.44956
1864 1.44771
1865 1.44587
1866 1.44403
1867 1.44219
1868 1.44035
1869 1.43852
1870 1.43668
1871 1.43486
1872 1.43303
1873 1.43121
1874 1.42939
1875 1.42757
1876 1.42576
1877 1.42395
1878 1.42214
1879 1.42034
1880 1.41853
1881 1.41673
1882 1.41494
1883 1.41314
1884 1.41135
1885 1.40957
1886 1.40778
1887 1.406
1888 1.40422
1889 1.40244
1890 1.40067
1891 1.39889
1892 1.39713
1893 1.39536
1894 1.3936
1895 1.39184
1896 1.39008
1897 1.38832
1898 1.38657
1899 1.38482
1900 1.38307
1901 1.38133
1902 1.37959
1903 1.37785
1904 1.37611
1905 1.37438
1906 1.37265
1907 1.37092
1908 1.3692
1909 1.36748
1910 1.36576
1911 1.36404
1912 1.36232
1913 1.36061
1914 1.3589
1915 1.3572
1916 1.35549
1917 1.35379
1918 1.35209
1919 1.3504
1920 1.3487
1921 1.34701
1922 1.34533
1923 1.34364
1924 1.34196
1925 1.34028
1926 1.3386
1927 1.33693
1928 1.33525
1929 1.33358
1930 1.33192
1931 1.33025
1932 1.32859
1933 1.32693
1934 1.32527
1935 1.32362
1936 1.32197
1937 1.32032
1938 1.31867
1939 1.31703
1940 1.31539
1941 1.31375
1942 1.31211
1943 1.31048
1944 1.30884
1945 1.30722
1946 1.30559
1947 1.30397
1948 1.30234
1949 1.30072
1950 1.29911
1951 1.29749
1952 1.29588
1953 1.29427
1954 1.29267
1955 1.29106
1956 1.28946
1957 1.28786
1958 1.28627
1959 1.28467
1960 1.28308
1961 1.28149
1962 1.2799
1963 1.27832
1964 1.27674
1965 1.27516
1966 1.27358
1967 1.27201
1968 1.27043
1969 1.26886
1970 1.26729
1971 1.26573
1972 1.26417
1973 1.26261
1974 1.26105
1975 1.25949
1976 1.25794
1977 1.25639
1978 1.25484
1979 1.25329
1980 1.25175
1981 1.25021
1982 1.24867
1983 1.24713
1984 1.2456
1985 1.24407
1986 1.24254
1987 1.24101
1988 1.23948
1989 1.23796
1990 1.23644
1990 1.23492
1991 1.2334
1992 1.23189
1993 1.23038
1994 1.22887
1995 1.22736
1996 1.22586
1997 1.22436
1998 1.22286
1999 1.22136
2000 1.21986
2001 1.21837
2002 1.21688
2003 1.21539
2004 1.21391
2005 1.21242
2006 1.21094
2007 1.20946
2008 1.20798
2009 1.20651
2010 1.20504
2011 1.20356
2012 1.2021
2013 1.20063
2014 1.19917
2015 1.1977
2016 1.19624
2017 1.19479
2018 1.19333
2019 1.19188
2020 1.19043
2021 1.18898
2022 1.18753
2023 1.18609
2024 1.18465
2025 1.18321
2026 1.18177
2027 1.18033
2028 1.1789
2029 1.17747
2030 1.17604
2031 1.17461
2032 1.17319
2033 1.17177
2034 1.17035
2035 1.16893
2036 1.16751
2037 1.1661
2038 1.16469
2039 1.16328
2040 1.16187
2041 1.16046
2042 1.15906
2043 1.15766
2044 1.15626
2045 1.15486
2046 1.15347
2047 1.15207
2048 1.15068
2049 1.14929
2050 1.14791
2051 1.14652
2052 1.14514
2053 1.14376
2054 1.14238
2055 1.141
2056 1.13963
2057 1.13825
2058 1.13688
2059 1.13552
2060 1.13415
2061 1.13279
2062 1.13142
2063 1.13006
2064 1.1287
2065 1.12735
2066 1.12599
2067 1.12464
2068 1.12329
2069 1.12194
2070 1.1206
2071 1.11925
2072 1.11791
2073 1.11657
2074 1.11523
2075 1.1139
2076 1.11256
2077 1.11123
2078 1.1099
2079 1.10857
2080 1.10724
2081 1.10592
2082 1.1046
2083 1.10328
2084 1.10196
2085 1.10064
2086 1.09933
2087 1.09801
2088 1.0967
2089 1.09539
2090 1.09409
2091 1.09278
2092 1.09148
2093 1.09018
2094 1.08888
2095 1.08758
2096 1.08629
2097 1.08499
2098 1.0837
2099 1.08241
2100 1.08112
2101 1.07984
2102 1.07855
2103 1.07727
2104 1.07599
2105 1.07471
2106 1.07344
2107 1.07216
2108 1.07089
2109 1.06962
2110 1.06835
2111 1.06708
2112 1.06582
2113 1.06455
2114 1.06329
2115 1.06203
2116 1.06078
2117 1.05952
2118 1.05827
2119 1.05701
2120 1.05576
2121 1.05451
2122 1.05327
2123 1.05202
2124 1.05078
2125 1.04954
2126 1.0483
2127 1.04706
2128 1.04583
2129 1.04459
2130 1.04336
2131 1.04213
2132 1.0409
2133 1.03967
2134 1.03845
2135 1.03723
2136 1.03601
2137 1.03479
2138 1.03357
2139 1.03235
2140 1.03114
2141 1.02992
2142 1.02871
2143 1.02751
2144 1.0263
2145 1.02509
2146 1.02389
2147 1.02269
2148 1.02149
2149 1.02029
2150 1.01909
2151 1.0179
2152 1.0167
2153 1.01551
2154 1.01432
2155 1.01313
2156 1.01195
2157 1.01076
2158 1.00958
2159 1.0084
2160 1.00722
2161 1.00604
2162 1.00487
2163 1.00369
2164 1.00252
2165 1.00135
2166 1.00018
2167 0.999013
2168 0.997847
2169 0.996683
2170 0.99552
2171 0.99436
2172 0.993201
2173 0.992043
2174 0.990887
2175 0.989733
2176 0.988581
2177 0.98743
2178 0.986281
2179 0.985134
2180 0.983988
2181 0.982844
2182 0.981701
2183 0.980561
2184 0.979422
2185 0.978284
2186 0.977148
2187 0.976014
2188 0.974881
2189 0.97375
2190 0.972621
2191 0.971493
2192 0.970367
2193 0.969243
2194 0.96812
2195 0.966999
2196 0.965879
2197 0.964761
2198 0.963645
2199 0.96253
2200 0.961417
2201 0.960305
2202 0.959195
2203 0.958087
2204 0.95698
2205 0.955875
2206 0.954771
2207 0.953669
2208 0.952569
2209 0.95147
2210 0.950373
2211 0.949277
2212 0.948183
2213 0.94709
2214 0.945999
2215 0.94491
2216 0.943822
2217 0.942736
2218 0.941651
2219 0.940568
2220 0.939486
2221 0.938406
2222 0.937328
2223 0.936251
2224 0.935175
2225 0.934101
2226 0.933029
2227 0.931958
2228 0.930888
2229 0.929821
2230 0.928754
2231 0.92769
2231 0.926626
2232 0.925564
2233 0.924504
2234 0.923446
2235 0.922388
2236 0.921333
2237 0.920278
2238 0.919226
2239 0.918174
2240 0.917125
2241 0.916077
2242 0.91503
2243 0.913985
2244 0.912941
2245 0.911898
2246 0.910858
2247 0.909818
2248 0.90878
2249 0.907744
2250 0.906709
2251 0.905676
2252 0.904644
2253 0.903613
2254 0.902584
2255 0.901556
2256 0.90053
2257 0.899506
2258 0.898482
2259 0.89746
2260 0.89644
2261 0.895421
2262 0.894404
2263 0.893387
2264 0.892373
2265 0.89136
2266 0.890348
2267 0.889337
2268 0.888328
2269 0.887321
2270 0.886315
2271 0.88531
2272 0.884307
2273 0.883305
2274 0.882304
2275 0.881305
2276 0.880308
2277 0.879311
2278 0.878316
2279 0.877323
2280 0.876331
2281 0.87534
2282 0.874351
2283 0.873363
2284 0.872376
2285 0.871391
2286 0.870407
2287 0.869425
2288 0.868444
2289 0.867464
2290 0.866485
2291 0.865509
2292 0.864533
2293 0.863559
2294 0.862586
2295 0.861614
2296 0.860644
2297 0.859675
2298 0.858708
2299 0.857742
2300 0.856777
2301 0.855814
2302 0.854852
2303 0.853891
2304 0.852932
2305 0.851974
2306 0.851017
2307 0.850062
2308 0.849107
2309 0.848155
2310 0.847203
2311 0.846253
2312 0.845305
2313 0.844357
2314 0.843411
2315 0.842466
2316 0.841523
2317 0.840581
2318 0.83964
2319 0.838701
2320 0.837762
2321 0.836825
2322 0.83589
2323 0.834956
2324 0.834023
2325 0.833091
2326 0.832161
2327 0.831231
2328 0.830304
2329 0.829377
2330 0.828452
2331 0.827528
2332 0.826605
2333 0.825684
2334 0.824764
2335 0.823845
2336 0.822927
2337 0.822011
2338 0.821096
2339 0.820182
2340 0.81927
2341 0.818359
2342 0.817449
2343 0.81654
2344 0.815632
2345 0.814726
2346 0.813821
2347 0.812918
2348 0.812015
2349 0.811114
2350 0.810214
2351 0.809315
2352 0.808418
2353 0.807522
2354 0.806627
2355 0.805733
2356 0.80484
2357 0.803949
2358 0.803059
2359 0.80217
2360 0.801283
2361 0.800396
2362 0.799511
2363 0.798627
2364 0.797744
2365 0.796863
2366 0.795983
2367 0.795103
2368 0.794226
2369 0.793349
2370 0.792473
2371 0.791599
2372 0.790726
2373 0.789854
2374 0.788983
2375 0.788114
2376 0.787246
2377 0.786378
2378 0.785512
2379 0.784648
2380 0.783784
2381 0.782922
2382 0.782061
2383 0.7812
2384 0.780342
2385 0.779484
2386 0.778627
2387 0.777772
2388 0.776918
2389 0.776065
2390 0.775213
2391 0.774362
2392 0.773513
2393 0.772664
2394 0.771817
2395 0.770971
2396 0.770126
2397 0.769282
2398 0.76844
2399 0.767598
2400 0.766758
2401 0.765918
2402 0.76508
2403 0.764243
2404 0.763408
2405 0.762573
2406 0.761739
2407 0.760907
2408 0.760076
2409 0.759246
2410 0.758416
2411 0.757589
2412 0.756762
2413 0.755936
2414 0.755112
2415 0.754288
2416 0.753466
2417 0.752645
2418 0.751825
2419 0.751006
2420 0.750188
2421 0.749371
2422 0.748555
2423 0.747741
2424 0.746927
2425 0.746115
2426 0.745304
2427 0.744494
2428 0.743685
2429 0.742877
2430 0.74207
2431 0.741264
2432 0.74046
2433 0.739656
2434 0.738853
2435 0.738052
2436 0.737252
2437 0.736452
2438 0.735654
2439 0.734857
2440 0.734061
2441 0.733266
2442 0.732472
2443 0.73168
2444 0.730888
2445 0.730097
2446 0.729308
2447 0.728519
2448 0.727732
2449 0.726945
2450 0.72616
2451 0.725376
2452 0.724592
2453 0.72381
2454 0.723029
2455 0.722249
2456 0.72147
2457 0.720692
2458 0.719915
2459 0.719139
2460 0.718365
2461 0.717591
2462 0.716818
2463 0.716046
2464 0.715276
2465 0.714506
2466 0.713737
2467 0.71297
2468 0.712203
2469 0.711438
2470 0.710673
2471 0.70991
2472 0.709147
2473 0.708386
2473 0.707625
2474 0.706866
2475 0.706108
2476 0.70535
2477 0.704594
2478 0.703839
2479 0.703084
2480 0.702331
2481 0.701579
2482 0.700828
2483 0.700077
2484 0.699328
2485 0.69858
2486 0.697832
2487 0.697086
2488 0.696341
2489 0.695596
2490 0.694853
2491 0.694111
2492 0.693369
2493 0.692629
2494 0.69189
2495 0.691151
2496 0.690414
2497 0.689678
2498 0.688942
2499 0.688208
2500 0.687474
2501 0.686742
2502 0.68601
2503 0.68528
2504 0.68455
2505 0.683821
2506 0.683094
2507 0.682367
2508 0.681641
2509 0.680916
2510 0.680192
2511 0.67947
2512 0.678748
2513 0.678027
2514 0.677307
2515 0.676588
2516 0.67587
2517 0.675152
2518 0.674436
2519 0.673721
2520 0.673007
2521 0.672293
2522 0.671581
2523 0.670869
2524 0.670159
2525 0.669449
2526 0.66874
2527 0.668032
2528 0.667326
2529 0.66662
2530 0.665915
2531 0.665211
2532 0.664507
2533 0.663805
2534 0.663104
2535 0.662403
2536 0.661704
2537 0.661005
2538 0.660308
2539 0.659611
2540 0.658915
2541 0.65822
2542 0.657526
2543 0.656833
2544 0.656141
2545 0.65545
2546 0.65476
2547 0.65407
2548 0.653382
2549 0.652694
2550 0.652007
2551 0.651322
2552 0.650637
2553 0.649953
2554 0.64927
2555 0.648587
2556 0.647906
2557 0.647226
2558 0.646546
2559 0.645867
2560 0.64519
2561 0.644513
2562 0.643837
2563 0.643162
2564 0.642487
2565 0.641814
2566 0.641142
2567 0.64047
2568 0.639799
2569 0.639129
2570 0.63846
2571 0.637792
2572 0.637125
2573 0.636459
2574 0.635793
2575 0.635129
2576 0.634465
2577 0.633802
2578 0.63314
2579 0.632479
2580 0.631819
2581 0.631159
2582 0.630501
2583 0.629843
2584 0.629186
2585 0.62853
2586 0.627875
2587 0.627221
2588 0.626567
2589 0.625915
2590 0.625263
2591 0.624612
2592 0.623962
2593 0.623313
2594 0.622665
2595 0.622017
2596 0.621371
2597 0.620725
2598 0.62008
2599 0.619436
2600 0.618792
2601 0.61815
2602 0.617508
2603 0.616868
2604 0.616228
2605 0.615588
2606 0.61495
2607 0.614313
2608 0.613676
2609 0.61304
2610 0.612405
2611 0.611771
2612 0.611138
2613 0.610505
2614 0.609873
2615 0.609243
2616 0.608612
2617 0.607983
2618 0.607355
2619 0.606727
2620 0.6061
2621 0.605474
2622 0.604849
2623 0.604225
2624 0.603601
2625 0.602978
2626 0.602356
2627 0.601735
2628 0.601114
2629 0.600495
2630 0.599876
2631 0.599258
2632 0.598641
2633 0.598024
2634 0.597409
2635 0.596794
2636 0.59618
2637 0.595567
2638 0.594954
2639 0.594342
2640 0.593732
2641 0.593121
2642 0.592512
2643 0.591903
2644 0.591296
2645 0.590689
2646 0.590082
2647 0.589477
2648 0.588872
2649 0.588268
2650 0.587665
2651 0.587063
2652 0.586461
2653 0.58586
2654 0.58526
2655 0.584661
2656 0.584063
2657 0.583465
2658 0.582868
2659 0.582272
2660 0.581676
2661 0.581081
2662 0.580487
2663 0.579894
2664 0.579302
2665 0.57871
2666 0.578119
2667 0.577529
2668 0.576939
2669 0.57635
2670 0.575762
2671 0.575175
2672 0.574589
2673 0.574003
2674 0.573418
2675 0.572834
2676 0.57225
2677 0.571667
2678 0.571085
2679 0.570504
2680 0.569923
2681 0.569344
2682 0.568764
2683 0.568186
2684 0.567608
2685 0.567032
2686 0.566455
2687 0.56588
2688 0.565305
2689 0.564731
2690 0.564158
2691 0.563585
2692 0.563014
2693 0.562443
2694 0.561872
2695 0.561303
2696 0.560734
2697 0.560165
2698 0.559598
2699 0.559031
2700 0.558465
2701 0.5579
2702 0.557335
2703 0.556771
2704 0.556208
2705 0.555646
2706 0.555084
2707 0.554523
2708 0.553963
2709 0.553403
2710 0.552844
2711 0.552286
2712 0.551728
2713 0.551171
2714 0.550615
2714 0.55006
2715 0.549505
2716 0.548951
2717 0.548398
2718 0.547845
2719 0.547293
2720 0.546742
2721 0.546192
2722 0.545642
2723 0.545093
2724 0.544544
2725 0.543996
2726 0.543449
2727 0.542903
2728 0.542357
2729 0.541812
2730 0.541268
2731 0.540724
2732 0.540181
2733 0.539639
2734 0.539097
2735 0.538556
2736 0.538016
2737 0.537477
2738 0.536938
2739 0.5364
2740 0.535862
2741 0.535325
2742 0.534789
2743 0.534254
2744 0.533719
2745 0.533185
2746 0.532651
2747 0.532118
2748 0.531586
2749 0.531055
2750 0.530524
2751 0.529994
2752 0.529464
2753 0.528935
2754 0.528407
2755 0.52788
2756 0.527353
2757 0.526827
2758 0.526301
2759 0.525776
2760 0.525252
2761 0.524728
2762 0.524205
2763 0.523683
2764 0.523162
2765 0.522641
2766 0.52212
2767 0.521601
2768 0.521082
2769 0.520563
2770 0.520046
2771 0.519528
2772 0.519012
2773 0.518496
2774 0.517981
2775 0.517467
2776 0.516953
2777 0.516439
2778 0.515927
2779 0.515415
2780 0.514904
2781 0.514393
2782 0.513883
2783 0.513373
2784 0.512865
2785 0.512356
2786 0.511849
2787 0.511342
2788 0.510836
2789 0.51033
2790 0.509825
2791 0.509321
2792 0.508817
2793 0.508314
2794 0.507811
2795 0.507309
2796 0.506808
2797 0.506307
2798 0.505807
2799 0.505308
2800 0.504809
2801 0.504311
2802 0.503813
2803 0.503316
2804 0.50282
2805 0.502324
2806 0.501829
2807 0.501334
2808 0.50084
2809 0.500347
2810 0.499854
2811 0.499362
2812 0.498871
2813 0.49838
2814 0.497889
2815 0.4974
2816 0.49691
2817 0.496422
2818 0.495934
2819 0.495447
2820 0.49496
2821 0.494474
2822 0.493988
2823 0.493503
2824 0.493019
2825 0.492535
2826 0.492052
2827 0.491569
2828 0.491087
2829 0.490606
2830 0.490125
2831 0.489645
2832 0.489165
2833 0.488686
2834 0.488208
2835 0.48773
2836 0.487253
2837 0.486776
2838 0.4863
2839 0.485824
2840 0.485349
2841 0.484875
2842 0.484401
2843 0.483928
2844 0.483455
2845 0.482983
2846 0.482511
2847 0.48204
2848 0.48157
2849 0.4811
2850 0.480631
2851 0.480162
2852 0.479694
2853 0.479227
2854 0.47876
2855 0.478294
2856 0.477828
2857 0.477363
2858 0.476898
2859 0.476434
2860 0.47597
2861 0.475507
2862 0.475045
2863 0.474583
2864 0.474122
2865 0.473661
2866 0.473201
2867 0.472741
2868 0.472282
2869 0.471824
2870 0.471366
2871 0.470908
2872 0.470452
2873 0.469995
2874 0.46954
2875 0.469084
2876 0.46863
2877 0.468176
2878 0.467722
2879 0.467269
2880 0.466817
2881 0.466365
2882 0.465914
2883 0.465463
2884 0.465013
2885 0.464563
2886 0.464114
2887 0.463666
2888 0.463218
2889 0.46277
2890 0.462323
2891 0.461877
2892 0.461431
2893 0.460986
2894 0.460541
2895 0.460097
2896 0.459653
2897 0.45921
2898 0.458767
2899 0.458325
2900 0.457883
2901 0.457442
2902 0.457002
2903 0.456562
2904 0.456123
2905 0.455684
2906 0.455245
2907 0.454807
2908 0.45437
2909 0.453933
2910 0.453497
2911 0.453061
2912 0.452626
2913 0.452191
2914 0.451757
2915 0.451324
2916 0.450891
2917 0.450458
2918 0.450026
2919 0.449594
2920 0.449163
2921 0.448733
2922 0.448303
2923 0.447873
2924 0.447444
2925 0.447016
2926 0.446588
2927 0.446161
2928 0.445734
2929 0.445307
2930 0.444881
2931 0.444456
2932 0.444031
2933 0.443607
2934 0.443183
2935 0.44276
2936 0.442337
2937 0.441915
2938 0.441493
2939 0.441071
2940 0.440651
2941 0.44023
2942 0.439811
2943 0.439391
2944 0.438972
2945 0.438554
2946 0.438136
2947 0.437719
2948 0.437302
2949 0.436886
2950 0.43647
2951 0.436055
2952 0.43564
2953 0.435226
2954 0.434812
2955 0.434398
2955 0.433986
2956 0.433573
2957 0.433161
2958 0.43275
2959 0.432339
2960 0.431929
2961 0.431519
2962 0.431109
2963 0.4307
2964 0.430292
2965 0.429884
2966 0.429477
2967 0.429069
2968 0.428663
2969 0.428257
2970 0.427851
2971 0.427446
2972 0.427042
2973 0.426638
2974 0.426234
2975 0.425831
2976 0.425428
2977 0.425026
2978 0.424624
2979 0.424223
2980 0.423822
2981 0.423422
2982 0.423022
2983 0.422622
2984 0.422223
2985 0.421825
2986 0.421427
2987 0.421029
2988 0.420632
2989 0.420236
2990 0.41984
2991 0.419444
2992 0.419049
2993 0.418654
2994 0.41826
2995 0.417866
2996 0.417473
2997 0.41708
2998 0.416687
2999 0.416295
3000 0.415904
3001 0.415513
3002 0.415122
3003 0.414732
3004 0.414342
3005 0.413953
3006 0.413564
3007 0.413176
3008 0.412788
3009 0.412401
3010 0.412014
3011 0.411628
3012 0.411241
3013 0.410856
3014 0.410471
3015 0.410086
3016 0.409702
3017 0.409318
3018 0.408935
3019 0.408552
3020 0.408169
3021 0.407787
3022 0.407406
3023 0.407025
3024 0.406644
3025 0.406264
3026 0.405884
3027 0.405505
3028 0.405126
3029 0.404748
3030 0.40437
3031 0.403992
3032 0.403615
3033 0.403238
3034 0.402862
3035 0.402486
3036 0.402111
3037 0.401736
3038 0.401362
3039 0.400988
3040 0.400614
3041 0.400241
3042 0.399868
3043 0.399496
3044 0.399124
3045 0.398753
3046 0.398382
3047 0.398011
3048 0.397641
3049 0.397272
3050 0.396902
3051 0.396534
3052 0.396165
3053 0.395797
3054 0.39543
3055 0.395063
3056 0.394696
3057 0.39433
3058 0.393964
3059 0.393598
3060 0.393234
3061 0.392869
3062 0.392505
3063 0.392141
3064 0.391778
3065 0.391415
3066 0.391053
3067 0.390691
3068 0.390329
3069 0.389968
3070 0.389607
3071 0.389247
3072 0.388887
3073 0.388528
3074 0.388168
3075 0.38781
3076 0.387452
3077 0.387094
3078 0.386736
3079 0.386379
3080 0.386023
3081 0.385667
3082 0.385311
3083 0.384956
3084 0.384601
3085 0.384246
3086 0.383892
3087 0.383538
3088 0.383185
3089 0.382832
3090 0.38248
3091 0.382128
3092 0.381776
3093 0.381425
3094 0.381074
3095 0.380724
3096 0.380374
3097 0.380024
3098 0.379675
3099 0.379326
3100 0.378978
3101 0.37863
3102 0.378282
3103 0.377935
3104 0.377588
3105 0.377242
3106 0.376896
3107 0.37655
3108 0.376205
3109 0.37586
3110 0.375516
3111 0.375172
3112 0.374828
3113 0.374485
3114 0.374142
3115 0.3738
3116 0.373458
3117 0.373116
3118 0.372775
3119 0.372434
3120 0.372094
3121 0.371753
3122 0.371414
3123 0.371074
3124 0.370736
3125 0.370397
3126 0.370059
3127 0.369721
3128 0.369384
3129 0.369047
3130 0.36871
3131 0.368374
3132 0.368038
3133 0.367703
3134 0.367368
3135 0.367033
3136 0.366699
3137 0.366365
3138 0.366032
3139 0.365698
3140 0.365366
3141 0.365033
3142 0.364701
3143 0.36437
3144 0.364039
3145 0.363708
3146 0.363377
3147 0.363047
3148 0.362717
3149 0.362388
3150 0.362059
3151 0.36173
3152 0.361402
3153 0.361074
3154 0.360747
3155 0.36042
3156 0.360093
3157 0.359767
3158 0.359441
3159 0.359115
3160 0.35879
3161 0.358465
3162 0.35814
3163 0.357816
3164 0.357492
3165 0.357169
3166 0.356846
3167 0.356523
3168 0.356201
3169 0.355879
3170 0.355557
3171 0.355236
3172 0.354915
3173 0.354595
3174 0.354275
3175 0.353955
3176 0.353635
3177 0.353316
3178 0.352998
3179 0.352679
3180 0.352361
3181 0.352044
3182 0.351726
3183 0.351409
3184 0.351093
3185 0.350777
3186 0.350461
3187 0.350145
3188 0.34983
3189 0.349515
3190 0.349201
3191 0.348887
3192 0.348573
3193 0.34826
3194 0.347947
3195 0.347634
3196 0.347322
3196 0.34701
3197 0.346698
3198 0.346387
3199 0.346076
3200 0.345765
3201 0.345455
3202 0.345145
3203 0.344836
3204 0.344526
3205 0.344218
3206 0.343909
3207 0.343601
3208 0.343293
3209 0.342986
3210 0.342679
3211 0.342372
3212 0.342065
3213 0.341759
3214 0.341454
3215 0.341148
3216 0.340843
3217 0.340538
3218 0.340234
3219 0.33993
3220 0.339626
3221 0.339323
3222 0.33902
3223 0.338717
3224 0.338415
3225 0.338113
3226 0.337811
3227 0.33751
3228 0.337209
3229 0.336909
3230 0.336608
3231 0.336308
3232 0.336009
3233 0.335709
3234 0.33541
3235 0.335112
3236 0.334814
3237 0.334516
3238 0.334218
3239 0.333921
3240 0.333624
3241 0.333327
3242 0.333031
3243 0.332735
3244 0.332439
3245 0.332144
3246 0.331849
3247 0.331554
3248 0.33126
3249 0.330966
3250 0.330672
3251 0.330379
3252 0.330086
3253 0.329793
3254 0.329501
3255 0.329209
3256 0.328917
3257 0.328626
3258 0.328335
3259 0.328044
3260 0.327754
3261 0.327464
3262 0.327174
3263 0.326885
3264 0.326596
3265 0.326307
3266 0.326018
3267 0.32573
3268 0.325443
3269 0.325155
3270 0.324868
3271 0.324581
3272 0.324294
3273 0.324008
3274 0.323722
3275 0.323437
3276 0.323152
3277 0.322867
3278 0.322582
3279 0.322298
3280 0.322014
3281 0.32173
3282 0.321447
3283 0.321164
3284 0.320881
3285 0.320598
3286 0.320316
3287 0.320035
3288 0.319753
3289 0.319472
3290 0.319191
3291 0.318911
3292 0.31863
3293 0.31835
3294 0.318071
3295 0.317791
3296 0.317513
3297 0.317234
3298 0.316955
3299 0.316677
3300 0.3164
3301 0.316122
3302 0.315845
3303 0.315568
3304 0.315292
3305 0.315015
3306 0.314739
3307 0.314464
3308 0.314189
3309 0.313914
3310 0.313639
3311 0.313364
3312 0.31309
3313 0.312817
3314 0.312543
3315 0.31227
3316 0.311997
3317 0.311724
3318 0.311452
3319 0.31118
3320 0.310908
3321 0.310637
3322 0.310366
3323 0.310095
3324 0.309825
3325 0.309554
3326 0.309284
3327 0.309015
3328 0.308745
3329 0.308476
3330 0.308208
3331 0.307939
3332 0.307671
3333 0.307403
3334 0.307136
3335 0.306868
3336 0.306601
3337 0.306335
3338 0.306068
3339 0.305802
3340 0.305536
3341 0.305271
3342 0.305006
3343 0.304741
3344 0.304476
3345 0.304212
3346 0.303948
3347 0.303684
3348 0.30342
3349 0.303157
3350 0.302894
3351 0.302632
3352 0.302369
3353 0.302107
3354 0.301845
3355 0.301584
3356 0.301323
3357 0.301062
3358 0.300801
3359 0.300541
3360 0.300281
3361 0.300021
3362 0.299761
3363 0.299502
3364 0.299243
3365 0.298985
3366 0.298726
3367 0.298468
3368 0.29821
3369 0.297953
3370 0.297695
3371 0.297438
3372 0.297182
3373 0.296925
3374 0.296669
3375 0.296413
3376 0.296158
3377 0.295902
3378 0.295647
3379 0.295392
3380 0.295138
3381 0.294884
3382 0.29463
3383 0.294376
3384 0.294122
3385 0.293869
3386 0.293616
3387 0.293364
3388 0.293111
3389 0.292859
3390 0.292608
3391 0.292356
3392 0.292105
3393 0.291854
3394 0.291603
3395 0.291353
3396 0.291102
3397 0.290852
3398 0.290603
3399 0.290353
3400 0.290104
3401 0.289855
3402 0.289607
3403 0.289359
3404 0.28911
3405 0.288863
3406 0.288615
3407 0.288368
3408 0.288121
3409 0.287874
3410 0.287628
3411 0.287382
3412 0.287136
3413 0.28689
3414 0.286645
3415 0.286399
3416 0.286154
3417 0.28591
3418 0.285665
3419 0.285421
3420 0.285178
3421 0.284934
3422 0.284691
3423 0.284448
3424 0.284205
3425 0.283962
3426 0.28372
3427 0.283478
3428 0.283236
3429 0.282995
3430 0.282753
3431 0.282512
3432 0.282272
3433 0.282031
3434 0.281791
3435 0.281551
3436 0.281311
3437 0.281072
3438 0.280833
3438 0.280594
3439 0.280355
3440 0.280117
3441 0.279879
3442 0.279641
3443 0.279403
3444 0.279166
3445 0.278928
3446 0.278692
3447 0.278455
3448 0.278219
3449 0.277982
3450 0.277747
3451 0.277511
3452 0.277275
3453 0.27704
3454 0.276805
3455 0.276571
3456 0.276336
3457 0.276102
3458 0.275868
3459 0.275635
3460 0.275401
3461 0.275168
3462 0.274935
3463 0.274703
3464 0.27447
3465 0.274238
3466 0.274006
3467 0.273775
3468 0.273543
3469 0.273312
3470 0.273081
3471 0.272851
3472 0.27262
3473 0.27239
3474 0.27216
3475 0.27193
3476 0.271701
3477 0.271472
3478 0.271243
3479 0.271014
3480 0.270786
3481 0.270557
3482 0.270329
3483 0.270102
3484 0.269874
3485 0.269647
3486 0.26942
3487 0.269193
3488 0.268967
3489 0.26874
3490 0.268514
3491 0.268288
3492 0.268063
3493 0.267838
3494 0.267612
3495 0.267388
3496 0.267163
3497 0.266939
3498 0.266714
3499 0.266491
3500 0.266267
3501 0.266044
3502 0.26582
3503 0.265597
3504 0.265375
3505 0.265152
3506 0.26493
3507 0.264708
3508 0.264486
3509 0.264265
3510 0.264043
3511 0.263822
3512 0.263601
3513 0.263381
3514 0.26316
3515 0.26294
3516 0.26272
3517 0.262501
3518 0.262281
3519 0.262062
3520 0.261843
3521 0.261624
3522 0.261406
3523 0.261187
3524 0.260969
3525 0.260752
3526 0.260534
3527 0.260317
3528 0.260099
3529 0.259883
3530 0.259666
3531 0.259449
3532 0.259233
3533 0.259017
3534 0.258801
3535 0.258586
3536 0.258371
3537 0.258155
3538 0.257941
3539 0.257726
3540 0.257512
3541 0.257297
3542 0.257083
3543 0.25687
3544 0.256656
3545 0.256443
3546 0.25623
3547 0.256017
3548 0.255804
3549 0.255592
3550 0.25538
3551 0.255168
3552 0.254956
3553 0.254744
3554 0.254533
3555 0.254322
3556 0.254111
3557 0.253901
3558 0.25369
3559 0.25348
3560 0.25327
3561 0.25306
3562 0.252851
3563 0.252641
3564 0.252432
3565 0.252223
3566 0.252015
3567 0.251806
3568 0.251598
3569 0.25139
3570 0.251182
3571 0.250975
3572 0.250767
3573 0.25056
3574 0.250353
3575 0.250147
3576 0.24994
3577 0.249734
3578 0.249528
3579 0.249322
3580 0.249116
3581 0.248911
3582 0.248706
3583 0.248501
3584 0.248296
3585 0.248091
3586 0.247887
3587 0.247683
3588 0.247479
3589 0.247275
3590 0.247071
3591 0.246868
3592 0.246665
3593 0.246462
3594 0.246259
3595 0.246057
3596 0.245855
3597 0.245653
3598 0.245451
3599 0.245249
3600 0.245048
3601 0.244847
3602 0.244645
3603 0.244445
3604 0.244244
3605 0.244044
3606 0.243843
3607 0.243643
3608 0.243444
3609 0.243244
3610 0.243045
3611 0.242846
3612 0.242647
3613 0.242448
3614 0.242249
3615 0.242051
3616 0.241853
3617 0.241655
3618 0.241457
3619 0.24126
3620 0.241062
3621 0.240865
3622 0.240668
3623 0.240471
3624 0.240275
3625 0.240078
3626 0.239882
3627 0.239686
3628 0.239491
3629 0.239295
3630 0.2391
3631 0.238905
3632 0.23871
3633 0.238515
3634 0.23832
3635 0.238126
3636 0.237932
3637 0.237738
3638 0.237544
3639 0.237351
3640 0.237157
3641 0.236964
3642 0.236771
3643 0.236578
3644 0.236386
3645 0.236193
3646 0.236001
3647 0.235809
3648 0.235617
3649 0.235426
3650 0.235234
3651 0.235043
3652 0.234852
3653 0.234661
3654 0.234471
3655 0.23428
3656 0.23409
3657 0.2339
3658 0.23371
3659 0.23352
3660 0.233331
3661 0.233142
3662 0.232953
3663 0.232764
3664 0.232575
3665 0.232387
3666 0.232198
3667 0.23201
3668 0.231822
3669 0.231634
3670 0.231447
3671 0.23126
3672 0.231072
3673 0.230885
3674 0.230699
3675 0.230512
3676 0.230326
3677 0.230139
3678 0.229953
3679 0.229768
3679 0.229582
3680 0.229396
3681 0.229211
3682 0.229026
3683 0.228841
3684 0.228656
3685 0.228472
3686 0.228288
3687 0.228103
3688 0.227919
3689 0.227736
3690 0.227552
3691 0.227369
3692 0.227186
3693 0.227002
3694 0.22682
3695 0.226637
3696 0.226455
3697 0.226272
3698 0.22609
3699 0.225908
3700 0.225726
3701 0.225545
3702 0.225364
3703 0.225182
3704 0.225001
3705 0.224821
3706 0.22464
3707 0.22446
3708 0.224279
3709 0.224099
3710 0.223919
3711 0.22374
3712 0.22356
3713 0.223381
3714 0.223202
3715 0.223023
3716 0.222844
3717 0.222665
3718 0.222487
3719 0.222308
3720 0.22213
3721 0.221952
3722 0.221775
3723 0.221597
3724 0.22142
3725 0.221243
3726 0.221066
3727 0.220889
3728 0.220712
3729 0.220536
3730 0.220359
3731 0.220183
3732 0.220007
3733 0.219832
3734 0.219656
3735 0.219481
3736 0.219305
3737 0.21913
3738 0.218955
3739 0.218781
3740 0.218606
3741 0.218432
3742 0.218258
3743 0.218084
3744 0.21791
3745 0.217736
3746 0.217563
3747 0.217389
3748 0.217216
3749 0.217043
3750 0.216871
3751 0.216698
3752 0.216526
3753 0.216353
3754 0.216181
3755 0.216009
3756 0.215838
3757 0.215666
3758 0.215495
3759 0.215324
3760 0.215152
3761 0.214982
3762 0.214811
3763 0.21464
3764 0.21447
3765 0.2143
3766 0.21413
3767 0.21396
3768 0.21379
3769 0.213621
3770 0.213451
3771 0.213282
3772 0.213113
3773 0.212945
3774 0.212776
3775 0.212607
3776 0.212439
3777 0.212271
3778 0.212103
3779 0.211935
3780 0.211768
3781 0.2116
3782 0.211433
3783 0.211266
3784 0.211099
3785 0.210932
3786 0.210765
3787 0.210599
3788 0.210432
3789 0.210266
3790 0.2101
3791 0.209935
3792 0.209769
3793 0.209603
3794 0.209438
3795 0.209273
3796 0.209108
3797 0.208943
3798 0.208778
3799 0.208614
3800 0.20845
3801 0.208286
3802 0.208122
3803 0.207958
3804 0.207794
3805 0.207631
3806 0.207467
3807 0.207304
3808 0.207141
3809 0.206978
3810 0.206815
3811 0.206653
3812 0.20649
3813 0.206328
3814 0.206166
3815 0.206004
3816 0.205843
3817 0.205681
3818 0.20552
3819 0.205358
3820 0.205197
3821 0.205036
3822 0.204876
3823 0.204715
3824 0.204555
3825 0.204394
3826 0.204234
3827 0.204074
3828 0.203914
3829 0.203755
3830 0.203595
3831 0.203436
3832 0.203277
3833 0.203118
3834 0.202959
3835 0.2028
3836 0.202641
3837 0.202483
3838 0.202325
3839 0.202167
3840 0.202009
3841 0.201851
3842 0.201693
3843 0.201536
3844 0.201379
3845 0.201221
3846 0.201064
3847 0.200907
3848 0.200751
3849 0.200594
3850 0.200438
3851 0.200282
3852 0.200126
3853 0.19997
3854 0.199814
3855 0.199658
3856 0.199503
3857 0.199347
3858 0.199192
3859 0.199037
3860 0.198882
3861 0.198728
3862 0.198573
3863 0.198419
3864 0.198264
3865 0.19811
3866 0.197956
3867 0.197802
3868 0.197649
3869 0.197495
3870 0.197342
3871 0.197189
3872 0.197036
3873 0.196883
3874 0.19673
3875 0.196577
3876 0.196425
3877 0.196272
3878 0.19612
3879 0.195968
3880 0.195816
3881 0.195665
3882 0.195513
3883 0.195362
3884 0.19521
3885 0.195059
3886 0.194908
3887 0.194757
3888 0.194607
3889 0.194456
3890 0.194306
3891 0.194155
3892 0.194005
3893 0.193855
3894 0.193705
3895 0.193556
3896 0.193406
3897 0.193257
3898 0.193107
3899 0.192958
3900 0.192809
3901 0.19266
3902 0.192512
3903 0.192363
3904 0.192215
3905 0.192067
3906 0.191918
3907 0.19177
3908 0.191623
3909 0.191475
3910 0.191327
3911 0.19118
3912 0.191033
3913 0.190886
3914 0.190739
3915 0.190592
3916 0.190445
3917 0.190298
3918 0.190152
3919 0.190006
3920 0.18986
3920 0.189714
3921 0.189568
3922 0.189422
3923 0.189276
3924 0.189131
3925 0.188986
3926 0.188841
3927 0.188695
3928 0.188551
3929 0.188406
3930 0.188261
3931 0.188117
3932 0.187972
3933 0.187828
3934 0.187684
3935 0.18754
3936 0.187397
3937 0.187253
3938 0.187109
3939 0.186966
3940 0.186823
3941 0.18668
3942 0.186537
3943 0.186394
3944 0.186251
3945 0.186109
3946 0.185966
3947 0.185824
3948 0.185682
3949 0.18554
3950 0.185398
3951 0.185257
3952 0.185115
3953 0.184974
3954 0.184832
3955 0.184691
3956 0.18455
3957 0.184409
3958 0.184268
3959 0.184128
3960 0.183987
3961 0.183847
3962 0.183707
3963 0.183567
3964 0.183427
3965 0.183287
3966 0.183147
3967 0.183008
3968 0.182868
3969 0.182729
3970 0.18259
3971 0.182451
3972 0.182312
3973 0.182173
3974 0.182035
3975 0.181896
3976 0.181758
3977 0.18162
3978 0.181481
3979 0.181343
3980 0.181206
3981 0.181068
3982 0.18093
3983 0.180793
3984 0.180656
3985 0.180519
3986 0.180382
3987 0.180245
3988 0.180108
3989 0.179971
3990 0.179835
3991 0.179698
3992 0.179562
3993 0.179426
3994 0.17929
3995 0.179154
3996 0.179018
3997 0.178883
3998 0.178747
3999 0.178612
4000 0.178477
4001 0.178342
4002 0.178207
4003 0.178072
4004 0.177937
4005 0.177803
4006 0.177668
4007 0.177534
4008 0.1774
4009 0.177266
4010 0.177132
4011 0.176998
4012 0.176865
4013 0.176731
4014 0.176598
4015 0.176464
4016 0.176331
4017 0.176198
4018 0.176065
4019 0.175932
4020 0.1758
4021 0.175667
4022 0.175535
4023 0.175403
4024 0.175271
4025 0.175139
4026 0.175007
4027 0.174875
4028 0.174743
4029 0.174612
4030 0.17448
4031 0.174349
4032 0.174218
4033 0.174087
4034 0.173956
4035 0.173825
4036 0.173695
4037 0.173564
4038 0.173434
4039 0.173304
4040 0.173173
4041 0.173043
4042 0.172914
4043 0.172784
4044 0.172654
4045 0.172525
4046 0.172395
4047 0.172266
4048 0.172137
4049 0.172008
4050 0.171879
4051 0.17175
4052 0.171621
4053 0.171493
4054 0.171365
4055 0.171236
4056 0.171108
4057 0.17098
4058 0.170852
4059 0.170724
4060 0.170597
4061 0.170469
4062 0.170342
4063 0.170214
4064 0.170087
4065 0.16996
4066 0.169833
4067 0.169706
4068 0.16958
4069 0.169453
4070 0.169326
4071 0.1692
4072 0.169074
4073 0.168948
4074 0.168822
4075 0.168696
4076 0.16857
4077 0.168444
4078 0.168319
4079 0.168193
4080 0.168068
4081 0.167943
4082 0.167818
4083 0.167693
4084 0.167568
4085 0.167444
4086 0.167319
4087 0.167194
4088 0.16707
4089 0.166946
4090 0.166822
4091 0.166698
4092 0.166574
4093 0.16645
4094 0.166327
4095 0.166203
4096 0.16608
4097 0.165956
4098 0.165833
4099 0.16571
4100 0.165587
4101 0.165464
4102 0.165342
4103 0.165219
4104 0.165096
4105 0.164974
4106 0.164852
4107 0.16473
4108 0.164608
4109 0.164486
4110 0.164364
4111 0.164242
4112 0.164121
4113 0.163999
4114 0.163878
4115 0.163757
4116 0.163636
4117 0.163515
4118 0.163394
4119 0.163273
4120 0.163152
4121 0.163032
4122 0.162911
4123 0.162791
4124 0.162671
4125 0.162551
4126 0.162431
4127 0.162311
4128 0.162191
4129 0.162071
4130 0.161952
4131 0.161832
4132 0.161713
4133 0.161594
4134 0.161475
4135 0.161356
4136 0.161237
4137 0.161118
4138 0.160999
4139 0.160881
4140 0.160762
4141 0.160644
4142 0.160526
4143 0.160408
4144 0.16029
4145 0.160172
4146 0.160054
4147 0.159936
4148 0.159819
4149 0.159701
4150 0.159584
4151 0.159467
4152 0.15935
4153 0.159233
4154 0.159116
4155 0.158999
4156 0.158882
4157 0.158766
4158 0.158649
4159 0.158533
4160 0.158417
4161 0.1583
4161 0.158184
4162 0.158068
4163 0.157953
4164 0.157837
4165 0.157721
4166 0.157606
4167 0.15749
4168 0.157375
4169 0.15726
4170 0.157145
4171 0.15703
4172 0.156915
4173 0.1568
4174 0.156685
4175 0.156571
4176 0.156456
4177 0.156342
4178 0.156228
4179 0.156114
4180 0.156
4181 0.155886
4182 0.155772
4183 0.155658
4184 0.155544
4185 0.155431
4186 0.155318
4187 0.155204
4188 0.155091
4189 0.154978
4190 0.154865
4191 0.154752
4192 0.154639
4193 0.154527
4194 0.154414
4195 0.154301
4196 0.154189
4197 0.154077
4198 0.153965
4199 0.153853
4200 0.153741
4201 0.153629
4202 0.153517
4203 0.153405
4204 0.153294
4205 0.153182
4206 0.153071
4207 0.152959
4208 0.152848
4209 0.152737
4210 0.152626
4211 0.152515
4212 0.152405
4213 0.152294
4214 0.152183
4215 0.152073
4216 0.151963
4217 0.151852
4218 0.151742
4219 0.151632
4220 0.151522
4221 0.151412
4222 0.151302
4223 0.151193
4224 0.151083
4225 0.150974
4226 0.150864
4227 0.150755
4228 0.150646
4229 0.150537
4230 0.150428
4231 0.150319
4232 0.15021
4233 0.150101
4234 0.149993
4235 0.149884
4236 0.149776
4237 0.149668
4238 0.14956
4239 0.149451
4240 0.149343
4241 0.149236
4242 0.149128
4243 0.14902
4244 0.148912
4245 0.148805
4246 0.148697
4247 0.14859
4248 0.148483
4249 0.148376
4250 0.148269
4251 0.148162
4252 0.148055
4253 0.147948
4254 0.147842
4255 0.147735
4256 0.147629
4257 0.147522
4258 0.147416
4259 0.14731
4260 0.147204
4261 0.147098
4262 0.146992
4263 0.146886
4264 0.146781
4265 0.146675
4266 0.14657
4267 0.146464
4268 0.146359
4269 0.146254
4270 0.146149
4271 0.146044
4272 0.145939
4273 0.145834
4274 0.145729
4275 0.145624
4276 0.14552
4277 0.145415
4278 0.145311
4279 0.145207
4280 0.145103
4281 0.144999
4282 0.144895
4283 0.144791
4284 0.144687
4285 0.144583
4286 0.14448
4287 0.144376
4288 0.144273
4289 0.144169
4290 0.144066
4291 0.143963
4292 0.14386
4293 0.143757
4294 0.143654
4295 0.143552
4296 0.143449
4297 0.143346
4298 0.143244
4299 0.143141
4300 0.143039
4301 0.142937
4302 0.142835
4303 0.142733
4304 0.142631
4305 0.142529
4306 0.142427
4307 0.142326
4308 0.142224
4309 0.142123
4310 0.142021
4311 0.14192
4312 0.141819
4313 0.141718
4314 0.141617
4315 0.141516
4316 0.141415
4317 0.141314
4318 0.141214
4319 0.141113
4320 0.141012
4321 0.140912
4322 0.140812
4323 0.140712
4324 0.140612
4325 0.140512
4326 0.140412
4327 0.140312
4328 0.140212
4329 0.140112
4330 0.140013
4331 0.139913
4332 0.139814
4333 0.139715
4334 0.139615
4335 0.139516
4336 0.139417
4337 0.139318
4338 0.139219
4339 0.139121
4340 0.139022
4341 0.138923
4342 0.138825
4343 0.138727
4344 0.138628
4345 0.13853
4346 0.138432
4347 0.138334
4348 0.138236
4349 0.138138
4350 0.13804
4351 0.137942
4352 0.137845
4353 0.137747
4354 0.13765
4355 0.137553
4356 0.137455
4357 0.137358
4358 0.137261
4359 0.137164
4360 0.137067
4361 0.13697
4362 0.136874
4363 0.136777
4364 0.13668
4365 0.136584
4366 0.136487
4367 0.136391
4368 0.136295
4369 0.136199
4370 0.136103
4371 0.136007
4372 0.135911
4373 0.135815
4374 0.135719
4375 0.135624
4376 0.135528
4377 0.135433
4378 0.135337
4379 0.135242
4380 0.135147
4381 0.135052
4382 0.134957
4383 0.134862
4384 0.134767
4385 0.134672
4386 0.134577
4387 0.134483
4388 0.134388
4389 0.134294
4390 0.1342
4391 0.134105
4392 0.134011
4393 0.133917
4394 0.133823
4395 0.133729
4396 0.133635
4397 0.133541
4398 0.133448
4399 0.133354
4400 0.133261
4401 0.133167
4402 0.133074
4403 0.132981
4403 0.132887
4404 0.132794
4405 0.132701
4406 0.132608
4407 0.132516
4408 0.132423
4409 0.13233
4410 0.132238
4411 0.132145
4412 0.132053
4413 0.13196
4414 0.131868
4415 0.131776
4416 0.131684
4417 0.131592
4418 0.1315
4419 0.131408
4420 0.131316
4421 0.131224
4422 0.131133
4423 0.131041
4424 0.13095
4425 0.130858
4426 0.130767
4427 0.130676
4428 0.130585
4429 0.130494
4430 0.130403
4431 0.130312
4432 0.130221
4433 0.13013
4434 0.13004
4435 0.129949
4436 0.129858
4437 0.129768
4438 0.129678
4439 0.129587
4440 0.129497
4441 0.129407
4442 0.129317
4443 0.129227
4444 0.129137
4445 0.129048
4446 0.128958
4447 0.128868
4448 0.128779
4449 0.128689
4450 0.1286
4451 0.128511
4452 0.128421
4453 0.128332
4454 0.128243
4455 0.128154
4456 0.128065
4457 0.127976
4458 0.127888
4459 0.127799
4460 0.12771
4461 0.127622
4462 0.127533
4463 0.127445
4464 0.127357
4465 0.127269
4466 0.12718
4467 0.127092
4468 0.127004
4469 0.126917
4470 0.126829
4471 0.126741
4472 0.126653
4473 0.126566
4474 0.126478
4475 0.126391
4476 0.126303
4477 0.126216
4478 0.126129
4479 0.126042
4480 0.125955
4481 0.125868
4482 0.125781
4483 0.125694
4484 0.125607
4485 0.125521
4486 0.125434
4487 0.125347
4488 0.125261
4489 0.125175
4490 0.125088
4491 0.125002
4492 0.124916
4493 0.12483
4494 0.124744
4495 0.124658
4496 0.124572
4497 0.124486
4498 0.1244
4499 0.124315
4500 0.124229
4501 0.124144
4502 0.124058
4503 0.123973
4504 0.123888
4505 0.123803
4506 0.123718
4507 0.123632
4508 0.123547
4509 0.123463
4510 0.123378
4511 0.123293
4512 0.123208
4513 0.123124
4514 0.123039
4515 0.122955
4516 0.12287
4517 0.122786
4518 0.122702
4519 0.122618
4520 0.122534
4521 0.12245
4522 0.122366
4523 0.122282
4524 0.122198
4525 0.122114
4526 0.122031
4527 0.121947
4528 0.121863
4529 0.12178
4530 0.121697
4531 0.121613
4532 0.12153
4533 0.121447
4534 0.121364
4535 0.121281
4536 0.121198
4537 0.121115
4538 0.121032
4539 0.120949
4540 0.120867
4541 0.120784
4542 0.120702
4543 0.120619
4544 0.120537
4545 0.120455
4546 0.120372
4547 0.12029
4548 0.120208
4549 0.120126
4550 0.120044
4551 0.119962
4552 0.11988
4553 0.119799
4554 0.119717
4555 0.119635
4556 0.119554
4557 0.119472
4558 0.119391
4559 0.119309
4560 0.119228
4561 0.119147
4562 0.119066
4563 0.118985
4564 0.118904
4565 0.118823
4566 0.118742
4567 0.118661
4568 0.118581
4569 0.1185
4570 0.118419
4571 0.118339
4572 0.118258
4573 0.118178
4574 0.118098
4575 0.118017
4576 0.117937
4577 0.117857
4578 0.117777
4579 0.117697
4580 0.117617
4581 0.117537
4582 0.117458
4583 0.117378
4584 0.117298
4585 0.117219
4586 0.117139
4587 0.11706
4588 0.11698
4589 0.116901
4590 0.116822
4591 0.116743
4592 0.116663
4593 0.116584
4594 0.116505
4595 0.116427
4596 0.116348
4597 0.116269
4598 0.11619
4599 0.116112
4600 0.116033
4601 0.115955
4602 0.115876
4603 0.115798
4604 0.115719
4605 0.115641
4606 0.115563
4607 0.115485
4608 0.115407
4609 0.115329
4610 0.115251
4611 0.115173
4612 0.115095
4613 0.115018
4614 0.11494
4615 0.114862
4616 0.114785
4617 0.114707
4618 0.11463
4619 0.114553
4620 0.114475
4621 0.114398
4622 0.114321
4623 0.114244
4624 0.114167
4625 0.11409
4626 0.114013
4627 0.113937
4628 0.11386
4629 0.113783
4630 0.113706
4631 0.11363
4632 0.113553
4633 0.113477
4634 0.113401
4635 0.113324
4636 0.113248
4637 0.113172
4638 0.113096
4639 0.11302
4640 0.112944
4641 0.112868
4642 0.112792
4643 0.112716
4644 0.112641
4644 0.112565
4645 0.11249
4646 0.112414
4647 0.112339
4648 0.112263
4649 0.112188
4650 0.112113
4651 0.112037
4652 0.111962
4653 0.111887
4654 0.111812
4655 0.111737
4656 0.111662
4657 0.111588
4658 0.111513
4659 0.111438
4660 0.111363
4661 0.111289
4662 0.111214
4663 0.11114
4664 0.111066
4665 0.110991
4666 0.110917
4667 0.110843
4668 0.110769
4669 0.110695
4670 0.110621
4671 0.110547
4672 0.110473
4673 0.110399
4674 0.110325
4675 0.110252
4676 0.110178
4677 0.110104
4678 0.110031
4679 0.109957
4680 0.109884
4681 0.109811
4682 0.109738
4683 0.109664
4684 0.109591
4685 0.109518
4686 0.109445
4687 0.109372
4688 0.109299
4689 0.109226
4690 0.109154
4691 0.109081
4692 0.109008
4693 0.108936
4694 0.108863
4695 0.108791
4696 0.108718
4697 0.108646
4698 0.108574
4699 0.108502
4700 0.108429
4701 0.108357
4702 0.108285
4703 0.108213
4704 0.108141
4705 0.10807
4706 0.107998
4707 0.107926
4708 0.107854
4709 0.107783
4710 0.107711
4711 0.10764
4712 0.107568
4713 0.107497
4714 0.107426
4715 0.107354
4716 0.107283
4717 0.107212
4718 0.107141
4719 0.10707
4720 0.106999
4721 0.106928
4722 0.106857
4723 0.106787
4724 0.106716
4725 0.106645
4726 0.106575
4727 0.106504
4728 0.106434
4729 0.106363
4730 0.106293
4731 0.106223
4732 0.106152
4733 0.106082
4734 0.106012
4735 0.105942
4736 0.105872
4737 0.105802
4738 0.105732
4739 0.105662
4740 0.105593
4741 0.105523
4742 0.105453
4743 0.105384
4744 0.105314
4745 0.105245
4746 0.105175
4747 0.105106
4748 0.105037
4749 0.104967
4750 0.104898
4751 0.104829
4752 0.10476
4753 0.104691
4754 0.104622
4755 0.104553
4756 0.104484
4757 0.104415
4758 0.104347
4759 0.104278
4760 0.104209
4761 0.104141
4762 0.104072
4763 0.104004
4764 0.103936
4765 0.103867
4766 0.103799
4767 0.103731
4768 0.103663
4769 0.103595
4770 0.103527
4771 0.103459
4772 0.103391
4773 0.103323
4774 0.103255
4775 0.103187
4776 0.10312
4777 0.103052
4778 0.102984
4779 0.102917
4780 0.102849
4781 0.102782
4782 0.102715
4783 0.102647
4784 0.10258
4785 0.102513
4786 0.102446
4787 0.102379
4788 0.102312
4789 0.102245
4790 0.102178
4791 0.102111
4792 0.102044
4793 0.101977
4794 0.101911
4795 0.101844
4796 0.101777
4797 0.101711
4798 0.101644
4799 0.101578
4800 0.101512
4801 0.101445
4802 0.101379
4803 0.101313
4804 0.101247
4805 0.101181
4806 0.101115
4807 0.101049
4808 0.100983
4809 0.100917
4810 0.100851
4811 0.100785
4812 0.10072
4813 0.100654
4814 0.100589
4815 0.100523
4816 0.100458
4817 0.100392
4818 0.100327
4819 0.100261
4820 0.100196
4821 0.100131
4822 0.100066
4823 0.100001
4824 0.0999357
4825 0.0998707
4826 0.0998057
4827 0.0997409
4828 0.099676
4829 0.0996113
4830 0.0995465
4831 0.0994819
4832 0.0994173
4833 0.0993527
4834 0.0992882
4835 0.0992237
4836 0.0991593
4837 0.099095
4838 0.0990307
4839 0.0989665
4840 0.0989023
4841 0.0988381
4842 0.0987741
4843 0.09871
4844 0.0986461
4845 0.0985821
4846 0.0985183
4847 0.0984544
4848 0.0983907
4849 0.098327
4850 0.0982633
4851 0.0981997
4852 0.0981361
4853 0.0980726
4854 0.0980092
4855 0.0979458
4856 0.0978824
4857 0.0978192
4858 0.0977559
4859 0.0976927
4860 0.0976296
4861 0.0975665
4862 0.0975035
4863 0.0974405
4864 0.0973776
4865 0.0973147
4866 0.0972519
4867 0.0971891
4868 0.0971264
4869 0.0970637
4870 0.0970011
4871 0.0969385
4872 0.096876
4873 0.0968135
4874 0.0967511
4875 0.0966887
4876 0.0966264
4877 0.0965641
4878 0.0965019
4879 0.0964398
4880 0.0963777
4881 0.0963156
4882 0.0962536
4883 0.0961916
4884 0.0961297
4885 0.0960679
4885 0.0960061
4886 0.0959443
4887 0.0958826
4888 0.095821
4889 0.0957594
4890 0.0956978
4891 0.0956363
4892 0.0955748
4893 0.0955134
4894 0.0954521
4895 0.0953908
4896 0.0953295
4897 0.0952683
4898 0.0952072
4899 0.0951461
4900 0.095085
4901 0.095024
4902 0.094963
4903 0.0949021
4904 0.0948413
4905 0.0947805
4906 0.0947197
4907 0.094659
4908 0.0945984
4909 0.0945377
4910 0.0944772
4911 0.0944167
4912 0.0943562
4913 0.0942958
4914 0.0942354
4915 0.0941751
4916 0.0941148
4917 0.0940546
4918 0.0939945
4919 0.0939343
4920 0.0938743
4921 0.0938142
4922 0.0937543
4923 0.0936943
4924 0.0936345
4925 0.0935746
4926 0.0935148
4927 0.0934551
4928 0.0933954
4929 0.0933358
4930 0.0932762
4931 0.0932167
4932 0.0931572
4933 0.0930977
4934 0.0930383
4935 0.092979
4936 0.0929197
4937 0.0928604
4938 0.0928012
4939 0.092742
4940 0.0926829
4941 0.0926239
4942 0.0925648
4943 0.0925059
4944 0.092447
4945 0.0923881
4946 0.0923292
4947 0.0922705
4948 0.0922117
4949 0.092153
4950 0.0920944
4951 0.0920358
4952 0.0919773
4953 0.0919188
4954 0.0918603
4955 0.0918019
4956 0.0917435
4957 0.0916852
4958 0.091627
4959 0.0915687
4960 0.0915106
4961 0.0914524
4962 0.0913944
4963 0.0913363
4964 0.0912783
4965 0.0912204
4966 0.0911625
4967 0.0911046
4968 0.0910468
4969 0.0909891
4970 0.0909314
4971 0.0908737
4972 0.0908161
4973 0.0907585
4974 0.090701
4975 0.0906435
4976 0.090586
4977 0.0905286
4978 0.0904713
4979 0.090414
4980 0.0903567
4981 0.0902995
4982 0.0902424
4983 0.0901852
4984 0.0901282
4985 0.0900711
4986 0.0900141
4987 0.0899572
4988 0.0899003
4989 0.0898434
4990 0.0897866
4991 0.0897299
4992 0.0896731
4993 0.0896165
4994 0.0895598
4995 0.0895033
4996 0.0894467
4997 0.0893902
4998 0.0893338
4999 0.0892774
5000 0.089221
5001 0.0891647
5002 0.0891084
5003 0.0890522
5004 0.088996
5005 0.0889398
5006 0.0888837
5007 0.0888277
5008 0.0887717
5009 0.0887157
5010 0.0886598
5011 0.0886039
5012 0.0885481
5013 0.0884923
5014 0.0884365
5015 0.0883808
5016 0.0883252
5017 0.0882696
5018 0.088214
5019 0.0881585
5020 0.088103
5021 0.0880475
5022 0.0879921
5023 0.0879368
5024 0.0878815
5025 0.0878262
5026 0.087771
5027 0.0877158
5028 0.0876607
5029 0.0876056
5030 0.0875505
5031 0.0874955
5032 0.0874405
5033 0.0873856
5034 0.0873307
5035 0.0872759
5036 0.0872211
5037 0.0871664
5038 0.0871117
5039 0.087057
5040 0.0870024
5041 0.0869478
5042 0.0868933
5043 0.0868388
5044 0.0867843
5045 0.0867299
5046 0.0866756
5047 0.0866212
5048 0.086567
5049 0.0865127
5050 0.0864585
5051 0.0864044
5052 0.0863503
5053 0.0862962
5054 0.0862422
5055 0.0861882
5056 0.0861343
5057 0.0860804
5058 0.0860265
5059 0.0859727
5060 0.085919
5061 0.0858652
5062 0.0858115
5063 0.0857579
5064 0.0857043
5065 0.0856507
5066 0.0855972
5067 0.0855438
5068 0.0854903
5069 0.0854369
5070 0.0853836
5071 0.0853303
5072 0.085277
5073 0.0852238
5074 0.0851706
5075 0.0851175
5076 0.0850644
5077 0.0850113
5078 0.0849583
5079 0.0849053
5080 0.0848524
5081 0.0847995
5082 0.0847467
5083 0.0846939
5084 0.0846411
5085 0.0845884
5086 0.0845357
5087 0.0844831
5088 0.0844305
5089 0.0843779
5090 0.0843254
5091 0.0842729
5092 0.0842205
5093 0.0841681
5094 0.0841157
5095 0.0840634
5096 0.0840111
5097 0.0839589
5098 0.0839067
5099 0.0838546
5100 0.0838025
5101 0.0837504
5102 0.0836984
5103 0.0836464
5104 0.0835944
5105 0.0835425
5106 0.0834907
5107 0.0834389
5108 0.0833871
5109 0.0833353
5110 0.0832836
5111 0.083232
5112 0.0831804
5113 0.0831288
5114 0.0830772
5115 0.0830257
5116 0.0829743
5117 0.0829229
5118 0.0828715
5119 0.0828202
5120 0.0827689
5121 0.0827176
5122 0.0826664
5123 0.0826152
5124 0.0825641
5125 0.082513
5126 0.0824619
5127 0.0824109
5127 0.0823599
5128 0.082309
5129 0.0822581
5130 0.0822072
5131 0.0821564
5132 0.0821056
5133 0.0820549
5134 0.0820042
5135 0.0819535
5136 0.0819029
5137 0.0818523
5138 0.0818018
5139 0.0817513
5140 0.0817008
5141 0.0816504
5142 0.0816
5143 0.0815497
5144 0.0814994
5145 0.0814491
5146 0.0813989
5147 0.0813487
5148 0.0812985
5149 0.0812484
5150 0.0811984
5151 0.0811483
5152 0.0810983
5153 0.0810484
5154 0.0809985
5155 0.0809486
5156 0.0808988
5157 0.080849
5158 0.0807992
5159 0.0807495
5160 0.0806998
5161 0.0806502
5162 0.0806006
5163 0.080551
5164 0.0805015
5165 0.080452
5166 0.0804025
5167 0.0803531
5168 0.0803038
5169 0.0802544
5170 0.0802051
5171 0.0801559
5172 0.0801067
5173 0.0800575
5174 0.0800083
5175 0.0799592
5176 0.0799102
5177 0.0798611
5178 0.0798121
5179 0.0797632
5180 0.0797143
5181 0.0796654
5182 0.0796166
5183 0.0795678
5184 0.079519
5185 0.0794703
5186 0.0794216
5187 0.0793729
5188 0.0793243
5189 0.0792758
5190 0.0792272
5191 0.0791787
5192 0.0791303
5193 0.0790819
5194 0.0790335
5195 0.0789851
5196 0.0789368
5197 0.0788885
5198 0.0788403
5199 0.0787921
5200 0.0787439
5201 0.0786958
5202 0.0786477
5203 0.0785997
5204 0.0785517
5205 0.0785037
5206 0.0784558
5207 0.0784079
5208 0.07836
5209 0.0783122
5210 0.0782644
5211 0.0782166
5212 0.0781689
5213 0.0781213
5214 0.0780736
5215 0.078026
5216 0.0779784
5217 0.0779309
5218 0.0778834
5219 0.077836
5220 0.0777885
5221 0.0777412
5222 0.0776938
5223 0.0776465
5224 0.0775992
5225 0.077552
5226 0.0775048
5227 0.0774576
5228 0.0774105
5229 0.0773634
5230 0.0773163
5231 0.0772693
5232 0.0772223
5233 0.0771754
5234 0.0771285
5235 0.0770816
5236 0.0770348
5237 0.076988
5238 0.0769412
5239 0.0768945
5240 0.0768478
5241 0.0768011
5242 0.0767545
5243 0.0767079
5244 0.0766614
5245 0.0766148
5246 0.0765684
5247 0.0765219
5248 0.0764755
5249 0.0764291
5250 0.0763828
5251 0.0763365
5252 0.0762902
5253 0.076244
5254 0.0761978
5255 0.0761516
5256 0.0761055
5257 0.0760594
5258 0.0760134
5259 0.0759674
5260 0.0759214
5261 0.0758754
5262 0.0758295
5263 0.0757836
5264 0.0757378
5265 0.075692
5266 0.0756462
5267 0.0756005
5268 0.0755548
5269 0.0755091
5270 0.0754635
5271 0.0754179
5272 0.0753723
5273 0.0753268
5274 0.0752813
5275 0.0752358
5276 0.0751904
5277 0.075145
5278 0.0750997
5279 0.0750544
5280 0.0750091
5281 0.0749638
5282 0.0749186
5283 0.0748734
5284 0.0748283
5285 0.0747832
5286 0.0747381
5287 0.074693
5288 0.074648
5289 0.0746031
5290 0.0745581
5291 0.0745132
5292 0.0744683
5293 0.0744235
5294 0.0743787
5295 0.0743339
5296 0.0742892
5297 0.0742445
5298 0.0741998
5299 0.0741552
5300 0.0741106
5301 0.074066
5302 0.0740215
5303 0.073977
5304 0.0739325
5305 0.0738881
5306 0.0738437
5307 0.0737993
5308 0.073755
5309 0.0737107
5310 0.0736664
5311 0.0736222
5312 0.073578
5313 0.0735338
5314 0.0734897
5315 0.0734456
5316 0.0734016
5317 0.0733575
5318 0.0733135
5319 0.0732696
5320 0.0732256
5321 0.0731817
5322 0.0731379
5323 0.073094
5324 0.0730502
5325 0.0730065
5326 0.0729627
5327 0.072919
5328 0.0728754
5329 0.0728317
5330 0.0727881
5331 0.0727446
5332 0.072701
5333 0.0726575
5334 0.0726141
5335 0.0725706
5336 0.0725272
5337 0.0724839
5338 0.0724405
5339 0.0723972
5340 0.0723539
5341 0.0723107
5342 0.0722675
5343 0.0722243
5344 0.0721812
5345 0.072138
5346 0.072095
5347 0.0720519
5348 0.0720089
5349 0.0719659
5350 0.071923
5351 0.07188
5352 0.0718372
5353 0.0717943
5354 0.0717515
5355 0.0717087
5356 0.0716659
5357 0.0716232
5358 0.0715805
5359 0.0715378
5360 0.0714952
5361 0.0714526
5362 0.07141
5363 0.0713675
5364 0.071325
5365 0.0712825
5366 0.0712401
5367 0.0711977
5368 0.0711553
5368 0.0711129
5369 0.0710706
5370 0.0710283
5371 0.0709861
5372 0.0709439
5373 0.0709017
5374 0.0708595
5375 0.0708174
5376 0.0707753
5377 0.0707332
5378 0.0706912
5379 0.0706492
5380 0.0706072
5381 0.0705653
5382 0.0705234
5383 0.0704815
5384 0.0704396
5385 0.0703978
5386 0.070356
5387 0.0703143
5388 0.0702726
5389 0.0702309
5390 0.0701892
5391 0.0701476
5392 0.070106
5393 0.0700644
5394 0.0700228
5395 0.0699813
5396 0.0699399
5397 0.0698984
5398 0.069857
5399 0.0698156
5400 0.0697742
5401 0.0697329
5402 0.0696916
5403 0.0696503
5404 0.0696091
5405 0.0695679
5406 0.0695267
5407 0.0694856
5408 0.0694445
5409 0.0694034
5410 0.0693623
5411 0.0693213
5412 0.0692803
5413 0.0692393
5414 0.0691984
5415 0.0691575
5416 0.0691166
5417 0.0690758
5418 0.0690349
5419 0.0689942
5420 0.0689534
5421 0.0689127
5422 0.068872
5423 0.0688313
5424 0.0687907
5425 0.06875
5426 0.0687095
5427 0.0686689
5428 0.0686284
5429 0.0685879
5430 0.0685474
5431 0.068507
5432 0.0684666
5433 0.0684262
5434 0.0683859
5435 0.0683456
5436 0.0683053
5437 0.068265
5438 0.0682248
5439 0.0681846
5440 0.0681444
5441 0.0681043
5442 0.0680641
5443 0.0680241
5444 0.067984
5445 0.067944
5446 0.067904
5447 0.067864
5448 0.0678241
5449 0.0677841
5450 0.0677443
5451 0.0677044
5452 0.0676646
5453 0.0676248
5454 0.067585
5455 0.0675453
5456 0.0675056
5457 0.0674659
5458 0.0674262
5459 0.0673866
5460 0.067347
5461 0.0673074
5462 0.0672679
5463 0.0672284
5464 0.0671889
5465 0.0671494
5466 0.06711
5467 0.0670706
5468 0.0670312
5469 0.0669918
5470 0.0669525
5471 0.0669132
5472 0.066874
5473 0.0668347
5474 0.0667955
5475 0.0667563
5476 0.0667172
5477 0.0666781
5478 0.066639
5479 0.0665999
5480 0.0665609
5481 0.0665218
5482 0.0664829
5483 0.0664439
5484 0.066405
5485 0.0663661
5486 0.0663272
5487 0.0662883
5488 0.0662495
5489 0.0662107
5490 0.066172
5491 0.0661332
5492 0.0660945
5493 0.0660558
5494 0.0660172
5495 0.0659785
5496 0.0659399
5497 0.0659013
5498 0.0658628
5499 0.0658243
5500 0.0657858
5501 0.0657473
5502 0.0657089
5503 0.0656704
5504 0.065632
5505 0.0655937
5506 0.0655553
5507 0.065517
5508 0.0654788
5509 0.0654405
5510 0.0654023
5511 0.0653641
5512 0.0653259
5513 0.0652877
5514 0.0652496
5515 0.0652115
5516 0.0651734
5517 0.0651354
5518 0.0650974
5519 0.0650594
5520 0.0650214
5521 0.0649835
5522 0.0649456
5523 0.0649077
5524 0.0648698
5525 0.064832
5526 0.0647942
5527 0.0647564
5528 0.0647187
5529 0.064681
5530 0.0646433
5531 0.0646056
5532 0.0645679
5533 0.0645303
5534 0.0644927
5535 0.0644552
5536 0.0644176
5537 0.0643801
5538 0.0643426
5539 0.0643052
5540 0.0642677
5541 0.0642303
5542 0.0641929
5543 0.0641556
5544 0.0641182
5545 0.0640809
5546 0.0640437
5547 0.0640064
5548 0.0639692
5549 0.063932
5550 0.0638948
5551 0.0638577
5552 0.0638205
5553 0.0637834
5554 0.0637464
5555 0.0637093
5556 0.0636723
5557 0.0636353
5558 0.0635984
5559 0.0635614
5560 0.0635245
5561 0.0634876
5562 0.0634508
5563 0.0634139
5564 0.0633771
5565 0.0633403
5566 0.0633036
5567 0.0632669
5568 0.0632301
5569 0.0631935
5570 0.0631568
5571 0.0631202
5572 0.0630836
5573 0.063047
5574 0.0630105
5575 0.0629739
5576 0.0629374
5577 0.062901
5578 0.0628645
5579 0.0628281
5580 0.0627917
5581 0.0627553
5582 0.062719
5583 0.0626827
5584 0.0626464
5585 0.0626101
5586 0.0625739
5587 0.0625377
5588 0.0625015
5589 0.0624653
5590 0.0624292
5591 0.0623931
5592 0.062357
5593 0.0623209
5594 0.0622849
5595 0.0622489
5596 0.0622129
5597 0.0621769
5598 0.062141
5599 0.0621051
5600 0.0620692
5601 0.0620334
5602 0.0619975
5603 0.0619617
5604 0.0619259
5605 0.0618902
5606 0.0618544
5607 0.0618187
5608 0.0617831
5609 0.0617474
5609 0.0617118
5610 0.0616762
5611 0.0616406
5612 0.0616051
5613 0.0615695
5614 0.061534
5615 0.0614985
5616 0.0614631
5617 0.0614277
5618 0.0613923
5619 0.0613569
5620 0.0613215
5621 0.0612862
5622 0.0612509
5623 0.0612156
5624 0.0611804
5625 0.0611452
5626 0.06111
5627 0.0610748
5628 0.0610396
5629 0.0610045
5630 0.0609694
5631 0.0609343
5632 0.0608993
5633 0.0608643
5634 0.0608293
5635 0.0607943
5636 0.0607594
5637 0.0607244
5638 0.0606895
5639 0.0606547
5640 0.0606198
5641 0.060585
5642 0.0605502
5643 0.0605154
5644 0.0604807
5645 0.0604459
5646 0.0604112
5647 0.0603766
5648 0.0603419
5649 0.0603073
5650 0.0602727
5651 0.0602381
5652 0.0602036
5653 0.060169
5654 0.0601345
5655 0.0601001
5656 0.0600656
5657 0.0600312
5658 0.0599968
5659 0.0599624
5660 0.059928
5661 0.0598937
5662 0.0598594
5663 0.0598251
5664 0.0597909
5665 0.0597567
5666 0.0597224
5667 0.0596883
5668 0.0596541
5669 0.05962
5670 0.0595859
5671 0.0595518
5672 0.0595177
5673 0.0594837
5674 0.0594497
5675 0.0594157
5676 0.0593817
5677 0.0593478
5678 0.0593139
5679 0.05928
5680 0.0592462
5681 0.0592123
5682 0.0591785
5683 0.0591447
5684 0.0591109
5685 0.0590772
5686 0.0590435
5687 0.0590098
5688 0.0589761
5689 0.0589425
5690 0.0589089
5691 0.0588753
5692 0.0588417
5693 0.0588082
5694 0.0587746
5695 0.0587411
5696 0.0587077
5697 0.0586742
5698 0.0586408
5699 0.0586074
5700 0.058574
5701 0.0585407
5702 0.0585073
5703 0.058474
5704 0.0584407
5705 0.0584075
5706 0.0583743
5707 0.058341
5708 0.0583079
5709 0.0582747
5710 0.0582416
5711 0.0582084
5712 0.0581754
5713 0.0581423
5714 0.0581093
5715 0.0580762
5716 0.0580432
5717 0.0580103
5718 0.0579773
5719 0.0579444
5720 0.0579115
5721 0.0578786
5722 0.0578458
5723 0.057813
5724 0.0577802
5725 0.0577474
5726 0.0577146
5727 0.0576819
5728 0.0576492
5729 0.0576165
5730 0.0575839
5731 0.0575512
5732 0.0575186
5733 0.057486
5734 0.0574535
5735 0.0574209
5736 0.0573884
5737 0.0573559
5738 0.0573234
5739 0.057291
5740 0.0572586
5741 0.0572262
5742 0.0571938
5743 0.0571614
5744 0.0571291
5745 0.0570968
5746 0.0570645
5747 0.0570323
5748 0.057
5749 0.0569678
5750 0.0569356
5751 0.0569035
5752 0.0568713
5753 0.0568392
5754 0.0568071
5755 0.056775
5756 0.056743
5757 0.056711
5758 0.056679
5759 0.056647
5760 0.056615
5761 0.0565831
5762 0.0565512
5763 0.0565193
5764 0.0564875
5765 0.0564556
5766 0.0564238
5767 0.056392
5768 0.0563603
5769 0.0563285
5770 0.0562968
5771 0.0562651
5772 0.0562334
5773 0.0562018
5774 0.0561701
5775 0.0561385
5776 0.0561069
5777 0.0560754
5778 0.0560439
5779 0.0560123
5780 0.0559809
5781 0.0559494
5782 0.0559179
5783 0.0558865
5784 0.0558551
5785 0.0558237
5786 0.0557924
5787 0.0557611
5788 0.0557298
5789 0.0556985
5790 0.0556672
5791 0.055636
5792 0.0556048
5793 0.0555736
5794 0.0555424
5795 0.0555113
5796 0.0554801
5797 0.055449
5798 0.055418
5799 0.0553869
5800 0.0553559
5801 0.0553249
5802 0.0552939
5803 0.0552629
5804 0.055232
5805 0.0552011
5806 0.0551702
5807 0.0551393
5808 0.0551084
5809 0.0550776
5810 0.0550468
5811 0.055016
5812 0.0549853
5813 0.0549545
5814 0.0549238
5815 0.0548931
5816 0.0548625
5817 0.0548318
5818 0.0548012
5819 0.0547706
5820 0.05474
5821 0.0547095
5822 0.0546789
5823 0.0546484
5824 0.0546179
5825 0.0545875
5826 0.054557
5827 0.0545266
5828 0.0544962
5829 0.0544658
5830 0.0544355
5831 0.0544051
5832 0.0543748
5833 0.0543445
5834 0.0543143
5835 0.054284
5836 0.0542538
5837 0.0542236
5838 0.0541935
5839 0.0541633
5840 0.0541332
5841 0.0541031
5842 0.054073
5843 0.0540429
5844 0.0540129
5845 0.0539828
5846 0.0539529
5847 0.0539229
5848 0.0538929
5849 0.053863
5850 0.0538331
5850 0.0538032
5851 0.0537733
5852 0.0537435
5853 0.0537137
5854 0.0536839
5855 0.0536541
5856 0.0536243
5857 0.0535946
5858 0.0535649
5859 0.0535352
5860 0.0535055
5861 0.0534759
5862 0.0534463
5863 0.0534167
5864 0.0533871
5865 0.0533575
5866 0.053328
5867 0.0532985
5868 0.053269
5869 0.0532395
5870 0.0532101
5871 0.0531807
5872 0.0531513
5873 0.0531219
5874 0.0530925
5875 0.0530632
5876 0.0530339
5877 0.0530046
5878 0.0529753
5879 0.0529461
5880 0.0529168
5881 0.0528876
5882 0.0528584
5883 0.0528293
5884 0.0528001
5885 0.052771
5886 0.0527419
5887 0.0527128
5888 0.0526838
5889 0.0526547
5890 0.0526257
5891 0.0525967
5892 0.0525678
5893 0.0525388
5894 0.0525099
5895 0.052481
5896 0.0524521
5897 0.0524232
5898 0.0523944
5899 0.0523656
5900 0.0523368
5901 0.052308
5902 0.0522792
5903 0.0522505
5904 0.0522218
5905 0.0521931
5906 0.0521644
5907 0.0521358
5908 0.0521072
5909 0.0520786
5910 0.05205
5911 0.0520214
5912 0.0519929
5913 0.0519643
5914 0.0519358
5915 0.0519074
5916 0.0518789
5917 0.0518505
5918 0.0518221
5919 0.0517937
5920 0.0517653
5921 0.0517369
5922 0.0517086
5923 0.0516803
5924 0.051652
5925 0.0516238
5926 0.0515955
5927 0.0515673
5928 0.0515391
5929 0.0515109
5930 0.0514827
5931 0.0514546
5932 0.0514265
5933 0.0513984
5934 0.0513703
5935 0.0513423
5936 0.0513142
5937 0.0512862
5938 0.0512582
5939 0.0512302
5940 0.0512023
5941 0.0511744
5942 0.0511464
5943 0.0511186
5944 0.0510907
5945 0.0510628
5946 0.051035
5947 0.0510072
5948 0.0509794
5949 0.0509517
5950 0.0509239
5951 0.0508962
5952 0.0508685
5953 0.0508408
5954 0.0508132
5955 0.0507855
5956 0.0507579
5957 0.0507303
5958 0.0507027
5959 0.0506752
5960 0.0506476
5961 0.0506201
5962 0.0505926
5963 0.0505652
5964 0.0505377
5965 0.0505103
5966 0.0504829
5967 0.0504555
5968 0.0504281
5969 0.0504007
5970 0.0503734
5971 0.0503461
5972 0.0503188
5973 0.0502915
5974 0.0502643
5975 0.0502371
5976 0.0502099
5977 0.0501827
5978 0.0501555
5979 0.0501284
5980 0.0501012
5981 0.0500741
5982 0.050047
5983 0.05002
5984 0.0499929
5985 0.0499659
5986 0.0499389
5987 0.0499119
5988 0.049885
5989 0.049858
5990 0.0498311
5991 0.0498042
5992 0.0497773
5993 0.0497504
5994 0.0497236
5995 0.0496968
5996 0.04967
5997 0.0496432
5998 0.0496164
5999 0.0495897
6000 0.049563
6001 0.0495363
6002 0.0495096
6003 0.0494829
6004 0.0494563
6005 0.0494297
6006 0.0494031
6007 0.0493765
6008 0.0493499
6009 0.0493234
6010 0.0492969
6011 0.0492704
6012 0.0492439
6013 0.0492174
6014 0.049191
6015 0.0491646
6016 0.0491382
6017 0.0491118
6018 0.0490854
6019 0.0490591
6020 0.0490328
6021 0.0490065
6022 0.0489802
6023 0.0489539
6024 0.0489277
6025 0.0489014
6026 0.0488752
6027 0.0488491
6028 0.0488229
6029 0.0487967
6030 0.0487706
6031 0.0487445
6032 0.0487184
6033 0.0486924
6034 0.0486663
6035 0.0486403
6036 0.0486143
6037 0.0485883
6038 0.0485623
6039 0.0485364
6040 0.0485105
6041 0.0484846
6042 0.0484587
6043 0.0484328
6044 0.0484069
6045 0.0483811
6046 0.0483553
6047 0.0483295
6048 0.0483037
6049 0.048278
6050 0.0482523
6051 0.0482265
6052 0.0482008
6053 0.0481752
6054 0.0481495
6055 0.0481239
6056 0.0480983
6057 0.0480727
6058 0.0480471
6059 0.0480215
6060 0.047996
6061 0.0479705
6062 0.047945
6063 0.0479195
6064 0.047894
6065 0.0478686
6066 0.0478432
6067 0.0478178
6068 0.0477924
6069 0.047767
6070 0.0477417
6071 0.0477163
6072 0.047691
6073 0.0476657
6074 0.0476405
6075 0.0476152
6076 0.04759
6077 0.0475648
6078 0.0475396
6079 0.0475144
6080 0.0474892
6081 0.0474641
6082 0.047439
6083 0.0474139
6084 0.0473888
6085 0.0473637
6086 0.0473387
6087 0.0473137
6088 0.0472887
6089 0.0472637
6090 0.0472387
6091 0.0472138
6092 0.0471888
6092 0.0471639
6093 0.047139
6094 0.0471142
6095 0.0470893
6096 0.0470645
6097 0.0470397
6098 0.0470149
6099 0.0469901
6100 0.0469653
6101 0.0469406
6102 0.0469159
6103 0.0468912
6104 0.0468665
6105 0.0468418
6106 0.0468172
6107 0.0467925
6108 0.0467679
6109 0.0467433
6110 0.0467188
6111 0.0466942
6112 0.0466697
6113 0.0466451
6114 0.0466207
6115 0.0465962
6116 0.0465717
6117 0.0465473
6118 0.0465228
6119 0.0464984
6120 0.046474
6121 0.0464497
6122 0.0464253
6123 0.046401
6124 0.0463767
6125 0.0463524
6126 0.0463281
6127 0.0463039
6128 0.0462796
6129 0.0462554
6130 0.0462312
6131 0.046207
6132 0.0461828
6133 0.0461587
6134 0.0461346
6135 0.0461104
6136 0.0460864
6137 0.0460623
6138 0.0460382
6139 0.0460142
6140 0.0459902
6141 0.0459662
6142 0.0459422
6143 0.0459182
6144 0.0458943
6145 0.0458703
6146 0.0458464
6147 0.0458225
6148 0.0457986
6149 0.0457748
6150 0.0457509
6151 0.0457271
6152 0.0457033
6153 0.0456795
6154 0.0456557
6155 0.045632
6156 0.0456083
6157 0.0455845
6158 0.0455608
6159 0.0455372
6160 0.0455135
6161 0.0454898
6162 0.0454662
6163 0.0454426
6164 0.045419
6165 0.0453954
6166 0.0453719
6167 0.0453483
6168 0.0453248
6169 0.0453013
6170 0.0452778
6171 0.0452543
6172 0.0452309
6173 0.0452075
6174 0.045184
6175 0.0451606
6176 0.0451373
6177 0.0451139
6178 0.0450905
6179 0.0450672
6180 0.0450439
6181 0.0450206
6182 0.0449973
6183 0.044974
6184 0.0449508
6185 0.0449276
6186 0.0449044
6187 0.0448812
6188 0.044858
6189 0.0448348
6190 0.0448117
6191 0.0447885
6192 0.0447654
6193 0.0447423
6194 0.0447193
6195 0.0446962
6196 0.0446732
6197 0.0446501
6198 0.0446271
6199 0.0446041
6200 0.0445811
6201 0.0445582
6202 0.0445352
6203 0.0445123
6204 0.0444894
6205 0.0444665
6206 0.0444436
6207 0.0444208
6208 0.0443979
6209 0.0443751
6210 0.0443523
6211 0.0443295
6212 0.0443067
6213 0.044284
6214 0.0442612
6215 0.0442385
6216 0.0442158
6217 0.0441931
6218 0.0441704
6219 0.0441477
6220 0.0441251
6221 0.0441025
6222 0.0440799
6223 0.0440573
6224 0.0440347
6225 0.0440121
6226 0.0439896
6227 0.043967
6228 0.0439445
6229 0.043922
6230 0.0438995
6231 0.0438771
6232 0.0438546
6233 0.0438322
6234 0.0438098
6235 0.0437874
6236 0.043765
6237 0.0437426
6238 0.0437202
6239 0.0436979
6240 0.0436756
6241 0.0436533
6242 0.043631
6243 0.0436087
6244 0.0435864
6245 0.0435642
6246 0.043542
6247 0.0435197
6248 0.0434975
6249 0.0434754
6250 0.0434532
6251 0.043431
6252 0.0434089
6253 0.0433868
6254 0.0433647
6255 0.0433426
6256 0.0433205
6257 0.0432985
6258 0.0432764
6259 0.0432544
6260 0.0432324
6261 0.0432104
6262 0.0431884
6263 0.0431664
6264 0.0431445
6265 0.0431225
6266 0.0431006
6267 0.0430787
6268 0.0430568
6269 0.0430349
6270 0.0430131
6271 0.0429912
6272 0.0429694
6273 0.0429476
6274 0.0429258
6275 0.042904
6276 0.0428822
6277 0.0428605
6278 0.0428388
6279 0.042817
6280 0.0427953
6281 0.0427736
6282 0.042752
6283 0.0427303
6284 0.0427086
6285 0.042687
6286 0.0426654
6287 0.0426438
6288 0.0426222
6289 0.0426006
6290 0.0425791
6291 0.0425575
6292 0.042536
6293 0.0425145
6294 0.042493
6295 0.0424715
6296 0.04245
6297 0.0424285
6298 0.0424071
6299 0.0423857
6300 0.0423643
6301 0.0423429
6302 0.0423215
6303 0.0423001
6304 0.0422787
6305 0.0422574
6306 0.0422361
6307 0.0422148
6308 0.0421935
6309 0.0421722
6310 0.0421509
6311 0.0421296
6312 0.0421084
6313 0.0420872
6314 0.042066
6315 0.0420448
6316 0.0420236
6317 0.0420024
6318 0.0419812
6319 0.0419601
6320 0.041939
6321 0.0419179
6322 0.0418968
6323 0.0418757
6324 0.0418546
6325 0.0418335
6326 0.0418125
6327 0.0417915
6328 0.0417704
6329 0.0417494
6330 0.0417285
6331 0.0417075
6332 0.0416865
6333 0.0416656
6333 0.0416446
6334 0.0416237
6335 0.0416028
6336 0.0415819
6337 0.041561
6338 0.0415402
6339 0.0415193
6340 0.0414985
6341 0.0414777
6342 0.0414568
6343 0.041436
6344 0.0414153
6345 0.0413945
6346 0.0413737
6347 0.041353
6348 0.0413323
6349 0.0413115
6350 0.0412908
6351 0.0412701
6352 0.0412495
6353 0.0412288
6354 0.0412081
6355 0.0411875
6356 0.0411669
6357 0.0411463
6358 0.0411257
6359 0.0411051
6360 0.0410845
6361 0.041064
6362 0.0410434
6363 0.0410229
6364 0.0410024
6365 0.0409819
6366 0.0409614
6367 0.0409409
6368 0.0409204
6369 0.0409
6370 0.0408795
6371 0.0408591
6372 0.0408387
6373 0.0408183
6374 0.0407979
6375 0.0407775
6376 0.0407571
6377 0.0407368
6378 0.0407164
6379 0.0406961
6380 0.0406758
6381 0.0406555
6382 0.0406352
6383 0.0406149
6384 0.0405947
6385 0.0405744
6386 0.0405542
6387 0.040534
6388 0.0405138
6389 0.0404936
6390 0.0404734
6391 0.0404532
6392 0.040433
6393 0.0404129
6394 0.0403927
6395 0.0403726
6396 0.0403525
6397 0.0403324
6398 0.0403123
6399 0.0402922
6400 0.0402722
6401 0.0402521
6402 0.0402321
6403 0.040212
6404 0.040192
6405 0.040172
6406 0.040152
6407 0.0401321
6408 0.0401121
6409 0.0400921
6410 0.0400722
6411 0.0400523
6412 0.0400323
6413 0.0400124
6414 0.0399925
6415 0.0399727
6416 0.0399528
6417 0.0399329
6418 0.0399131
6419 0.0398932
6420 0.0398734
6421 0.0398536
6422 0.0398338
6423 0.039814
6424 0.0397942
6425 0.0397745
6426 0.0397547
6427 0.039735
6428 0.0397152
6429 0.0396955
6430 0.0396758
6431 0.0396561
6432 0.0396364
6433 0.0396168
6434 0.0395971
6435 0.0395774
6436 0.0395578
6437 0.0395382
6438 0.0395186
6439 0.039499
6440 0.0394794
6441 0.0394598
6442 0.0394402
6443 0.0394207
6444 0.0394011
6445 0.0393816
6446 0.039362
6447 0.0393425
6448 0.039323
6449 0.0393035
6450 0.0392841
6451 0.0392646
6452 0.0392451
6453 0.0392257
6454 0.0392062
6455 0.0391868
6456 0.0391674
6457 0.039148
6458 0.0391286
6459 0.0391092
6460 0.0390899
6461 0.0390705
6462 0.0390511
6463 0.0390318
6464 0.0390125
6465 0.0389932
6466 0.0389739
6467 0.0389546
6468 0.0389353
6469 0.038916
6470 0.0388967
6471 0.0388775
6472 0.0388582
6473 0.038839
6474 0.0388198
6475 0.0388006
6476 0.0387814
6477 0.0387622
6478 0.038743
6479 0.0387238
6480 0.0387047
6481 0.0386855
6482 0.0386664
6483 0.0386473
6484 0.0386282
6485 0.0386091
6486 0.03859
6487 0.0385709
6488 0.0385518
6489 0.0385327
6490 0.0385137
6491 0.0384946
6492 0.0384756
6493 0.0384566
6494 0.0384376
6495 0.0384186
6496 0.0383996
6497 0.0383806
6498 0.0383616
6499 0.0383426
6500 0.0383237
6501 0.0383048
6502 0.0382858
6503 0.0382669
6504 0.038248
6505 0.0382291
6506 0.0382102
6507 0.0381913
6508 0.0381724
6509 0.0381536
6510 0.0381347
6511 0.0381159
6512 0.038097
6513 0.0380782
6514 0.0380594
6515 0.0380406
6516 0.0380218
6517 0.038003
6518 0.0379842
6519 0.0379655
6520 0.0379467
6521 0.0379279
6522 0.0379092
6523 0.0378905
6524 0.0378718
6525 0.037853
6526 0.0378343
6527 0.0378157
6528 0.037797
6529 0.0377783
6530 0.0377596
6531 0.037741
6532 0.0377223
6533 0.0377037
6534 0.0376851
6535 0.0376665
6536 0.0376478
6537 0.0376292
6538 0.0376107
6539 0.0375921
6540 0.0375735
6541 0.0375549
6542 0.0375364
6543 0.0375178
6544 0.0374993
6545 0.0374808
6546 0.0374623
6547 0.0374438
6548 0.0374253
6549 0.0374068
6550 0.0373883
6551 0.0373698
6552 0.0373513
6553 0.0373329
6554 0.0373144
6555 0.037296
6556 0.0372776
6557 0.0372592
6558 0.0372407
6559 0.0372223
6560 0.0372039
6561 0.0371856
6562 0.0371672
6563 0.0371488
6564 0.0371305
6565 0.0371121
6566 0.0370938
6567 0.0370754
6568 0.0370571
6569 0.0370388
6570 0.0370205
6571 0.0370022
6572 0.0369839
6573 0.0369656
6574 0.0369473
6574 0.036929
6575 0.0369108
6576 0.0368925
6577 0.0368743
6578 0.0368561
6579 0.0368378
6580 0.0368196
6581 0.0368014
6582 0.0367832
6583 0.036765
6584 0.0367468
6585 0.0367287
6586 0.0367105
6587 0.0366923
6588 0.0366742
6589 0.036656
6590 0.0366379
6591 0.0366198
6592 0.0366016
6593 0.0365835
6594 0.0365654
6595 0.0365473
6596 0.0365292
6597 0.0365111
6598 0.0364931
6599 0.036475
6600 0.0364569
6601 0.0364389
6602 0.0364209
6603 0.0364028
6604 0.0363848
6605 0.0363668
6606 0.0363488
6607 0.0363307
6608 0.0363127
6609 0.0362948
6610 0.0362768
6611 0.0362588
6612 0.0362408
6613 0.0362229
6614 0.0362049
6615 0.036187
6616 0.036169
6617 0.0361511
6618 0.0361332
6619 0.0361153
6620 0.0360974
6621 0.0360795
6622 0.0360616
6623 0.0360437
6624 0.0360258
6625 0.0360079
6626 0.0359901
6627 0.0359722
6628 0.0359543
6629 0.0359365
6630 0.0359187
6631 0.0359008
6632 0.035883
6633 0.0358652
6634 0.0358474
6635 0.0358296
6636 0.0358118
6637 0.035794
6638 0.0357762
6639 0.0357584
6640 0.0357407
6641 0.0357229
6642 0.0357052
6643 0.0356874
6644 0.0356697
6645 0.0356519
6646 0.0356342
6647 0.0356165
6648 0.0355988
6649 0.0355811
6650 0.0355634
6651 0.0355457
6652 0.035528
6653 0.0355103
6654 0.0354926
6655 0.035475
6656 0.0354573
6657 0.0354396
6658 0.035422
6659 0.0354044
6660 0.0353867
6661 0.0353691
6662 0.0353515
6663 0.0353338
6664 0.0353162
6665 0.0352986
6666 0.035281
6667 0.0352634
6668 0.0352459
6669 0.0352283
6670 0.0352107
6671 0.0351931
6672 0.0351756
6673 0.035158
6674 0.0351405
6675 0.0351229
6676 0.0351054
6677 0.0350879
6678 0.0350703
6679 0.0350528
6680 0.0350353
6681 0.0350178
6682 0.0350003
6683 0.0349828
6684 0.0349653
6685 0.0349478
6686 0.0349304
6687 0.0349129
6688 0.0348954
6689 0.034878
6690 0.0348605
6691 0.034843
6692 0.0348256
6693 0.0348082
6694 0.0347907
6695 0.0347733
6696 0.0347559
6697 0.0347385
6698 0.0347211
6699 0.0347037
6700 0.0346863
6701 0.0346689
6702 0.0346515
6703 0.0346341
6704 0.0346167
6705 0.0345993
6706 0.034582
6707 0.0345646
6708 0.0345473
6709 0.0345299
6710 0.0345126
6711 0.0344952
6712 0.0344779
6713 0.0344606
6714 0.0344432
6715 0.0344259
6716 0.0344086
6717 0.0343913
6718 0.034374
6719 0.0343567
6720 0.0343394
6721 0.0343221
6722 0.0343048
6723 0.0342876
6724 0.0342703
6725 0.034253
6726 0.0342357
6727 0.0342185
6728 0.0342012
6729 0.034184
6730 0.0341667
6731 0.0341495
6732 0.0341323
6733 0.034115
6734 0.0340978
6735 0.0340806
6736 0.0340634
6737 0.0340462
6738 0.034029
6739 0.0340118
6740 0.0339946
6741 0.0339774
6742 0.0339602
6743 0.033943
6744 0.0339258
6745 0.0339086
6746 0.0338915
6747 0.0338743
6748 0.0338571
6749 0.03384
6750 0.0338228
6751 0.0338057
6752 0.0337885
6753 0.0337714
6754 0.0337543
6755 0.0337371
6756 0.03372
6757 0.0337029
6758 0.0336858
6759 0.0336686
6760 0.0336515
6761 0.0336344
6762 0.0336173
6763 0.0336002
6764 0.0335831
6765 0.033566
6766 0.033549
6767 0.0335319
6768 0.0335148
6769 0.0334977
6770 0.0334807
6771 0.0334636
6772 0.0334465
6773 0.0334295
6774 0.0334124
6775 0.0333954
6776 0.0333783
6777 0.0333613
6778 0.0333442
6779 0.0333272
6780 0.0333102
6781 0.0332931
6782 0.0332761
6783 0.0332591
6784 0.0332421
6785 0.0332251
6786 0.033208
6787 0.033191
6788 0.033174
6789 0.033157
6790 0.03314
6791 0.033123
6792 0.0331061
6793 0.0330891
6794 0.0330721
6795 0.0330551
6796 0.0330381
6797 0.0330212
6798 0.0330042
6799 0.0329872
6800 0.0329703
6801 0.0329533
6802 0.0329363
6803 0.0329194
6804 0.0329024
6805 0.0328855
6806 0.0328686
6807 0.0328516
6808 0.0328347
6809 0.0328177
6810 0.0328008
6811 0.0327839
6812 0.032767
6813 0.03275
6814 0.0327331
6815 0.0327162
6815 0.0326993
6816 0.0326824
6817 0.0326655
6818 0.0326486
6819 0.0326317
6820 0.0326148
6821 0.0325979
6822 0.032581
6823 0.0325641
6824 0.0325472
6825 0.0325303
6826 0.0325134
6827 0.0324965
6828 0.0324796
6829 0.0324628
6830 0.0324459
6831 0.032429
6832 0.0324122
6833 0.0323953
6834 0.0323784
6835 0.0323616
6836 0.0323447
6837 0.0323279
6838 0.032311
6839 0.0322941
6840 0.0322773
6841 0.0322605
6842 0.0322436
6843 0.0322268
6844 0.0322099
6845 0.0321931
6846 0.0321763
6847 0.0321594
6848 0.0321426
6849 0.0321258
6850 0.0321089
6851 0.0320921
6852 0.0320753
6853 0.0320585
6854 0.0320416
6855 0.0320248
6856 0.032008
6857 0.0319912
6858 0.0319744
6859 0.0319576
6860 0.0319408
6861 0.031924
6862 0.0319072
6863 0.0318904
6864 0.0318736
6865 0.0318568
6866 0.03184
6867 0.0318232
6868 0.0318064
6869 0.0317896
6870 0.0317728
6871 0.031756
6872 0.0317392
6873 0.0317224
6874 0.0317057
6875 0.0316889
6876 0.0316721
6877 0.0316553
6878 0.0316385
6879 0.0316218
6880 0.031605
6881 0.0315882
6882 0.0315714
6883 0.0315547
6884 0.0315379
6885 0.0315211
6886 0.0315044
6887 0.0314876
6888 0.0314708
6889 0.0314541
6890 0.0314373
6891 0.0314206
6892 0.0314038
6893 0.031387
6894 0.0313703
6895 0.0313535
6896 0.0313368
6897 0.03132
6898 0.0313033
6899 0.0312865
6900 0.0312698
6901 0.031253
6902 0.0312363
6903 0.0312195
6904 0.0312028
6905 0.031186
6906 0.0311693
6907 0.0311525
6908 0.0311358
6909 0.0311191
6910 0.0311023
6911 0.0310856
6912 0.0310688
6913 0.0310521
6914 0.0310353
6915 0.0310186
6916 0.0310019
6917 0.0309851
6918 0.0309684
6919 0.0309517
6920 0.0309349
6921 0.0309182
6922 0.0309015
6923 0.0308847
6924 0.030868
6925 0.0308513
6926 0.0308345
6927 0.0308178
6928 0.0308011
6929 0.0307844
6930 0.0307676
6931 0.0307509
6932 0.0307342
6933 0.0307175
6934 0.0307007
6935 0.030684
6936 0.0306673
6937 0.0306506
6938 0.0306338
6939 0.0306171
6940 0.0306004
6941 0.0305837
6942 0.030567
6943 0.0305503
6944 0.0305335
6945 0.0305168
6946 0.0305001
6947 0.0304834
6948 0.0304667
6949 0.03045
6950 0.0304333
6951 0.0304165
6952 0.0303998
6953 0.0303831
6954 0.0303664
6955 0.0303497
6956 0.030333
6957 0.0303163
6958 0.0302996
6959 0.0302829
6960 0.0302662
6961 0.0302495
6962 0.0302328
6963 0.0302161
6964 0.0301994
6965 0.0301827
6966 0.030166
6967 0.0301493
6968 0.0301326
6969 0.0301159
6970 0.0300992
6971 0.0300825
6972 0.0300658
6973 0.0300491
6974 0.0300324
6975 0.0300157
6976 0.029999
6977 0.0299823
6978 0.0299656
6979 0.029949
6980 0.0299323
6981 0.0299156
6982 0.0298989
6983 0.0298822
6984 0.0298655
6985 0.0298488
6986 0.0298322
6987 0.0298155
6988 0.0297988
6989 0.0297821
6990 0.0297654
6991 0.0297487
6992 0.0297321
6993 0.0297154
6994 0.0296987
6995 0.029682
6996 0.0296654
6997 0.0296487
6998 0.029632
6999 0.0296153
7000 0.0295987
7001 0.029582
7002 0.0295653
7003 0.0295486
7004 0.029532
7005 0.0295153
7006 0.0294986
7007 0.029482
7008 0.0294653
7009 0.0294486
7010 0.029432
7011 0.0294153
7012 0.0293986
7013 0.029382
7014 0.0293653
7015 0.0293487
7016 0.029332
7017 0.0293153
7018 0.0292987
7019 0.029282
7020 0.0292654
7021 0.0292487
7022 0.029232
7023 0.0292154
7024 0.0291987
7025 0.0291821
7026 0.0291654
7027 0.0291488
7028 0.0291321
7029 0.0291155
7030 0.0290988
7031 0.0290822
7032 0.0290655
7033 0.0290489
7034 0.0290322
7035 0.0290156
7036 0.0289989
7037 0.0289823
7038 0.0289656
7039 0.028949
7040 0.0289324
7041 0.0289157
7042 0.0288991
7043 0.0288824
7044 0.0288658
7045 0.0288492
7046 0.0288325
7047 0.0288159
7048 0.0287992
7049 0.0287826
7050 0.028766
7051 0.0287493
7052 0.0287327
7053 0.0287161
7054 0.0286994
7055 0.0286828
7056 0.0286662
