0 3.68956
1 3.70057
2 3.71164
3 3.72287
4 3.73419
5 3.7456
6 3.75716
7 3.76879
8 3.78055
9 3.79242
10 3.80442
11 3.81655
12 3.82876
13 3.84114
14 3.85363
15 3.86623
16 3.87896
17 3.8918
18 3.90481
19 3.91793
20 3.93119
21 3.94458
22 3.95813
23 3.9718
24 3.9856
25 3.99957
26 4.01369
27 4.02792
28 4.04233
29 4.0569
30 4.07158
31 4.08647
32 4.10149
33 4.11667
34 4.13202
35 4.14756
36 4.16322
37 4.1791
38 4.19514
39 4.21133
40 4.22775
41 4.24431
42 4.26108
43 4.278
44 4.29513
45 4.31245
46 4.32998
47 4.34772
48 4.36563
49 4.38375
50 4.40209
51 4.42065
52 4.43942
53 4.45838
54 4.4776
55 4.49702
56 4.51668
57 4.53656
58 4.5567
59 4.57703
60 4.59763
61 4.61849
62 4.63961
63 4.66096
64 4.6826
65 4.70447
66 4.7266
67 4.74901
68 4.77174
69 4.79472
70 4.81796
71 4.84153
72 4.86537
73 4.88949
74 4.91395
75 4.9387
76 4.96378
77 4.98918
78 5.01487
79 5.04095
80 5.06731
81 5.09405
82 5.12111
83 5.14853
84 5.17633
85 5.20448
86 5.23298
87 5.26188
88 5.29118
89 5.32083
90 5.35093
91 5.38141
92 5.4123
93 5.44359
94 5.47532
95 5.50751
96 5.54009
97 5.57317
98 5.60666
99 5.64066
100 5.67515
101 5.71004
102 5.74545
103 5.78142
104 5.81781
105 5.85481
106 5.89229
107 5.93027
108 5.96882
109 6.00799
110 6.04767
111 6.08793
112 6.1288
113 6.17018
114 6.21224
115 6.25492
116 6.29823
117 6.34219
118 6.38681
119 6.43204
120 6.47807
121 6.52466
122 6.57202
123 6.6201
124 6.66893
125 6.71844
126 6.76875
127 6.81987
128 6.87173
129 6.92446
130 6.97791
131 7.0323
132 7.0875
133 7.14351
134 7.20054
135 7.25844
136 7.31716
137 7.37691
138 7.43754
139 7.49924
140 7.56188
141 7.62557
142 7.69029
143 7.75601
144 7.82283
145 7.89083
146 7.95987
147 8.03002
148 8.10139
149 8.17398
150 8.24776
151 8.32268
152 8.39896
153 8.47649
154 8.55536
155 8.63555
156 8.71707
157 8.80001
158 8.88435
159 8.97023
160 9.05742
161 9.14626
162 9.23659
163 9.32849
164 9.42197
165 9.51711
166 9.61387
167 9.71231
168 9.81253
169 9.91451
170 10.0183
171 10.1239
172 10.2314
173 10.3408
174 10.4521
175 10.5654
176 10.6808
177 10.7982
178 10.9177
179 11.0393
180 11.1633
181 11.2893
182 11.4177
183 11.5484
184 11.6815
185 11.817
186 11.9548
187 12.0953
188 12.2382
189 12.3838
190 12.5322
191 12.683
192 12.8367
193 12.9933
194 13.1525
195 13.3148
196 13.4799
197 13.6482
198 13.8194
199 13.9937
200 14.1712
201 14.3521
202 14.5362
203 14.7234
204 14.9141
205 15.1083
206 15.3061
207 15.5075
208 15.7122
209 15.9207
210 16.1329
211 16.3491
212 16.5689
213 16.7927
214 17.0203
215 17.252
216 17.4876
217 17.7274
218 17.9713
219 18.2193
220 18.4715
221 18.7282
222 18.989
223 19.2542
224 19.5239
225 19.7979
226 20.0763
227 20.3594
228 20.6469
229 20.9389
230 21.2354
231 21.5365
232 21.8422
233 22.1528
234 22.4677
235 22.7872
236 23.1111
237 23.4399
238 23.7731
239 24.1108
240 24.453
241 24.7998
242 25.151
243 25.5064
244 25.8659
245 26.2301
246 26.5982
247 26.9703
248 27.3466
249 27.7266
250 28.1101
251 28.4976
252 28.8882
253 29.2824
254 29.6798
255 30.0798
256 30.4828
257 30.8887
258 31.2966
259 31.7071
260 32.1192
261 32.5327
262 32.948
263 33.3646
264 33.7815
265 34.1993
266 34.6175
267 35.0353
268 35.4529
269 35.8698
270 36.2852
271 36.6994
272 37.1114
273 37.5214
274 37.9283
275 38.3323
276 38.7328
277 39.1293
278 39.5211
279 39.908
280 40.2894
281 40.6652
282 41.0347
283 41.3972
284 41.7525
285 42.1001
286 42.4394
287 42.7702
288 43.0917
289 43.4034
290 43.7054
291 43.9964
292 44.2765
293 44.5456
294 44.8025
295 45.0474
296 45.2794
297 45.4987
298 45.7044
299 45.8965
300 46.0746
301 46.2385
302 46.3876
303 46.522
304 46.6414
305 46.7455
306 46.8344
307 46.9075
308 46.9651
309 47.0067
310 47.0327
311 47.0427
312 47.037
313 47.0156
314 46.9783
315 46.9253
316 46.8569
317 46.773
318 46.6739
319 46.5598
320 46.4308
321 46.2872
322 46.1293
323 45.9575
324 45.7719
325 45.5728
326 45.361
327 45.1364
328 44.8997
329 44.6508
330 44.3905
331 44.1196
332 43.8377
333 43.5459
334 43.2444
335 42.9337
336 42.6141
337 42.2862
338 41.9507
339 41.6077
340 41.2579
341 40.9015
342 40.5404
343 40.1727
344 39.7998
345 39.4226
346 39.0412
347 38.6559
348 38.2674
349 37.876
350 37.482
351 37.0861
352 36.6886
353 36.2898
354 35.8897
355 35.4893
356 35.0885
357 34.6879
358 34.2874
359 33.888
360 33.4891
361 33.0917
362 32.6956
363 32.3014
364 31.9091
365 31.5187
366 31.131
367 30.7458
368 30.3632
369 29.9838
370 29.6072
371 29.2343
372 28.8644
373 28.4993
374 28.1365
375 27.7779
376 27.4226
377 27.0715
378 26.7244
379 26.3814
380 26.0424
381 25.7077
382 25.3776
383 25.0512
384 24.7294
385 24.4123
386 24.0989
387 23.7903
388 23.4862
389 23.1864
390 22.8909
391 22.6
392 22.3135
393 22.0313
394 21.7534
395 21.4799
396 21.211
397 20.946
398 20.6854
399 20.4293
400 20.1773
401 19.9294
402 19.6858
403 19.4461
404 19.2104
405 18.9796
406 18.752
407 18.5284
408 18.3087
409 18.0927
410 17.8805
411 17.6721
412 17.4673
413 17.2664
414 17.0688
415 16.875
416 16.6845
417 16.4974
418 16.3138
419 16.1335
420 15.9565
421 15.7825
422 15.612
423 15.4445
424 15.28
425 15.1185
426 14.9601
427 14.8046
428 14.652
429 14.5022
430 14.3551
431 14.2108
432 14.0693
433 13.9302
434 13.7938
435 13.66
436 13.5286
437 13.4001
438 13.2736
439 13.1495
440 13.0277
441 12.9081
442 12.791
443 12.6759
444 12.5629
445 12.4522
446 12.3435
447 12.2368
448 12.1321
449 12.0295
450 11.9287
451 11.8299
452 11.733
453 11.6378
454 11.5445
455 11.4529
456 11.3631
457 11.2748
458 11.1883
459 11.1035
460 11.0203
461 10.9386
462 10.8586
463 10.78
464 10.703
465 10.6273
466 10.5532
467 10.4805
468 10.4091
469 10.3393
470 10.2707
471 10.2033
472 10.1373
473 10.0726
474 10.0091
475 9.94678
476 9.8857
477 9.82585
478 9.76714
479 9.70952
480 9.65307
481 9.59771
482 9.54346
483 9.49028
484 9.43813
485 9.38703
486 9.33694
487 9.28787
488 9.23972
489 9.19259
490 9.14639
491 9.10112
492 9.05678
493 9.01335
494 8.97083
495 8.92911
496 8.88828
497 8.84833
498 8.80923
499 8.77091
500 8.73341
501 8.69672
502 8.66089
503 8.62574
504 8.59135
505 8.5577
506 8.52483
507 8.49265
508 8.46119
509 8.43045
510 8.40039
511 8.37105
512 8.3423
513 8.3143
514 8.28691
515 8.26018
516 8.23413
517 8.20863
518 8.18381
519 8.1596
520 8.13597
521 8.11294
522 8.09054
523 8.06871
524 8.04741
525 8.02671
526 8.00653
527 7.98697
528 7.96787
529 7.94937
530 7.9314
531 7.91396
532 7.89701
533 7.88057
534 7.86467
535 7.84924
536 7.83433
537 7.81988
538 7.80593
539 7.79247
540 7.77943
541 7.76692
542 7.75483
543 7.7432
544 7.73204
545 7.72129
546 7.71102
547 7.70116
548 7.69178
549 7.68275
550 7.67423
551 7.66608
552 7.65835
553 7.65103
554 7.64414
555 7.63759
556 7.63149
557 7.6258
558 7.62045
559 7.61551
560 7.61097
561 7.60678
562 7.603
563 7.59958
564 7.5965
565 7.59381
566 7.59146
567 7.58951
568 7.58789
569 7.58661
570 7.58567
571 7.58507
572 7.58484
573 7.58494
574 7.58538
575 7.58616
576 7.58723
577 7.58866
578 7.5904
579 7.59244
580 7.59481
581 7.59752
582 7.60053
583 7.60384
584 7.60746
585 7.61136
586 7.61555
587 7.62006
588 7.62485
589 7.62991
590 7.63529
591 7.64096
592 7.64686
593 7.65306
594 7.65952
595 7.66627
596 7.6733
597 7.68055
598 7.6881
599 7.69589
600 7.70393
601 7.71221
602 7.72075
603 7.72948
604 7.73853
605 7.7478
606 7.75728
607 7.767
608 7.77695
609 7.78711
610 7.79751
611 7.80812
612 7.81891
613 7.82994
614 7.84119
615 7.8526
616 7.86424
617 7.87603
618 7.88805
619 7.90022
620 7.91259
621 7.92514
622 7.93785
623 7.95074
624 7.96378
625 7.97698
626 7.99033
627 8.00386
628 8.01749
629 8.03125
630 8.04521
631 8.05924
632 8.07339
633 8.08772
634 8.10209
635 8.11661
636 8.13123
637 8.14594
638 8.16067
639 8.17558
640 8.19056
641 8.20562
642 8.22072
643 8.23593
644 8.25111
645 8.26643
646 8.28178
647 8.29714
648 8.31256
649 8.32801
650 8.34346
651 8.35895
652 8.37443
653 8.38989
654 8.40539
655 8.42085
656 8.43627
657 8.4517
658 8.46712
659 8.48246
660 8.49775
661 8.51299
662 8.52818
663 8.54329
664 8.55837
665 8.57332
666 8.58817
667 8.60296
668 8.61764
669 8.63218
670 8.64665
671 8.66095
672 8.67514
673 8.68918
674 8.70298
675 8.71671
676 8.73027
677 8.74366
678 8.75687
679 8.76991
680 8.78275
681 8.79539
682 8.80783
683 8.82007
684 8.83205
685 8.84381
686 8.85537
687 8.86664
688 8.87771
689 8.88846
690 8.89899
691 8.90923
692 8.9192
693 8.92887
694 8.93828
695 8.94734
696 8.95614
697 8.96462
698 8.9728
699 8.98063
700 8.98815
701 8.99534
702 9.00219
703 9.00868
704 9.01482
705 9.02063
706 9.02608
707 9.03115
708 9.03589
709 9.04022
710 9.0442
711 9.04773
712 9.0509
713 9.05374
714 9.05612
715 9.05816
716 9.0598
717 9.06099
718 9.06182
719 9.06225
720 9.06226
721 9.06184
722 9.06107
723 9.05982
724 9.05818
725 9.05613
726 9.05366
727 9.05077
728 9.04743
729 9.04369
730 9.0396
731 9.03499
732 9.03004
733 9.02462
734 9.01881
735 9.0126
736 9.00596
737 8.9989
738 8.99143
739 8.98354
740 8.97525
741 8.96658
742 8.9575
743 8.94801
744 8.93814
745 8.92785
746 8.91714
747 8.90611
748 8.89468
749 8.88288
750 8.87067
751 8.85812
752 8.84517
753 8.8319
754 8.81826
755 8.80424
756 8.78987
757 8.77517
758 8.76014
759 8.74481
760 8.72907
761 8.71305
762 8.69673
763 8.6801
764 8.66313
765 8.64589
766 8.62834
767 8.61051
768 8.5924
769 8.57402
770 8.55535
771 8.53646
772 8.51726
773 8.49786
774 8.47819
775 8.45827
776 8.4381
777 8.41775
778 8.39719
779 8.37639
780 8.35539
781 8.3342
782 8.31282
783 8.29123
784 8.26948
785 8.24758
786 8.22547
787 8.20327
788 8.18089
789 8.15833
790 8.13562
791 8.11283
792 8.08988
793 8.06682
794 8.04362
795 8.02031
796 7.99693
797 7.97344
798 7.94982
799 7.92619
800 7.90242
801 7.87863
802 7.85471
803 7.83077
804 7.80677
805 7.78272
806 7.7586
807 7.73443
808 7.71026
809 7.68606
810 7.66182
811 7.63755
812 7.61328
813 7.58904
814 7.56472
815 7.54041
816 7.51616
817 7.49187
818 7.46759
819 7.44334
820 7.41913
821 7.39494
822 7.37073
823 7.34659
824 7.32248
825 7.29841
826 7.27446
827 7.25048
828 7.22656
829 7.20268
830 7.17887
831 7.15509
832 7.1314
833 7.10777
834 7.08421
835 7.06073
836 7.0373
837 7.01397
838 6.9907
839 6.96752
840 6.94444
841 6.92146
842 6.89855
843 6.8757
844 6.85298
845 6.83033
846 6.8078
847 6.78535
848 6.76303
849 6.74078
850 6.71865
851 6.69661
852 6.6747
853 6.65288
854 6.63118
855 6.60959
856 6.58811
857 6.56676
858 6.54551
859 6.52438
860 6.50336
861 6.48245
862 6.46167
863 6.441
864 6.42045
865 6.40004
866 6.37979
867 6.35964
868 6.33957
869 6.31962
870 6.29982
871 6.28013
872 6.26056
873 6.24114
874 6.22182
875 6.20266
876 6.18359
877 6.16465
878 6.14584
879 6.12716
880 6.1086
881 6.09016
882 6.07187
883 6.05371
884 6.03566
885 6.01774
886 5.99993
887 5.98226
888 5.9647
889 5.94728
890 5.93001
891 5.91283
892 5.8958
893 5.87888
894 5.86206
895 5.84542
896 5.82885
897 5.81244
898 5.79613
899 5.77995
900 5.76387
901 5.74797
902 5.73216
903 5.71643
904 5.70089
905 5.68542
906 5.67009
907 5.65486
908 5.63982
909 5.62484
910 5.60999
911 5.59524
912 5.58059
913 5.5661
914 5.55167
915 5.5374
916 5.52321
917 5.50916
918 5.4952
919 5.48139
920 5.46765
921 5.45406
922 5.44055
923 5.42714
924 5.41385
925 5.40068
926 5.3876
927 5.37462
928 5.36178
929 5.34901
930 5.33637
931 5.3238
932 5.31137
933 5.29903
934 5.28679
935 5.27464
936 5.26261
937 5.25065
938 5.23882
939 5.22706
940 5.21542
941 5.20385
942 5.19241
943 5.18107
944 5.16977
945 5.1586
946 5.14753
947 5.13654
948 5.12562
949 5.11485
950 5.10415
951 5.09353
952 5.08298
953 5.07251
954 5.06216
955 5.05188
956 5.04169
957 5.03158
958 5.02158
959 5.01164
960 5.00179
961 4.992
962 4.98232
963 4.97269
964 4.96317
965 4.95372
966 4.94438
967 4.93507
968 4.92587
969 4.91671
970 4.90765
971 4.89868
972 4.88976
973 4.88093
974 4.87217
975 4.8635
976 4.85486
977 4.84634
978 4.83784
979 4.82946
980 4.82112
981 4.81286
982 4.80466
983 4.79655
984 4.78848
985 4.78049
986 4.77258
987 4.76471
988 4.75692
989 4.74921
990 4.74153
991 4.73393
992 4.72639
993 4.71893
994 4.71151
995 4.70418
996 4.69686
997 4.68963
998 4.68247
999 4.67536
1000 4.66832
1001 4.66131
1002 4.65438
1003 4.64749
1004 4.64067
1005 4.63389
1006 4.62722
1007 4.62053
1008 4.61395
1009 4.60737
1010 4.60087
1011 4.59441
1012 4.58804
1013 4.58169
1014 4.57541
1015 4.56917
1016 4.56298
1017 4.55682
1018 4.55074
1019 4.54474
1020 4.53873
1021 4.5328
1022 4.52689
1023 4.52104
1024 4.51524
1025 4.50947
1026 4.5038
1027 4.4981
1028 4.4925
1029 4.4869
1030 4.48139
1031 4.47593
1032 4.47046
1033 4.46505
1034 4.4597
1035 4.45439
1036 4.4491
1037 4.44388
1038 4.43873
1039 4.43357
1040 4.42844
1041 4.42336
1042 4.41834
1043 4.41334
1044 4.40839
1045 4.40348
1046 4.3986
1047 4.39374
1048 4.38896
1049 4.38419
1050 4.37946
1051 4.37474
1052 4.37011
1053 4.36548
1054 4.36088
1055 4.35634
1056 4.35181
1057 4.34735
1058 4.34288
1059 4.33847
1060 4.33409
1061 4.32975
1062 4.3254
1063 4.32113
1064 4.31688
1065 4.31265
1066 4.30847
1067 4.30427
1068 4.30016
1069 4.29606
1070 4.29198
1071 4.28794
1072 4.28392
1073 4.27993
1074 4.276
1075 4.27205
1076 4.26816
1077 4.26428
1078 4.26046
1079 4.25664
1080 4.25284
1081 4.24909
1082 4.24533
1083 4.24162
1084 4.23794
1085 4.2343
1086 4.23065
1087 4.22705
1088 4.22347
1089 4.21992
1090 4.21636
1091 4.21287
1092 4.20939
1093 4.20592
1094 4.20249
1095 4.19908
1096 4.19566
1097 4.19232
1098 4.18898
1099 4.18564
1100 4.18236
1101 4.17903
1102 4.17581
1103 4.17256
1104 4.16934
1105 4.16615
1106 4.16299
1107 4.15983
1108 4.1567
1109 4.15358
1110 4.15048
1111 4.14741
1112 4.14437
1113 4.14133
1114 4.1383
1115 4.13529
1116 4.13234
1117 4.12939
1118 4.12644
1119 4.1235
1120 4.12061
1121 4.11773
1122 4.11485
1123 4.11199
1124 4.10916
1125 4.10635
1126 4.10354
1127 4.10075
1128 4.09798
1129 4.09525
1130 4.09248
1131 4.08978
1132 4.08707
1133 4.0844
1134 4.08172
1135 4.07905
1136 4.07639
1137 4.07377
1138 4.07114
1139 4.06856
1140 4.06597
1141 4.06339
1142 4.06084
1143 4.05829
1144 4.05577
1145 4.05328
1146 4.05075
1147 4.04826
1148 4.04578
1149 4.04332
1150 4.04087
1151 4.03844
1152 4.03603
1153 4.03362
1154 4.0312
1155 4.02883
1156 4.02645
1157 4.02408
1158 4.02175
1159 4.01938
1160 4.01708
1161 4.01475
1162 4.01245
1163 4.01015
1164 4.00787
1165 4.00558
1166 4.00334
1167 4.00108
1168 3.99886
1169 3.99662
1170 3.99438
1171 3.9922
1172 3.98999
1173 3.9878
1174 3.98563
1175 3.98344
1176 3.98128
1177 3.97913
1178 3.97699
1179 3.97485
1180 3.97275
1181 3.97063
1182 3.96852
1183 3.96641
1184 3.96432
1185 3.96224
1186 3.96015
1187 3.95811
1188 3.95606
1189 3.95399
1190 3.95196
1191 3.94992
1192 3.9479
1193 3.94588
1194 3.94387
1195 3.94189
1196 3.93988
1197 3.93789
1198 3.93592
1199 3.93394
1200 3.93197
1201 3.93001
1202 3.92806
1203 3.9261
1204 3.9242
1205 3.92226
1206 3.92033
1207 3.91842
1208 3.9165
1209 3.91459
1210 3.91267
1211 3.9108
1212 3.90892
1213 3.90702
1214 3.90515
1215 3.90328
1216 3.90142
1217 3.89954
1218 3.8977
1219 3.89584
1220 3.89402
1221 3.89218
1222 3.89034
1223 3.88851
1224 3.8867
1225 3.88487
1226 3.88304
1227 3.88123
1228 3.87943
1229 3.87764
1230 3.87583
1231 3.87405
1232 3.87225
1233 3.8705
1234 3.86869
1235 3.86692
1236 3.86516
1237 3.86339
1238 3.86162
1239 3.85987
1240 3.85813
1241 3.85636
1242 3.85461
1243 3.85287
1244 3.85114
1245 3.84938
1246 3.84767
1247 3.84592
1248 3.84423
1249 3.84249
1250 3.84079
1251 3.83904
1252 3.83734
1253 3.83565
1254 3.83394
1255 3.83222
1256 3.83051
1257 3.82884
1258 3.82714
1259 3.82545
1260 3.82374
1261 3.82207
1262 3.82038
1263 3.8187
1264 3.81702
1265 3.81533
1266 3.81368
1267 3.81198
1268 3.81032
1269 3.80865
1270 3.80698
1271 3.80534
1272 3.80365
1273 3.80201
1274 3.80035
1275 3.79867
1276 3.79703
1277 3.79537
1278 3.79374
1279 3.79209
1280 3.79043
1281 3.78878
1282 3.78713
1283 3.7855
1284 3.78384
1285 3.78223
1286 3.78058
1287 3.77893
1288 3.77731
1289 3.77565
1290 3.77402
1291 3.7724
1292 3.77076
1293 3.76912
1294 3.76749
1295 3.76585
1296 3.76424
1297 3.7626
1298 3.76097
1299 3.75936
1300 3.75773
1301 3.75611
1302 3.75448
1303 3.75287
1304 3.75124
1305 3.74961
1306 3.74801
1307 3.74638
1308 3.74477
1309 3.74312
1310 3.74151
1311 3.7399
1312 3.73828
1313 3.73667
1314 3.73506
1315 3.73343
1316 3.73181
1317 3.73019
1318 3.7286
1319 3.72697
1320 3.72535
1321 3.72373
1322 3.72212
1323 3.72052
1324 3.71889
1325 3.71726
1326 3.71567
1327 3.71403
1328 3.71243
1329 3.71081
1330 3.70919
1331 3.70758
1332 3.70596
1333 3.70434
1334 3.70273
1335 3.70112
1336 3.69947
1337 3.69785
1338 3.69625
1339 3.69462
1340 3.69301
1341 3.69138
1342 3.68978
1343 3.68816
1344 3.68651
1345 3.6849
1346 3.68327
1347 3.68165
1348 3.68002
1349 3.67841
1350 3.67677
1351 3.67514
1352 3.67351
1353 3.67189
1354 3.67025
1355 3.66863
1356 3.66699
1357 3.66535
1358 3.66373
1359 3.66209
1360 3.66047
1361 3.65883
1362 3.65718
1363 3.65557
1364 3.65392
1365 3.65226
1366 3.65065
1367 3.64898
1368 3.64736
1369 3.64572
1370 3.64406
1371 3.64243
1372 3.64078
1373 3.63913
1374 3.63748
1375 3.63583
1376 3.63419
1377 3.63253
1378 3.63087
1379 3.62922
1380 3.62755
1381 3.6259
1382 3.62425
1383 3.62259
1384 3.62093
1385 3.61926
1386 3.6176
1387 3.61593
1388 3.61426
1389 3.6126
1390 3.61093
1391 3.60927
1392 3.6076
1393 3.60592
1394 3.60424
1395 3.60256
1396 3.60088
1397 3.59919
1398 3.59754
1399 3.59584
1400 3.59417
1401 3.59248
1402 3.59078
1403 3.58909
1404 3.5874
1405 3.58571
1406 3.58402
1407 3.58232
1408 3.58063
1409 3.57891
1410 3.57721
1411 3.57551
1412 3.57381
1413 3.57211
1414 3.57039
1415 3.56869
1416 3.56697
1417 3.56527
1418 3.56354
1419 3.56184
1420 3.56012
1421 3.5584
1422 3.55668
1423 3.55495
1424 3.55324
1425 3.55151
1426 3.54978
1427 3.54806
1428 3.54632
1429 3.54459
1430 3.54283
1431 3.5411
1432 3.53936
1433 3.53763
1434 3.5359
1435 3.53413
1436 3.53239
1437 3.53064
1438 3.52889
1439 3.52715
1440 3.52539
1441 3.52363
1442 3.52188
1443 3.52012
1444 3.51836
1445 3.51657
1446 3.51482
1447 3.51305
1448 3.51129
1449 3.50951
1450 3.50773
1451 3.50598
1452 3.5042
1453 3.50241
1454 3.50063
1455 3.49883
1456 3.49705
1457 3.49526
1458 3.49348
1459 3.49169
1460 3.4899
1461 3.48811
1462 3.48631
1463 3.48451
1464 3.48269
1465 3.48089
1466 3.47911
1467 3.4773
1468 3.47549
1469 3.47368
1470 3.47187
1471 3.47002
1472 3.46823
1473 3.46641
1474 3.46457
1475 3.46274
1476 3.46091
1477 3.45908
1478 3.45727
1479 3.45545
1480 3.45361
1481 3.45175
1482 3.44993
1483 3.44809
1484 3.44625
1485 3.4444
1486 3.44256
1487 3.4407
1488 3.43887
1489 3.43702
1490 3.43516
1491 3.43331
1492 3.43145
1493 3.42958
1494 3.42772
1495 3.42585
1496 3.42401
1497 3.42213
1498 3.42025
1499 3.41838
1500 3.41651
1501 3.41464
1502 3.41277
1503 3.41087
1504 3.409
1505 3.4071
1506 3.40523
1507 3.40333
1508 3.40143
1509 3.39956
1510 3.39766
1511 3.39577
1512 3.39386
1513 3.39197
1514 3.39007
1515 3.38815
1516 3.38623
1517 3.38433
1518 3.38241
1519 3.38052
1520 3.37859
1521 3.37666
1522 3.37476
1523 3.37283
1524 3.37091
1525 3.36899
1526 3.36707
1527 3.36513
1528 3.36321
1529 3.36127
1530 3.35932
1531 3.35739
1532 3.35545
1533 3.35351
1534 3.35157
1535 3.34962
1536 3.34767
1537 3.34573
1538 3.34377
1539 3.34181
1540 3.33986
1541 3.3379
1542 3.33595
1543 3.33397
1544 3.33202
1545 3.33005
1546 3.32809
1547 3.32613
1548 3.32415
1549 3.32219
1550 3.32021
1551 3.31824
1552 3.31625
1553 3.31427
1554 3.31229
1555 3.31029
1556 3.30832
1557 3.30633
1558 3.30435
1559 3.30235
1560 3.30035
1561 3.29837
1562 3.29637
1563 3.29434
1564 3.29235
1565 3.29037
1566 3.28834
1567 3.28634
1568 3.28433
1569 3.28233
1570 3.28031
1571 3.27829
1572 3.27628
1573 3.27426
1574 3.27224
1575 3.27022
1576 3.26821
1577 3.26618
1578 3.26414
1579 3.26211
1580 3.26009
1581 3.25806
1582 3.25602
1583 3.25398
1584 3.25194
1585 3.2499
1586 3.24785
1587 3.24583
1588 3.24376
1589 3.24173
1590 3.23965
1591 3.23762
1592 3.23557
1593 3.23353
1594 3.23147
1595 3.22942
1596 3.22735
1597 3.2253
1598 3.22323
1599 3.22115
1600 3.21909
1601 3.21702
1602 3.21497
1603 3.21288
1604 3.21082
1605 3.20873
1606 3.20666
1607 3.20457
1608 3.20249
1609 3.20041
1610 3.19833
1611 3.19624
1612 3.19417
1613 3.19208
1614 3.18998
1615 3.18791
1616 3.18582
1617 3.18371
1618 3.1816
1619 3.17951
1620 3.17741
1621 3.17532
1622 3.17323
1623 3.17112
1624 3.16901
1625 3.16691
1626 3.16479
1627 3.16269
1628 3.16058
1629 3.15847
1630 3.15634
1631 3.15424
1632 3.15212
1633 3.15001
1634 3.14789
1635 3.14576
1636 3.14364
1637 3.14153
1638 3.13939
1639 3.13728
1640 3.13513
1641 3.13301
1642 3.13087
1643 3.12872
1644 3.1266
1645 3.12446
1646 3.12233
1647 3.12019
1648 3.11804
1649 3.11591
1650 3.11378
1651 3.11163
1652 3.10949
1653 3.10733
1654 3.10519
1655 3.10303
1656 3.10088
1657 3.09874
1658 3.09659
1659 3.09442
1660 3.09227
1661 3.09013
1662 3.08796
1663 3.0858
1664 3.08363
1665 3.08147
1666 3.07932
1667 3.07715
1668 3.07498
1669 3.0728
1670 3.07065
1671 3.06848
1672 3.06629
1673 3.06413
1674 3.06196
1675 3.05978
1676 3.05762
1677 3.05542
1678 3.05323
1679 3.05104
1680 3.04888
1681 3.04669
1682 3.04451
1683 3.04233
1684 3.04014
1685 3.03795
1686 3.03578
1687 3.03358
1688 3.03139
1689 3.0292
1690 3.02702
1691 3.02483
1692 3.02263
1693 3.02044
1694 3.01822
1695 3.01604
1696 3.01385
1697 3.01164
1698 3.00945
1699 3.00723
1700 3.00503
1701 3.00285
1702 3.00061
1703 2.99842
1704 2.99621
1705 2.99401
1706 2.9918
1707 2.98959
1708 2.98738
1709 2.98517
1710 2.98296
1711 2.98075
1712 2.97853
1713 2.97631
1714 2.97411
1715 2.97188
1716 2.96965
1717 2.96744
1718 2.96522
1719 2.96301
1720 2.96078
1721 2.95857
1722 2.95635
1723 2.95411
1724 2.9519
1725 2.94967
1726 2.94745
1727 2.94522
1728 2.94298
1729 2.94075
1730 2.93853
1731 2.93631
1732 2.93406
1733 2.93184
1734 2.9296
1735 2.92739
1736 2.92516
1737 2.9229
1738 2.92066
1739 2.91843
1740 2.91619
1741 2.91396
1742 2.91171
1743 2.9095
1744 2.90724
1745 2.905
1746 2.90277
1747 2.90051
1748 2.89828
1749 2.89603
1750 2.89379
1751 2.89154
1752 2.88931
1753 2.88706
1754 2.88481
1755 2.88256
1756 2.88032
1757 2.87808
1758 2.87582
1759 2.87357
1760 2.87132
1761 2.86907
1762 2.86683
1763 2.86459
1764 2.86232
1765 2.86007
1766 2.85781
1767 2.85557
1768 2.8533
1769 2.85105
1770 2.8488
1771 2.84656
1772 2.84427
1773 2.84203
1774 2.83976
1775 2.83752
1776 2.83527
1777 2.83301
1778 2.83074
1779 2.82849
1780 2.82622
1781 2.82396
1782 2.82172
1783 2.81946
1784 2.81719
1785 2.81493
1786 2.81266
1787 2.81039
1788 2.80814
1789 2.80588
1790 2.80363
1791 2.80137
1792 2.79908
1793 2.79681
1794 2.79456
1795 2.79229
1796 2.79003
1797 2.78777
1798 2.78549
1799 2.78325
1800 2.78097
1801 2.7787
1802 2.77643
1803 2.77417
1804 2.77192
1805 2.76963
1806 2.76737
1807 2.76509
1808 2.76283
1809 2.76056
1810 2.75832
1811 2.75604
1812 2.75375
1813 2.7515
1814 2.74922
1815 2.74697
1816 2.74468
1817 2.74242
1818 2.74015
1819 2.73788
1820 2.73562
1821 2.73333
1822 2.73108
1823 2.72881
1824 2.72652
1825 2.72425
1826 2.72198
1827 2.71971
1828 2.71744
1829 2.71517
1830 2.71291
1831 2.71063
1832 2.70835
1833 2.70609
1834 2.70382
1835 2.70155
1836 2.69927
1837 2.69699
1838 2.69472
1839 2.69245
1840 2.69019
1841 2.68791
1842 2.68564
1843 2.68337
1844 2.68111
1845 2.67883
1846 2.67655
1847 2.67428
1848 2.67203
1849 2.66974
1850 2.66749
1851 2.66521
1852 2.66293
1853 2.66068
1854 2.65838
1855 2.65612
1856 2.65384
1857 2.65158
1858 2.64931
1859 2.64704
1860 2.64477
1861 2.64249
1862 2.64022
1863 2.63797
1864 2.63569
1865 2.63342
1866 2.63115
1867 2.62887
1868 2.62662
1869 2.62435
1870 2.62208
1871 2.61982
1872 2.61756
1873 2.61528
1874 2.61302
1875 2.61075
1876 2.60847
1877 2.60621
1878 2.60394
1879 2.60167
1880 2.59941
1881 2.59715
1882 2.59487
1883 2.5926
1884 2.59035
1885 2.58808
1886 2.58582
1887 2.58356
1888 2.58129
1889 2.57903
1890 2.57677
1891 2.57451
1892 2.57224
1893 2.56997
1894 2.5677
1895 2.56546
1896 2.56319
1897 2.56092
1898 2.55866
1899 2.55642
1900 2.55414
1901 2.55188
1902 2.54963
1903 2.54737
1904 2.54512
1905 2.54285
1906 2.54059
1907 2.53832
1908 2.53609
1909 2.53382
1910 2.53157
1911 2.52932
1912 2.52708
1913 2.5248
1914 2.52257
1915 2.5203
1916 2.51805
1917 2.5158
1918 2.51354
1919 2.5113
1920 2.50905
1921 2.5068
1922 2.50454
1923 2.5023
1924 2.50003
1925 2.49777
1926 2.49556
1927 2.4933
1928 2.49106
1929 2.4888
1930 2.48657
1931 2.48431
1932 2.48207
1933 2.47982
1934 2.47758
1935 2.47534
1936 2.47309
1937 2.47085
1938 2.46861
1939 2.46638
1940 2.46413
1941 2.46189
1942 2.45965
1943 2.45739
1944 2.45518
1945 2.45295
1946 2.4507
1947 2.44848
1948 2.44622
1949 2.44399
1950 2.44176
1951 2.43953
1952 2.43729
1953 2.43506
1954 2.43283
1955 2.4306
1956 2.42838
1957 2.42614
1958 2.42393
1959 2.42168
1960 2.41946
1961 2.41723
1962 2.41501
1963 2.41278
1964 2.41056
1965 2.40833
1966 2.40611
1967 2.40389
1968 2.40167
1969 2.39943
1970 2.39724
1971 2.395
1972 2.39279
1973 2.39057
1974 2.38835
1975 2.38613
1976 2.38392
1977 2.38171
1978 2.37949
1979 2.37728
1980 2.37507
1981 2.37285
1982 2.37065
1983 2.36844
1984 2.36622
1985 2.36401
1986 2.36182
1987 2.35959
1988 2.35738
1989 2.35518
1990 2.353
1991 2.35078
1992 2.34857
1993 2.34638
1994 2.34418
1995 2.34199
1996 2.33979
1997 2.33758
1998 2.33538
1999 2.33318
2000 2.33098
2001 2.3288
2002 2.32658
2003 2.32441
2004 2.3222
2005 2.32002
2006 2.31784
2007 2.31566
2008 2.31345
2009 2.31127
2010 2.30908
2011 2.30689
2012 2.30471
2013 2.30252
2014 2.30034
2015 2.29817
2016 2.29598
2017 2.29379
2018 2.29163
2019 2.28943
2020 2.28726
2021 2.28509
2022 2.2829
2023 2.28073
2024 2.27856
2025 2.27639
2026 2.27422
2027 2.27204
2028 2.2699
2029 2.26771
2030 2.26553
2031 2.26339
2032 2.26121
2033 2.25904
2034 2.25688
2035 2.25473
2036 2.25256
2037 2.2504
2038 2.24825
2039 2.24607
2040 2.24391
2041 2.24177
2042 2.23961
2043 2.23746
2044 2.2353
2045 2.23316
2046 2.231
2047 2.22884
2048 2.2267
2049 2.22455
2050 2.2224
2051 2.22026
2052 2.21812
2053 2.21598
2054 2.21384
2055 2.21169
2056 2.20956
2057 2.2074
2058 2.20527
2059 2.20314
2060 2.20099
2061 2.19886
2062 2.19672
2063 2.1946
2064 2.19246
2065 2.19034
2066 2.1882
2067 2.18608
2068 2.18395
2069 2.18183
2070 2.1797
2071 2.17758
2072 2.17545
2073 2.17334
2074 2.17122
2075 2.16908
2076 2.16697
2077 2.16484
2078 2.16274
2079 2.16063
2080 2.15852
2081 2.1564
2082 2.15428
2083 2.15216
2084 2.15007
2085 2.14798
2086 2.14585
2087 2.14375
2088 2.14164
2089 2.13955
2090 2.13744
2091 2.13534
2092 2.13326
2093 2.13115
2094 2.12904
2095 2.12695
2096 2.12487
2097 2.12277
2098 2.12067
2099 2.11859
2100 2.1165
2101 2.11442
2102 2.11233
2103 2.11023
2104 2.10816
2105 2.10606
2106 2.10398
2107 2.10191
2108 2.09982
2109 2.09775
2110 2.09567
2111 2.09359
2112 2.09151
2113 2.08946
2114 2.08738
2115 2.08531
2116 2.08322
2117 2.08117
2118 2.07909
2119 2.07705
2120 2.07497
2121 2.07291
2122 2.07085
2123 2.0688
2124 2.06671
2125 2.06466
2126 2.06262
2127 2.06056
2128 2.05849
2129 2.05645
2130 2.05441
2131 2.05234
2132 2.05031
2133 2.04824
2134 2.04621
2135 2.04417
2136 2.0421
2137 2.04007
2138 2.03803
2139 2.03599
2140 2.03395
2141 2.03191
2142 2.02989
2143 2.02786
2144 2.0258
2145 2.02379
2146 2.02175
2147 2.01973
2148 2.0177
2149 2.01567
2150 2.01365
2151 2.01163
2152 2.0096
2153 2.00758
2154 2.00556
2155 2.00354
2156 2.00152
2157 1.99952
2158 1.99749
2159 1.99549
2160 1.99346
2161 1.99147
2162 1.98947
2163 1.98743
2164 1.98543
2165 1.98343
2166 1.98144
2167 1.97943
2168 1.97743
2169 1.97542
2170 1.97344
2171 1.97143
2172 1.96944
2173 1.96745
2174 1.96545
2175 1.96347
2176 1.96148
2177 1.95948
2178 1.9575
2179 1.95552
2180 1.95354
2181 1.95155
2182 1.94957
2183 1.9476
2184 1.94561
2185 1.94365
2186 1.94166
2187 1.9397
2188 1.93771
2189 1.93574
2190 1.93378
2191 1.93181
2192 1.92985
2193 1.92787
2194 1.92592
2195 1.92396
2196 1.92199
2197 1.92003
2198 1.91806
2199 1.91612
2200 1.91416
2201 1.91221
2202 1.91025
2203 1.9083
2204 1.90636
2205 1.90441
2206 1.90245
2207 1.90051
2208 1.89857
2209 1.89663
2210 1.89468
2211 1.89275
2212 1.89081
2213 1.88888
2214 1.88693
2215 1.885
2216 1.88308
2217 1.88113
2218 1.87921
2219 1.87728
2220 1.87535
2221 1.87343
2222 1.8715
2223 1.8696
2224 1.86767
2225 1.86574
2226 1.86385
2227 1.86192
2228 1.86001
2229 1.85808
2230 1.85618
2231 1.85428
2232 1.85236
2233 1.85045
2234 1.84856
2235 1.84664
2236 1.84473
2237 1.84285
2238 1.84094
2239 1.83904
2240 1.83714
2241 1.83525
2242 1.83335
2243 1.83147
2244 1.82957
2245 1.82768
2246 1.8258
2247 1.82391
2248 1.82203
2249 1.82014
2250 1.81825
2251 1.81638
2252 1.81451
2253 1.81263
2254 1.81075
2255 1.80886
2256 1.807
2257 1.80513
2258 1.80326
2259 1.80138
2260 1.79952
2261 1.79766
2262 1.7958
2263 1.79392
2264 1.79209
2265 1.79021
2266 1.78836
2267 1.7865
2268 1.78464
2269 1.7828
2270 1.78095
2271 1.7791
2272 1.77725
2273 1.7754
2274 1.77355
2275 1.7717
2276 1.76987
2277 1.76802
2278 1.76618
2279 1.76434
2280 1.76252
2281 1.76067
2282 1.75884
2283 1.75701
2284 1.75518
2285 1.75334
2286 1.75152
2287 1.74971
2288 1.74787
2289 1.74605
2290 1.74424
2291 1.74242
2292 1.7406
2293 1.73878
2294 1.73695
2295 1.73515
2296 1.73334
2297 1.73153
2298 1.72972
2299 1.72791
2300 1.72611
2301 1.72429
2302 1.7225
2303 1.7207
2304 1.71888
2305 1.7171
2306 1.7153
2307 1.71351
2308 1.71172
2309 1.70992
2310 1.70814
2311 1.70635
2312 1.70456
2313 1.70278
2314 1.70098
2315 1.6992
2316 1.69743
2317 1.69566
2318 1.69386
2319 1.69209
2320 1.69032
2321 1.68853
2322 1.68676
2323 1.68499
2324 1.68322
2325 1.68146
2326 1.6797
2327 1.67794
2328 1.67616
2329 1.67441
2330 1.67265
2331 1.6709
2332 1.66913
2333 1.66739
2334 1.66564
2335 1.66389
2336 1.66213
2337 1.66038
2338 1.65863
2339 1.65689
2340 1.65513
2341 1.65341
2342 1.65166
2343 1.64992
2344 1.64819
2345 1.64644
2346 1.64472
2347 1.64298
2348 1.64125
2349 1.63952
2350 1.63778
2351 1.63606
2352 1.63434
2353 1.63262
2354 1.63089
2355 1.62918
2356 1.62745
2357 1.62574
2358 1.62401
2359 1.6223
2360 1.6206
2361 1.61889
2362 1.61717
2363 1.61545
2364 1.61377
2365 1.61204
2366 1.61035
2367 1.60864
2368 1.60695
2369 1.60525
2370 1.60354
2371 1.60185
2372 1.60016
2373 1.59846
2374 1.59678
2375 1.59508
2376 1.59339
2377 1.59172
2378 1.59002
2379 1.58834
2380 1.58666
2381 1.58497
2382 1.5833
2383 1.58163
2384 1.57994
2385 1.57828
2386 1.5766
2387 1.57494
2388 1.57328
2389 1.57159
2390 1.56993
2391 1.56827
2392 1.5666
2393 1.56494
2394 1.56328
2395 1.56163
2396 1.55998
2397 1.55831
2398 1.55666
2399 1.55501
2400 1.55336
2401 1.5517
2402 1.55006
2403 1.54841
2404 1.54676
2405 1.54513
2406 1.54348
2407 1.54185
2408 1.54021
2409 1.53856
2410 1.53693
2411 1.53531
2412 1.53367
2413 1.53204
2414 1.53042
2415 1.52878
2416 1.52716
2417 1.52554
2418 1.52391
2419 1.52229
2420 1.52067
2421 1.51905
2422 1.51744
2423 1.51582
2424 1.51421
2425 1.5126
2426 1.511
2427 1.50938
2428 1.50777
2429 1.50616
2430 1.50456
2431 1.50296
2432 1.50135
2433 1.49976
2434 1.49816
2435 1.49657
2436 1.49496
2437 1.49338
2438 1.49178
2439 1.4902
2440 1.48861
2441 1.48702
2442 1.48544
2443 1.48384
2444 1.48227
2445 1.48068
2446 1.47911
2447 1.47753
2448 1.47595
2449 1.47437
2450 1.47281
2451 1.47123
2452 1.46966
2453 1.4681
2454 1.46652
2455 1.46496
2456 1.46341
2457 1.46184
2458 1.46027
2459 1.45871
2460 1.45716
2461 1.45561
2462 1.45405
2463 1.4525
2464 1.45094
2465 1.4494
2466 1.44784
2467 1.4463
2468 1.44475
2469 1.44321
2470 1.44166
2471 1.44012
2472 1.43858
2473 1.43706
2474 1.43551
2475 1.43398
2476 1.43245
2477 1.43091
2478 1.42939
2479 1.42785
2480 1.42633
2481 1.42479
2482 1.42328
2483 1.42175
2484 1.42023
2485 1.41871
2486 1.41719
2487 1.41569
2488 1.41416
2489 1.41265
2490 1.41114
2491 1.40964
2492 1.40813
2493 1.40662
2494 1.40512
2495 1.40361
2496 1.4021
2497 1.4006
2498 1.39909
2499 1.39761
2500 1.3961
2501 1.39461
2502 1.39311
2503 1.39163
2504 1.39013
2505 1.38864
2506 1.38716
2507 1.38567
2508 1.38419
2509 1.3827
2510 1.38123
2511 1.37974
2512 1.37826
2513 1.37679
2514 1.37531
2515 1.37384
2516 1.37237
2517 1.3709
2518 1.36943
2519 1.36796
2520 1.36649
2521 1.36502
2522 1.36356
2523 1.36211
2524 1.36065
2525 1.35919
2526 1.35774
2527 1.35628
2528 1.35483
2529 1.35337
2530 1.35192
2531 1.35046
2532 1.34901
2533 1.34755
2534 1.3461
2535 1.34464
2536 1.34319
2537 1.34174
2538 1.34028
2539 1.33883
2540 1.33737
2541 1.33592
2542 1.33446
2543 1.33301
2544 1.33156
2545 1.3301
2546 1.32865
2547 1.32719
2548 1.32574
2549 1.32429
2550 1.32283
2551 1.32138
2552 1.31992
2553 1.31847
2554 1.31702
2555 1.31556
2556 1.31411
2557 1.31266
2558 1.3112
2559 1.30975
2560 1.3083
2561 1.30684
2562 1.30539
2563 1.30394
2564 1.30249
2565 1.30103
2566 1.29958
2567 1.29813
2568 1.29667
2569 1.29522
2570 1.29377
2571 1.29232
2572 1.29086
2573 1.28941
2574 1.28796
2575 1.28651
2576 1.28506
2577 1.2836
2578 1.28215
2579 1.2807
2580 1.27925
2581 1.2778
2582 1.27634
2583 1.27489
2584 1.27344
2585 1.27199
2586 1.27054
2587 1.26909
2588 1.26764
2589 1.26618
2590 1.26473
2591 1.26328
2592 1.26183
2593 1.26038
2594 1.25893
2595 1.25748
2596 1.25603
2597 1.25458
2598 1.25313
2599 1.25167
2600 1.25022
2601 1.24877
2602 1.24732
2603 1.24587
2604 1.24442
2605 1.24297
2606 1.24152
2607 1.24007
2608 1.23862
2609 1.23717
2610 1.23572
2611 1.23427
2612 1.23282
2613 1.23137
2614 1.22992
2615 1.22847
2616 1.22702
2617 1.22557
2618 1.22412
2619 1.22267
2620 1.22123
2621 1.21978
2622 1.21833
2623 1.21688
2624 1.21543
2625 1.21398
2626 1.21253
2627 1.21108
2628 1.20963
2629 1.20818
2630 1.20674
2631 1.20529
2632 1.20384
2633 1.20239
2634 1.20094
2635 1.19949
2636 1.19804
2637 1.1966
2638 1.19515
2639 1.1937
2640 1.19225
2641 1.1908
2642 1.18936
2643 1.18791
2644 1.18646
2645 1.18501
2646 1.18357
2647 1.18212
2648 1.18067
2649 1.17922
2650 1.17777
2651 1.17633
2652 1.17488
2653 1.17343
2654 1.17199
2655 1.17054
2656 1.16909
2657 1.16764
2658 1.1662
2659 1.16475
2660 1.1633
2661 1.16186
2662 1.16041
2663 1.15896
2664 1.15752
2665 1.15607
2666 1.15462
2667 1.15318
2668 1.15173
2669 1.15029
2670 1.14884
2671 1.14739
2672 1.14595
2673 1.1445
2674 1.14306
2675 1.14161
2676 1.14016
2677 1.13872
2678 1.13727
2679 1.13583
2680 1.13438
2681 1.13294
2682 1.13149
2683 1.13005
2684 1.1286
2685 1.12715
2686 1.12571
2687 1.12426
2688 1.12282
2689 1.12137
2690 1.11993
2691 1.11848
2692 1.11704
2693 1.11559
2694 1.11415
2695 1.11271
2696 1.11126
2697 1.10982
2698 1.10837
2699 1.10693
2700 1.10548
2701 1.10404
2702 1.1026
2703 1.10115
2704 1.09971
2705 1.09826
2706 1.09682
2707 1.09538
2708 1.09393
2709 1.09249
2710 1.09104
2711 1.0896
2712 1.08816
2713 1.08671
2714 1.08527
2715 1.08383
2716 1.08238
2717 1.08094
2718 1.0795
2719 1.07805
2720 1.07661
2721 1.07517
2722 1.07373
2723 1.07228
2724 1.07084
2725 1.0694
2726 1.06795
2727 1.06651
2728 1.06507
2729 1.06363
2730 1.06218
2731 1.06074
2732 1.0593
2733 1.05786
2734 1.05642
2735 1.05497
2736 1.05353
2737 1.05209
2738 1.05065
2739 1.04921
2740 1.04776
2741 1.04632
2742 1.04488
2743 1.04344
2744 1.042
2745 1.04056
2746 1.03912
2747 1.03767
2748 1.03623
2749 1.03479
2750 1.03335
2751 1.03191
2752 1.03047
2753 1.02903
2754 1.02759
2755 1.02615
2756 1.0247
2757 1.02326
2758 1.02182
2759 1.02038
2760 1.01894
2761 1.0175
2762 1.01606
2763 1.01462
2764 1.01318
2765 1.01174
2766 1.0103
2767 1.00886
2768 1.00742
2769 1.00598
2770 1.00454
2771 1.0031
2772 1.00166
2773 1.00022
2774 0.998782
2775 0.997343
2776 0.995903
2777 0.994464
2778 0.993024
2779 0.991585
2780 0.990146
2781 0.988707
2782 0.987267
2783 0.985828
2784 0.984389
2785 0.982951
2786 0.981512
2787 0.980073
2788 0.978634
2789 0.977195
2790 0.975757
2791 0.974318
2792 0.97288
2793 0.971441
2794 0.970003
2795 0.968565
2796 0.967127
2797 0.965688
2798 0.96425
2799 0.962812
2800 0.961374
2801 0.959936
2802 0.958499
2803 0.957061
2804 0.955623
2805 0.954185
2806 0.952748
2807 0.95131
2808 0.949873
2809 0.948435
2810 0.946998
2811 0.945561
2812 0.944124
2813 0.942686
2814 0.941249
2815 0.939812
2816 0.938375
2817 0.936938
2818 0.935502
2819 0.934065
2820 0.932628
2821 0.931191
2822 0.929755
2823 0.928318
2824 0.926882
2825 0.925446
2826 0.924009
2827 0.922573
2828 0.921137
2829 0.919701
2830 0.918264
2831 0.916828
2832 0.915393
2833 0.913957
2834 0.912521
2835 0.911085
2836 0.909649
2837 0.908214
2838 0.906778
2839 0.905343
2840 0.903907
2841 0.902472
2842 0.901036
2843 0.899601
2844 0.898166
2845 0.896731
2846 0.895296
2847 0.893861
2848 0.892426
2849 0.890991
2850 0.889556
2851 0.888121
2852 0.886687
2853 0.885252
2854 0.883817
2855 0.882383
2856 0.880949
2857 0.879514
2858 0.87808
2859 0.876646
2860 0.875211
2861 0.873777
2862 0.872343
2863 0.870909
2864 0.869475
2865 0.868041
2866 0.866608
2867 0.865174
2868 0.86374
2869 0.862306
2870 0.860873
2871 0.859439
2872 0.858006
2873 0.856573
2874 0.855139
2875 0.853706
2876 0.852273
2877 0.85084
2878 0.849407
2879 0.847974
2880 0.846541
2881 0.845108
2882 0.843675
2883 0.842242
2884 0.84081
2885 0.839377
2886 0.837944
2887 0.836512
2888 0.83508
2889 0.833647
2890 0.832215
2891 0.830783
2892 0.82935
2893 0.827918
2894 0.826486
2895 0.825054
2896 0.823622
2897 0.822191
2898 0.820759
2899 0.819327
2900 0.817895
2901 0.816464
2902 0.815032
2903 0.813601
2904 0.812169
2905 0.810738
2906 0.809307
2907 0.807875
2908 0.806444
2909 0.805013
2910 0.803582
2911 0.802151
2912 0.80072
2913 0.799289
2914 0.797859
2915 0.796428
2916 0.794997
2917 0.793567
2918 0.792136
2919 0.790706
2920 0.789275
2921 0.787845
2922 0.786414
2923 0.784984
2924 0.783554
2925 0.782124
2926 0.780694
2927 0.779264
2928 0.777834
2929 0.776404
2930 0.774974
2931 0.773545
2932 0.772115
2933 0.770685
2934 0.769256
2935 0.767826
2936 0.766397
2937 0.764968
2938 0.763538
2939 0.762109
2940 0.76068
2941 0.759251
2942 0.757822
2943 0.756393
2944 0.754964
2945 0.753535
2946 0.752106
2947 0.750678
2948 0.749249
2949 0.74782
2950 0.746392
2951 0.744963
2952 0.743535
2953 0.742107
2954 0.740678
2955 0.73925
2956 0.737822
2957 0.736394
2958 0.734966
2959 0.733538
2960 0.73211
2961 0.730682
2962 0.729255
2963 0.727827
2964 0.726399
2965 0.724972
2966 0.723544
2967 0.722117
2968 0.720689
2969 0.719262
2970 0.717835
2971 0.716407
2972 0.71498
2973 0.713553
2974 0.712126
2975 0.710699
2976 0.709272
2977 0.707846
2978 0.706419
2979 0.704992
2980 0.703565
2981 0.702139
2982 0.700712
2983 0.699286
2984 0.697859
2985 0.696433
2986 0.695007
2987 0.693581
2988 0.692155
2989 0.690728
2990 0.689302
2991 0.687877
2992 0.686451
2993 0.685025
2994 0.683599
2995 0.682173
2996 0.680748
2997 0.679322
2998 0.677897
2999 0.676471
3000 0.675046
3001 0.67362
3002 0.672195
3003 0.67077
3004 0.669345
3005 0.66792
3006 0.666495
3007 0.66507
3008 0.663645
3009 0.66222
3010 0.660795
3011 0.659371
3012 0.657946
3013 0.656522
3014 0.655097
3015 0.653673
3016 0.652248
3017 0.650824
3018 0.6494
3019 0.647975
3020 0.646551
3021 0.645127
3022 0.643703
3023 0.642279
3024 0.640855
3025 0.639432
3026 0.638008
3027 0.636584
3028 0.635161
3029 0.633737
3030 0.632314
3031 0.63089
3032 0.629467
3033 0.628043
3034 0.62662
3035 0.625197
3036 0.623774
3037 0.622351
3038 0.620928
3039 0.619505
3040 0.618082
3041 0.616659
3042 0.615236
3043 0.613814
3044 0.612391
3045 0.610969
3046 0.609546
3047 0.608124
3048 0.606701
3049 0.605279
3050 0.603857
3051 0.602435
3052 0.601012
3053 0.59959
3054 0.598168
3055 0.596746
3056 0.595325
3057 0.593903
3058 0.592481
3059 0.591059
3060 0.589638
3061 0.588216
3062 0.586795
3063 0.585373
3064 0.583952
3065 0.582531
3066 0.581109
3067 0.579688
3068 0.578267
3069 0.576846
3070 0.575425
3071 0.574004
3072 0.572583
3073 0.571163
3074 0.569742
3075 0.568321
3076 0.566901
3077 0.56548
3078 0.564059
3079 0.562639
3080 0.561219
3081 0.559798
3082 0.558378
3083 0.556958
3084 0.555538
3085 0.554118
3086 0.552698
3087 0.551278
3088 0.549858
3089 0.548438
3090 0.547019
3091 0.545599
3092 0.544179
3093 0.54276
3094 0.54134
3095 0.539921
3096 0.538502
3097 0.537082
3098 0.535663
3099 0.534244
3100 0.532825
3101 0.531406
3102 0.529987
3103 0.528568
3104 0.527149
3105 0.52573
3106 0.524311
3107 0.522893
3108 0.521474
3109 0.520056
3110 0.518637
3111 0.517219
3112 0.5158
3113 0.514382
3114 0.512964
3115 0.511546
3116 0.510128
3117 0.50871
3118 0.507292
3119 0.505874
3120 0.504456
3121 0.503038
3122 0.50162
3123 0.500203
3124 0.498785
3125 0.497368
3126 0.49595
3127 0.494533
3128 0.493115
3129 0.491698
3130 0.490281
3131 0.488864
3132 0.487447
3133 0.48603
3134 0.484613
3135 0.483196
3136 0.481779
3137 0.480362
3138 0.478945
3139 0.477529
3140 0.476112
3141 0.474696
3142 0.473279
3143 0.471863
3144 0.470446
3145 0.46903
3146 0.467614
3147 0.466198
3148 0.464782
3149 0.463366
3150 0.46195
3151 0.460534
3152 0.459118
3153 0.457702
3154 0.456286
3155 0.454871
3156 0.453455
3157 0.45204
3158 0.450624
3159 0.449209
3160 0.447793
3161 0.446378
3162 0.444963
3163 0.443548
3164 0.442133
3165 0.440718
3166 0.439303
3167 0.437888
3168 0.436473
3169 0.435058
3170 0.433643
3171 0.432229
3172 0.430814
3173 0.4294
3174 0.427985
3175 0.426571
3176 0.425156
3177 0.423742
3178 0.422328
3179 0.420914
3180 0.4195
3181 0.418086
3182 0.416672
3183 0.415258
3184 0.413844
3185 0.41243
3186 0.411017
3187 0.409603
3188 0.408189
3189 0.406776
3190 0.405362
3191 0.403949
3192 0.402536
3193 0.401122
3194 0.399709
3195 0.398296
3196 0.396883
3197 0.39547
3198 0.394057
3199 0.392644
3200 0.391231
3201 0.389818
3202 0.388406
3203 0.386993
3204 0.385581
3205 0.384168
3206 0.382756
3207 0.381343
3208 0.379931
3209 0.378519
3210 0.377106
3211 0.375694
3212 0.374282
3213 0.37287
3214 0.371458
3215 0.370046
3216 0.368634
3217 0.367223
3218 0.365811
3219 0.364399
3220 0.362988
3221 0.361576
3222 0.360165
3223 0.358753
3224 0.357342
3225 0.355931
3226 0.35452
3227 0.353108
3228 0.351697
3229 0.350286
3230 0.348875
3231 0.347465
3232 0.346054
3233 0.344643
3234 0.343232
3235 0.341822
3236 0.340411
3237 0.339
3238 0.33759
3239 0.33618
3240 0.334769
3241 0.333359
3242 0.331949
3243 0.330539
3244 0.329129
3245 0.327719
3246 0.326309
3247 0.324899
3248 0.323489
3249 0.322079
3250 0.32067
3251 0.31926
3252 0.31785
3253 0.316441
3254 0.315031
3255 0.313622
3256 0.312213
3257 0.310803
3258 0.309394
3259 0.307985
3260 0.306576
3261 0.305167
3262 0.303758
3263 0.302349
3264 0.30094
3265 0.299532
3266 0.298123
3267 0.296714
3268 0.295306
3269 0.293897
3270 0.292489
3271 0.29108
3272 0.289672
3273 0.288264
3274 0.286855
3275 0.285447
3276 0.284039
3277 0.282631
3278 0.281223
3279 0.279815
3280 0.278408
3281 0.277
3282 0.275592
3283 0.274185
3284 0.272777
3285 0.271369
3286 0.269962
3287 0.268555
3288 0.267147
3289 0.26574
3290 0.264333
3291 0.262926
3292 0.261519
3293 0.260112
3294 0.258705
3295 0.257298
3296 0.255891
3297 0.254484
3298 0.253078
3299 0.251671
3300 0.250264
3301 0.248858
3302 0.247451
3303 0.246045
3304 0.244639
3305 0.243232
3306 0.241826
3307 0.24042
3308 0.239014
3309 0.237608
3310 0.236202
3311 0.234796
3312 0.23339
3313 0.231985
3314 0.230579
3315 0.229173
3316 0.227768
3317 0.226362
3318 0.224957
3319 0.223551
3320 0.222146
3321 0.220741
3322 0.219336
3323 0.21793
3324 0.216525
3325 0.21512
3326 0.213715
3327 0.212311
3328 0.210906
3329 0.209501
3330 0.208096
3331 0.206692
3332 0.205287
3333 0.203883
3334 0.202478
3335 0.201074
3336 0.199669
3337 0.198265
3338 0.196861
3339 0.195457
3340 0.194053
3341 0.192649
3342 0.191245
3343 0.189841
3344 0.188437
3345 0.187033
3346 0.18563
3347 0.184226
3348 0.182823
3349 0.181419
3350 0.180016
3351 0.178612
3352 0.177209
3353 0.175806
3354 0.174402
3355 0.172999
3356 0.171596
3357 0.170193
3358 0.16879
3359 0.167387
3360 0.165985
3361 0.164582
3362 0.163179
3363 0.161777
3364 0.160374
3365 0.158971
3366 0.157569
3367 0.156167
3368 0.154764
3369 0.153362
3370 0.15196
3371 0.150558
3372 0.149156
3373 0.147754
3374 0.146352
3375 0.14495
3376 0.143548
3377 0.142146
3378 0.140745
3379 0.139343
3380 0.137941
3381 0.13654
3382 0.135138
3383 0.133737
3384 0.132336
3385 0.130934
3386 0.129533
3387 0.128132
3388 0.126731
3389 0.12533
3390 0.123929
3391 0.122528
3392 0.121127
3393 0.119727
3394 0.118326
3395 0.116925
3396 0.115525
3397 0.114124
3398 0.112724
3399 0.111323
3400 0.109923
3401 0.108523
3402 0.107123
3403 0.105723
3404 0.104323
3405 0.102922
3406 0.101523
3407 0.100123
3408 0.0987229
3409 0.0973231
3410 0.0959234
3411 0.0945238
3412 0.0931242
3413 0.0917247
3414 0.0903253
3415 0.0889259
3416 0.0875266
3417 0.0861273
3418 0.0847281
3419 0.083329
3420 0.0819299
3421 0.0805309
3422 0.079132
3423 0.0777331
3424 0.0763343
3425 0.0749355
3426 0.0735368
3427 0.0721382
3428 0.0707396
3429 0.0693411
3430 0.0679427
3431 0.0665443
3432 0.065146
3433 0.0637477
3434 0.0623495
3435 0.0609514
3436 0.0595533
3437 0.0581553
3438 0.0567574
3439 0.0553595
3440 0.0539617
3441 0.0525639
3442 0.0511662
3443 0.0497686
3444 0.048371
3445 0.0469735
3446 0.0455761
3447 0.0441787
3448 0.0427814
3449 0.0413841
3450 0.0399869
3451 0.0385898
3452 0.0371927
3453 0.0357957
3454 0.0343988
3455 0.0330019
3456 0.031605
3457 0.0302083
3458 0.0288116
3459 0.027415
3460 0.0260184
3461 0.0246219
3462 0.0232254
3463 0.0218291
3464 0.0204327
3465 0.0190365
3466 0.0176403
3467 0.0162441
3468 0.0148481
3469 0.0134521
3470 0.0120561
3471 0.0106602
3472 0.00926441
3473 0.00786865
3474 0.00647295
3475 0.00507732
3476 0.00368175
3477 0.00228624
3478 0.00089079
3479 0
3480 0
3481 0
3482 0
3483 0
3484 0
3485 0
3486 0
3487 0
3488 0
3489 0
3490 0
3491 0
3492 0
3493 0
3494 0
3495 0
3496 0
3497 0
3498 0
3499 0
3500 0
3501 0
3502 0
3503 0
3504 0
3505 0
3506 0
3507 0
3508 0
3509 0
3510 0
3511 0
3512 0
3513 0
3514 0
3515 0
3516 0
3517 0
3518 0
3519 0
3520 0
3521 0
3522 0
3523 0
3524 0
3525 0
3526 0
3527 0
3528 0
3529 0
3530 0
3531 0
3532 0
3533 0
3534 0
3535 0
3536 0
3537 0
3538 0
3539 0
3540 0
3541 0
3542 0
3543 0
3544 0
3545 0
3546 0
3547 0
3548 0
3549 0
3550 0
3551 0
3552 0
3553 0
3554 0
3555 0
3556 0
3557 0
3558 0
3559 0
3560 0
3561 0
3562 0
3563 0
3564 0
3565 0
3566 0
3567 0
3568 0
3569 0
3570 0
3571 0
3572 0
3573 0
3574 0
3575 0
3576 0
3577 0
3578 0
3579 0
3580 0
3581 0
3582 0
3583 0
3584 0
3585 0
3586 0
3587 0
3588 0
3589 0
3590 0
3591 0
3592 0
3593 0
3594 0
3595 0
3596 0
3597 0
3598 0
3599 0
3600 0
3601 0
3602 0
3603 0
3604 0
3605 0
3606 0
3607 0
3608 0
3609 0
3610 0
3611 0
3612 0
3613 0
3614 0
3615 0
3616 0
3617 0
3618 0
3619 0
3620 0
3621 0
3622 0
3623 0
3624 0
3625 0
3626 0
3627 0
3628 0
3629 0
3630 0
3631 0
3632 0
3633 0
3634 0
3635 0
3636 0
3637 0
3638 0
3639 0
3640 0
3641 0
3642 0
3643 0
3644 0
3645 0
3646 0
3647 0
3648 0
3649 0
3650 0
3651 0
3652 0
3653 0
3654 0
3655 0
3656 0
3657 0
3658 0
3659 0
3660 0
3661 0
3662 0
3663 0
3664 0
3665 0
3666 0
3667 0
3668 0
3669 0
3670 0
3671 0
3672 0
3673 0
3674 0
3675 0
3676 0
3677 0
3678 0
3679 0
3680 0
3681 0
3682 0
3683 0
3684 0
3685 0
3686 0
3687 0
3688 0
3689 0
3690 0
3691 0
3692 0
3693 0
3694 0
3695 0
3696 0
3697 0
3698 0
3699 0
3700 0
3701 0
3702 0
3703 0
3704 0
3705 0
3706 0
3707 0
3708 0
3709 0
3710 0
3711 0
3712 0
3713 0
3714 0
3715 0
3716 0
3717 0
3718 0
3719 0
3720 0
3721 0
3722 0
3723 0
3724 0
3725 0
3726 0
3727 0
3728 0
3729 0
3730 0
3731 0
3732 0
3733 0
3734 0
3735 0
3736 0
3737 0
3738 0
3739 0
3740 0
3741 0
3742 0
3743 0
3744 0
3745 0
3746 0
3747 0
3748 0
3749 0
3750 0
3751 0
3752 0
3753 0
3754 0
3755 0
3756 0
3757 0
3758 0
3759 0
3760 0
3761 0
3762 0
3763 0
3764 0
3765 0
3766 0
3767 0
3768 0
3769 0
3770 0
3771 0
3772 0
3773 0
3774 0
3775 0
3776 0
3777 0
3778 0
3779 0
3780 0
3781 0
3782 0
3783 0
3784 0
3785 0
3786 0
3787 0
3788 0
3789 0
3790 0
3791 0
3792 0
3793 0
3794 0
3795 0
3796 0
3797 0
3798 0
3799 0
3800 0
3801 0
3802 0
3803 0
3804 0
3805 0
3806 0
3807 0
3808 0
3809 0
3810 0
3811 0
3812 0
3813 0
3814 0
3815 0
3816 0
3817 0
3818 0
3819 0
3820 0
3821 0
3822 0
3823 0
3824 0
3825 0
3826 0
3827 0
3828 0
3829 0
3830 0
3831 0
3832 0
3833 0
3834 0
3835 0
3836 0
3837 0
3838 0
3839 0
3840 0
3841 0
3842 0
3843 0
3844 0
3845 0
3846 0
3847 0
3848 0
3849 0
3850 0
3851 0
3852 0
3853 0
3854 0
3855 0
3856 0
3857 0
3858 0
3859 0
3860 0
3861 0
3862 0
3863 0
3864 0
3865 0
3866 0
3867 0
3868 0
3869 0
3870 0
3871 0
3872 0
3873 0
3874 0
3875 0
3876 0
3877 0
3878 0
3879 0
3880 0
3881 0
3882 0
3883 0
3884 0
3885 0
3886 0
3887 0
3888 0
3889 0
3890 0
3891 0
3892 0
3893 0
3894 0
3895 0
3896 0
3897 0
3898 0
3899 0
3900 0
3901 0
3902 0
3903 0
3904 0
3905 0
3906 0
3907 0
3908 0
3909 0
3910 0
3911 0
3912 0
3913 0
3914 0
3915 0
3916 0
3917 0
3918 0
3919 0
3920 0
3921 0
3922 0
3923 0
3924 0
3925 0
3926 0
3927 0
3928 0
3929 0
3930 0
3931 0
3932 0
3933 0
3934 0
3935 0
3936 0
3937 0
3938 0
3939 0
3940 0
3941 0
3942 0
3943 0
3944 0
3945 0
3946 0
3947 0
3948 0
3949 0
3950 0
3951 0
3952 0
3953 0
3954 0
3955 0
3956 0
3957 0
3958 0
3959 0
3960 0
3961 0
3962 0
3963 0
3964 0
3965 0
3966 0
3967 0
3968 0
3969 0
3970 0
3971 0
3972 0
3973 0
3974 0
3975 0
3976 0
3977 0
3978 0
3979 0
3980 0
3981 0
3982 0
3983 0
3984 0
3985 0
3986 0
3987 0
3988 0
3989 0
3990 0
3991 0
3992 0
3993 0
3994 0
3995 0
3996 0
3997 0
3998 0
3999 0
4000 0
4001 0
4002 0
4003 0
4004 0
4005 0
4006 0
4007 0
4008 0
4009 0
4010 0
4011 0
4012 0
4013 0
4014 0
4015 0
4016 0
4017 0
4018 0
4019 0
4020 0
4021 0
4022 0
4023 0
4024 0
4025 0
4026 0
4027 0
4028 0
4029 0
4030 0
4031 0
4032 0
4033 0
4034 0
4035 0
4036 0
4037 0
4038 0
4039 0
4040 0
4041 0
4042 0
4043 0
4044 0
4045 0
4046 0
4047 0
4048 0
4049 0
4050 0
4051 0
4052 0
4053 0
4054 0
4055 0
4056 0
4057 0
4058 0
4059 0
4060 0
4061 0
4062 0
4063 0
4064 0
4065 0
4066 0
4067 0
4068 0
4069 0
4070 0
4071 0
4072 0
4073 0
4074 0
4075 0
4076 0
4077 0
4078 0
4079 0
4080 0
4081 0
4082 0
4083 0
4084 0
4085 0
4086 0
4087 0
4088 0
4089 0
4090 0
4091 0
4092 0
4093 0
4094 0
4095 0
4096 0
4097 0
4098 0
4099 0
4100 0
4101 0
4102 0
4103 0
4104 0
4105 0
4106 0
4107 0
4108 0
4109 0
4110 0
4111 0
4112 0
4113 0
4114 0
4115 0
4116 0
4117 0
4118 0
4119 0
4120 0
4121 0
4122 0
4123 0
4124 0
4125 0
4126 0
4127 0
4128 0
4129 0
4130 0
4131 0
4132 0
4133 0
4134 0
4135 0
4136 0
4137 0
4138 0
4139 0
4140 0
4141 0
4142 0
4143 0
4144 0
4145 0
4146 0
4147 0
4148 0
4149 0
4150 0
4151 0
4152 0
4153 0
4154 0
4155 0
4156 0
4157 0
4158 0
4159 0
4160 0
4161 0
4162 0
4163 0
4164 0
4165 0
4166 0
4167 0
4168 0
4169 0
4170 0
4171 0
4172 0
4173 0
4174 0
4175 0
4176 0
4177 0
4178 0
4179 0
4180 0
4181 0
4182 0
4183 0
4184 0
4185 0
4186 0
4187 0
4188 0
4189 0
4190 0
4191 0
4192 0
4193 0
4194 0
4195 0
4196 0
4197 0
4198 0
4199 0
4200 0
4201 0
4202 0
4203 0
4204 0
4205 0
4206 0
4207 0
4208 0
4209 0
4210 0
4211 0
4212 0
4213 0
4214 0
4215 0
4216 0
4217 0
4218 0
4219 0
4220 0
4221 0
4222 0
4223 0
4224 0
4225 0
4226 0
4227 0
4228 0
4229 0
4230 0
4231 0
4232 0
4233 0
4234 0
4235 0
4236 0
4237 0
4238 0
4239 0
4240 0
4241 0
4242 0
4243 0
4244 0
4245 0
4246 0
4247 0
4248 0
4249 0
4250 0
4251 0
4252 0
4253 0
4254 0
4255 0
4256 0
4257 0
4258 0
4259 0
4260 0
4261 0
4262 0
4263 0
4264 0
4265 0
4266 0
4267 0
4268 0
4269 0
4270 0
4271 0
4272 0
4273 0
4274 0
4275 0
4276 0
4277 0
4278 0
4279 0
4280 0
4281 0
4282 0
4283 0
4284 0
4285 0
4286 0
4287 0
4288 0
4289 0
4290 0
4291 0
4292 0
4293 0
4294 0
4295 0
4296 0
4297 0
4298 0
4299 0
4300 0
4301 0
4302 0
4303 0
4304 0
4305 0
4306 0
4307 0
4308 0
4309 0
4310 0
4311 0
4312 0
4313 0
4314 0
4315 0
4316 0
4317 0
4318 0
4319 0
4320 0
4321 0
4322 0
4323 0
4324 0
4325 0
4326 0
4327 0
4328 0
4329 0
4330 0
4331 0
4332 0
4333 0
4334 0
4335 0
4336 0
4337 0
4338 0
4339 0
4340 0
4341 0
4342 0
4343 0
4344 0
4345 0
4346 0
4347 0
4348 0
4349 0
4350 0
4351 0
4352 0
4353 0
4354 0
4355 0
4356 0
4357 0
4358 0
4359 0
4360 0
4361 0
4362 0
4363 0
4364 0
4365 0
4366 0
4367 0
4368 0
4369 0
4370 0
4371 0
4372 0
4373 0
4374 0
4375 0
4376 0
4377 0
4378 0
4379 0
4380 0
4381 0
4382 0
4383 0
4384 0
4385 0
4386 0
4387 0
4388 0
4389 0
4390 0
4391 0
4392 0
4393 0
4394 0
4395 0
4396 0
4397 0
4398 0
4399 0
4400 0
4401 0
4402 0
4403 0
4404 0
4405 0
4406 0
4407 0
4408 0
4409 0
4410 0
4411 0
4412 0
4413 0
4414 0
4415 0
4416 0
4417 0
4418 0
4419 0
4420 0
4421 0
4422 0
4423 0
4424 0
4425 0
4426 0
4427 0
4428 0
4429 0
4430 0
4431 0
4432 0
4433 0
4434 0
4435 0
4436 0
4437 0
4438 0
4439 0
4440 0
4441 0
4442 0
4443 0
4444 0
4445 0
4446 0
4447 0
4448 0
4449 0
4450 0
4451 0
4452 0
4453 0
4454 0
4455 0
4456 0
4457 0
4458 0
4459 0
4460 0
4461 0
4462 0
4463 0
4464 0
4465 0
4466 0
4467 0
4468 0
4469 0
4470 0
4471 0
4472 0
4473 0
4474 0
4475 0
4476 0
4477 0
4478 0
4479 0
4480 0
4481 0
4482 0
4483 0
4484 0
4485 0
4486 0
4487 0
4488 0
4489 0
4490 0
4491 0
4492 0
4493 0
4494 0
4495 0
4496 0
4497 0
4498 0
4499 0
4500 0
4501 0
4502 0
4503 0
4504 0
4505 0
4506 0
4507 0
4508 0
4509 0
4510 0
4511 0
4512 0
4513 0
4514 0
4515 0
4516 0
4517 0
4518 0
4519 0
4520 0
4521 0
4522 0
4523 0
4524 0
4525 0
4526 0
4527 0
4528 0
4529 0
4530 0
4531 0
4532 0
4533 0
4534 0
4535 0
4536 0
4537 0
4538 0
4539 0
4540 0
4541 0
4542 0
4543 0
4544 0
4545 0
4546 0
4547 0
4548 0
4549 0
4550 0
4551 0
4552 0
4553 0
4554 0
4555 0
4556 0
4557 0
4558 0
4559 0
4560 0
4561 0
4562 0
4563 0
4564 0
4565 0
4566 0
4567 0
4568 0
4569 0
4570 0
4571 0
4572 0
4573 0
4574 0
4575 0
4576 0
4577 0
4578 0
4579 0
4580 0
4581 0
4582 0
4583 0
4584 0
4585 0
4586 0
4587 0
4588 0
4589 0
4590 0
4591 0
4592 0
4593 0
4594 0
4595 0
4596 0
4597 0
4598 0
4599 0
4600 0
4601 0
4602 0
4603 0
4604 0
4605 0
4606 0
4607 0
4608 0
4609 0
4610 0
4611 0
4612 0
4613 0
4614 0
4615 0
4616 0
4617 0
4618 0
4619 0
4620 0
4621 0
4622 0
4623 0
4624 0
4625 0
4626 0
4627 0
4628 0
4629 0
4630 0
4631 0
4632 0
4633 0
4634 0
4635 0
4636 0
4637 0
4638 0
4639 0
4640 0
4641 0
4642 0
4643 0
4644 0
4645 0
4646 0
4647 0
4648 0
4649 0
4650 0
4651 0
4652 0
4653 0
4654 0
4655 0
4656 0
4657 0
4658 0
4659 0
4660 0
4661 0
4662 0
4663 0
4664 0
4665 0
4666 0
4667 0
4668 0
4669 0
4670 0
4671 0
4672 0
4673 0
4674 0
4675 0
4676 0
4677 0
4678 0
4679 0
4680 0
4681 0
4682 0
4683 0
4684 0
4685 0
4686 0
4687 0
4688 0
4689 0
4690 0
4691 0
4692 0
4693 0
4694 0
4695 0
4696 0
4697 0
4698 0
4699 0
4700 0
4701 0
4702 0
4703 0
4704 0
4705 0
4706 0
4707 0
4708 0
4709 0
4710 0
4711 0
4712 0
4713 0
4714 0
4715 0
4716 0
4717 0
4718 0
4719 0
4720 0
4721 0
4722 0
4723 0
4724 0
4725 0
4726 0
4727 0
4728 0
4729 0
4730 0
4731 0
4732 0
4733 0
4734 0
4735 0
4736 0
4737 0
4738 0
4739 0
4740 0
4741 0
4742 0
4743 0
4744 0
4745 0
4746 0
4747 0
4748 0
4749 0
4750 0
4751 0
4752 0
4753 0
4754 0
4755 0
4756 0
4757 0
4758 0
4759 0
4760 0
4761 0
4762 0
4763 0
4764 0
4765 0
4766 0
4767 0
4768 0
4769 0
4770 0
4771 0
4772 0
4773 0
4774 0
4775 0
4776 0
4777 0
4778 0
4779 0
4780 0
4781 0
4782 0
4783 0
4784 0
4785 0
4786 0
4787 0
4788 0
4789 0
4790 0
4791 0
4792 0
4793 0
4794 0
4795 0
4796 0
4797 0
4798 0
4799 0
4800 0
4801 0
4802 0
4803 0
4804 0
4805 0
4806 0
4807 0
4808 0
4809 0
4810 0
4811 0
4812 0
4813 0
4814 0
4815 0
4816 0
4817 0
4818 0
4819 0
4820 0
4821 0
4822 0
4823 0
4824 0
4825 0
4826 0
4827 0
4828 0
4829 0
4830 0
4831 0
4832 0
4833 0
4834 0
4835 0
4836 0
4837 0
4838 0
4839 0
4840 0
4841 0
4842 0
4843 0
4844 0
4845 0
4846 0
4847 0
4848 0
4849 0
4850 0
4851 0
4852 0
4853 0
4854 0
4855 0
4856 0
4857 0
4858 0
4859 0
4860 0
4861 0
4862 0
4863 0
4864 0
4865 0
4866 0
4867 0
4868 0
4869 0
4870 0
4871 0
4872 0
4873 0
4874 0
4875 0
4876 0
4877 0
4878 0
4879 0
4880 0
4881 0
4882 0
4883 0
4884 0
4885 0
4886 0
4887 0
4888 0
4889 0
4890 0
4891 0
4892 0
4893 0
4894 0
4895 0
4896 0
4897 0
4898 0
4899 0
4900 0
4901 0
4902 0
4903 0
4904 0
4905 0
4906 0
4907 0
4908 0
4909 0
4910 0
4911 0
4912 0
4913 0
4914 0
4915 0
4916 0
4917 0
4918 0
4919 0
4920 0
4921 0
4922 0
4923 0
4924 0
4925 0
4926 0
4927 0
4928 0
4929 0
4930 0
4931 0
4932 0
4933 0
4934 0
4935 0
4936 0
4937 0
4938 0
4939 0
4940 0
4941 0
4942 0
4943 0
4944 0
4945 0
4946 0
4947 0
4948 0
4949 0
4950 0
4951 0
4952 0
4953 0
4954 0
4955 0
4956 0
4957 0
4958 0
4959 0
4960 0
4961 0
4962 0
4963 0
4964 0
4965 0
4966 0
4967 0
4968 0
4969 0
4970 0
4971 0
4972 0
4973 0
4974 0
4975 0
4976 0
4977 0
4978 0
4979 0
4980 0
4981 0
4982 0
4983 0
4984 0
4985 0
4986 0
4987 0
4988 0
4989 0
4990 0
4991 0
4992 0
4993 0
4994 0
4995 0
4996 0
4997 0
4998 0
4999 0
5000 0
5001 0
5002 0
5003 0
5004 0
5005 0
5006 0
5007 0
5008 0
5009 0
5010 0
5011 0
5012 0
5013 0
5014 0
5015 0
5016 0
5017 0
5018 0
5019 0
5020 0
5021 0
5022 0
5023 0
5024 0
5025 0
5026 0
5027 0
5028 0
5029 0
5030 0
5031 0
5032 0
5033 0
5034 0
5035 0
5036 0
5037 0
5038 0
5039 0
5040 0
5041 0
5042 0
5043 0
5044 0
5045 0
5046 0
5047 0
5048 0
5049 0
5050 0
5051 0
5052 0
5053 0
5054 0
5055 0
5056 0
5057 0
5058 0
5059 0
5060 0
5061 0
5062 0
5063 0
5064 0
5065 0
5066 0
5067 0
5068 0
5069 0
5070 0
5071 0
5072 0
5073 0
5074 0
5075 0
5076 0
5077 0
5078 0
5079 0
5080 0
5081 0
5082 0
5083 0
5084 0
5085 0
5086 0
5087 0
5088 0
5089 0
5090 0
5091 0
5092 0
5093 0
5094 0
5095 0
5096 0
5097 0
5098 0
5099 0
5100 0
5101 0
5102 0
5103 0
5104 0
5105 0
5106 0
5107 0
5108 0
5109 0
5110 0
5111 0
5112 0
5113 0
5114 0
5115 0
5116 0
5117 0
5118 0
5119 0
5120 0
5121 0
5122 0
5123 0
5124 0
5125 0
5126 0
5127 0
5128 0
5129 0
5130 0
5131 0
5132 0
5133 0
5134 0
5135 0
5136 0
5137 0
5138 0
5139 0
5140 0
5141 0
5142 0
5143 0
5144 0
5145 0
5146 0
5147 0
5148 0
5149 0
5150 0
5151 0
5152 0
5153 0
5154 0
5155 0
5156 0
5157 0
5158 0
5159 0
5160 0
5161 0
5162 0
5163 0
5164 0
5165 0
5166 0
5167 0
5168 0
5169 0
5170 0
5171 0
5172 0
5173 0
5174 0
5175 0
5176 0
5177 0
5178 0
5179 0
5180 0
5181 0
5182 0
5183 0
5184 0
5185 0
5186 0
5187 0
5188 0
5189 0
5190 0
5191 0
5192 0
5193 0
5194 0
5195 0
5196 0
5197 0
5198 0
5199 0
5200 0
5201 0
5202 0
5203 0
5204 0
5205 0
5206 0
5207 0
5208 0
5209 0
5210 0
5211 0
5212 0
5213 0
5214 0
5215 0
5216 0
5217 0
5218 0
5219 0
5220 0
5221 0
5222 0
5223 0
5224 0
5225 0
5226 0
5227 0
5228 0
5229 0
5230 0
5231 0
5232 0
5233 0
5234 0
5235 0
5236 0
5237 0
5238 0
5239 0
5240 0
5241 0
5242 0
5243 0
5244 0
5245 0
5246 0
5247 0
5248 0
5249 0
5250 0
5251 0
5252 0
5253 0
5254 0
5255 0
5256 0
5257 0
5258 0
5259 0
5260 0
5261 0
5262 0
5263 0
5264 0
5265 0
5266 0
5267 0
5268 0
5269 0
5270 0
5271 0
5272 0
5273 0
5274 0
5275 0
5276 0
5277 0
5278 0
5279 0
5280 0
5281 0
5282 0
5283 0
5284 0
5285 0
5286 0
5287 0
5288 0
5289 0
5290 0
5291 0
5292 0
5293 0
5294 0
5295 0
5296 0
5297 0
5298 0
5299 0
5300 0
5301 0
5302 0
5303 0
5304 0
5305 0
5306 0
5307 0
5308 0
5309 0
5310 0
5311 0
5312 0
5313 0
5314 0
5315 0
5316 0
5317 0
5318 0
5319 0
5320 0
5321 0
5322 0
5323 0
5324 0
5325 0
5326 0
5327 0
5328 0
5329 0
5330 0
5331 0
5332 0
5333 0
5334 0
5335 0
5336 0
5337 0
5338 0
5339 0
5340 0
5341 0
5342 0
5343 0
5344 0
5345 0
5346 0
5347 0
5348 0
5349 0
5350 0
5351 0
5352 0
5353 0
5354 0
5355 0
5356 0
5357 0
5358 0
5359 0
5360 0
5361 0
5362 0
5363 0
5364 0
5365 0
5366 0
5367 0
5368 0
5369 0
5370 0
5371 0
5372 0
5373 0
5374 0
5375 0
5376 0
5377 0
5378 0
5379 0
5380 0
5381 0
5382 0
5383 0
5384 0
5385 0
5386 0
5387 0
5388 0
5389 0
5390 0
5391 0
5392 0
5393 0
5394 0
5395 0
5396 0
5397 0
5398 0
5399 0
5400 0
5401 0
5402 0
5403 0
5404 0
5405 0
5406 0
5407 0
5408 0
5409 0
5410 0
5411 0
5412 0
5413 0
5414 0
5415 0
5416 0
5417 0
5418 0
5419 0
5420 0
5421 0
5422 0
5423 0
5424 0
5425 0
5426 0
5427 0
5428 0
5429 0
5430 0
5431 0
5432 0
5433 0
5434 0
5435 0
5436 0
5437 0
5438 0
5439 0
5440 0
5441 0
5442 0
5443 0
5444 0
5445 0
5446 0
5447 0
5448 0
5449 0
5450 0
5451 0
5452 0
5453 0
5454 0
5455 0
5456 0
5457 0
5458 0
5459 0
5460 0
5461 0
5462 0
5463 0
5464 0
5465 0
5466 0
5467 0
5468 0
5469 0
5470 0
5471 0
5472 0
5473 0
5474 0
5475 0
5476 0
5477 0
5478 0
5479 0
5480 0
5481 0
5482 0
5483 0
5484 0
5485 0
5486 0
5487 0
5488 0
5489 0
5490 0
5491 0
5492 0
5493 0
5494 0
5495 0
5496 0
5497 0
5498 0
5499 0
5500 0
5501 0
5502 0
5503 0
5504 0
5505 0
5506 0
5507 0
5508 0
5509 0
5510 0
5511 0
5512 0
5513 0
5514 0
5515 0
5516 0
5517 0
5518 0
5519 0
5520 0
5521 0
5522 0
5523 0
5524 0
5525 0
5526 0
5527 0
5528 0
5529 0
5530 0
5531 0
5532 0
5533 0
5534 0
5535 0
5536 0
5537 0
5538 0
5539 0
5540 0
5541 0
5542 0
5543 0
5544 0
5545 0
5546 0
5547 0
5548 0
5549 0
5550 0
5551 0
5552 0
5553 0
5554 0
5555 0
5556 0
5557 0
5558 0
5559 0
5560 0
5561 0
5562 0
5563 0
5564 0
5565 0
5566 0
5567 0
5568 0
5569 0
5570 0
5571 0
5572 0
5573 0
5574 0
5575 0
5576 0
5577 0
5578 0
5579 0
5580 0
5581 0
5582 0
5583 0
5584 0
5585 0
5586 0
5587 0
5588 0
5589 0
5590 0
5591 0
5592 0
5593 0
5594 0
5595 0
5596 0
5597 0
5598 0
5599 0
5600 0
5601 0
5602 0
5603 0
5604 0
5605 0
5606 0
5607 0
5608 0
5609 0
5610 0
5611 0
5612 0
5613 0
5614 0
5615 0
5616 0
5617 0
5618 0
5619 0
5620 0
5621 0
5622 0
5623 0
5624 0
5625 0
5626 0
5627 0
5628 0
5629 0
5630 0
5631 0
5632 0
5633 0
5634 0
5635 0
5636 0
5637 0
5638 0
5639 0
5640 0
5641 0
5642 0
5643 0
5644 0
5645 0
5646 0
5647 0
5648 0
5649 0
5650 0
5651 0
5652 0
5653 0
5654 0
5655 0
5656 0
5657 0
5658 0
5659 0
5660 0
5661 0
5662 0
5663 0
5664 0
5665 0
5666 0
5667 0
5668 0
5669 0
5670 0
5671 0
5672 0
5673 0
5674 0
5675 0
5676 0
5677 0
5678 0
5679 0
5680 0
5681 0
5682 0
5683 0
5684 0
5685 0
5686 0
5687 0
5688 0
5689 0
5690 0
5691 0
5692 0
5693 0
5694 0
5695 0
5696 0
5697 0
5698 0
5699 0
5700 0
5701 0
5702 0
5703 0
5704 0
5705 0
5706 0
5707 0
5708 0
5709 0
5710 0
5711 0
5712 0
5713 0
5714 0
5715 0
5716 0
5717 0
5718 0
5719 0
5720 0
5721 0
5722 0
5723 0
5724 0
5725 0
5726 0
5727 0
5728 0
5729 0
5730 0
5731 0
5732 0
5733 0
5734 0
5735 0
5736 0
5737 0
5738 0
5739 0
5740 0
5741 0
5742 0
5743 0
5744 0
5745 0
5746 0
5747 0
5748 0
5749 0
5750 0
5751 0
5752 0
5753 0
5754 0
5755 0
5756 0
5757 0
5758 0
5759 0
5760 0
5761 0
5762 0
5763 0
5764 0
5765 0
5766 0
5767 0
5768 0
5769 0
5770 0
5771 0
5772 0
5773 0
5774 0
5775 0
5776 0
5777 0
5778 0
5779 0
5780 0
5781 0
5782 0
5783 0
5784 0
5785 0
5786 0
5787 0
5788 0
5789 0
5790 0
5791 0
5792 0
5793 0
5794 0
5795 0
5796 0
5797 0
5798 0
5799 0
5800 0
5801 0
5802 0
5803 0
5804 0
5805 0
5806 0
5807 0
5808 0
5809 0
5810 0
5811 0
5812 0
5813 0
5814 0
5815 0
5816 0
5817 0
5818 0
5819 0
5820 0
5821 0
5822 0
5823 0
5824 0
5825 0
5826 0
5827 0
5828 0
5829 0
5830 0
5831 0
5832 0
5833 0
5834 0
5835 0
5836 0
5837 0
5838 0
5839 0
5840 0
5841 0
5842 0
5843 0
5844 0
5845 0
5846 0
5847 0
5848 0
5849 0
5850 0
5851 0
5852 0
5853 0
5854 0
5855 0
5856 0
5857 0
5858 0
5859 0
5860 0
5861 0
5862 0
5863 0
5864 0
5865 0
5866 0
5867 0
5868 0
5869 0
5870 0
5871 0
5872 0
5873 0
5874 0
5875 0
5876 0
5877 0
5878 0
5879 0
5880 0
5881 0
5882 0
5883 0
5884 0
5885 0
5886 0
5887 0
5888 0
5889 0
5890 0
5891 0
5892 0
5893 0
5894 0
5895 0
5896 0
5897 0
5898 0
5899 0
5900 0
5901 0
5902 0
5903 0
5904 0
5905 0
5906 0
5907 0
5908 0
5909 0
5910 0
5911 0
5912 0
5913 0
5914 0
5915 0
5916 0
5917 0
5918 0
5919 0
5920 0
5921 0
5922 0
5923 0
5924 0
5925 0
5926 0
5927 0
5928 0
5929 0
5930 0
5931 0
5932 0
5933 0
5934 0
5935 0
5936 0
5937 0
5938 0
5939 0
5940 0
5941 0
5942 0
5943 0
5944 0
5945 0
5946 0
5947 0
5948 0
5949 0
5950 0
5951 0
5952 0
5953 0
5954 0
5955 0
5956 0
5957 0
5958 0
5959 0
5960 0
5961 0
5962 0
5963 0
5964 0
5965 0
5966 0
5967 0
5968 0
5969 0
5970 0
5971 0
5972 0
5973 0
5974 0
5975 0
5976 0
5977 0
5978 0
5979 0
5980 0
5981 0
5982 0
5983 0
5984 0
5985 0
5986 0
5987 0
5988 0
5989 0
5990 0
5991 0
5992 0
5993 0
5994 0
5995 0
5996 0
5997 0
5998 0
5999 0
6000 0
6001 0
6002 0
6003 0
6004 0
6005 0
6006 0
6007 0
6008 0
6009 0
6010 0
6011 0
6012 0
6013 0
6014 0
6015 0
6016 0
6017 0
6018 0
6019 0
6020 0
6021 0
6022 0
6023 0
6024 0
6025 0
6026 0
6027 0
6028 0
6029 0
6030 0
6031 0
6032 0
6033 0
6034 0
6035 0
6036 0
6037 0
6038 0
6039 0
6040 0
6041 0
6042 0
6043 0
6044 0
6045 0
6046 0
6047 0
6048 0
6049 0
6050 0
6051 0
6052 0
6053 0
6054 0
6055 0
6056 0
6057 0
6058 0
6059 0
6060 0
6061 0
6062 0
6063 0
6064 0
6065 0
6066 0
6067 0
6068 0
6069 0
6070 0
6071 0
6072 0
6073 0
6074 0
6075 0
6076 0
6077 0
6078 0
6079 0
6080 0
6081 0
6082 0
6083 0
6084 0
6085 0
6086 0
6087 0
6088 0
6089 0
6090 0
6091 0
6092 0
6093 0
6094 0
6095 0
6096 0
6097 0
6098 0
6099 0
6100 0
6101 0
6102 0
6103 0
6104 0
6105 0
6106 0
6107 0
6108 0
6109 0
6110 0
6111 0
6112 0
6113 0
6114 0
6115 0
6116 0
6117 0
6118 0
6119 0
6120 0
6121 0
6122 0
6123 0
6124 0
6125 0
6126 0
6127 0
6128 0
6129 0
6130 0
6131 0
6132 0
6133 0
6134 0
6135 0
6136 0
6137 0
6138 0
6139 0
6140 0
6141 0
6142 0
6143 0
6144 0
6145 0
6146 0
6147 0
6148 0
6149 0
6150 0
6151 0
6152 0
6153 0
6154 0
6155 0
6156 0
6157 0
6158 0
6159 0
6160 0
6161 0
6162 0
6163 0
6164 0
6165 0
6166 0
6167 0
6168 0
6169 0
6170 0
6171 0
6172 0
6173 0
6174 0
6175 0
6176 0
6177 0
6178 0
6179 0
6180 0
6181 0
6182 0
6183 0
6184 0
6185 0
6186 0
6187 0
6188 0
6189 0
6190 0
6191 0
6192 0
6193 0
6194 0
6195 0
6196 0
6197 0
6198 0
6199 0
6200 0
6201 0
6202 0
6203 0
6204 0
6205 0
6206 0
6207 0
6208 0
6209 0
6210 0
6211 0
6212 0
6213 0
6214 0
6215 0
6216 0
6217 0
6218 0
6219 0
6220 0
6221 0
6222 0
6223 0
6224 0
6225 0
6226 0
6227 0
6228 0
6229 0
6230 0
6231 0
6232 0
6233 0
6234 0
6235 0
6236 0
6237 0
6238 0
6239 0
6240 0
6241 0
6242 0
6243 0
6244 0
6245 0
6246 0
6247 0
6248 0
6249 0
6250 0
6251 0
6252 0
6253 0
6254 0
6255 0
6256 0
6257 0
6258 0
6259 0
6260 0
6261 0
6262 0
6263 0
6264 0
6265 0
6266 0
6267 0
6268 0
6269 0
6270 0
6271 0
6272 0
6273 0
6274 0
6275 0
6276 0
6277 0
6278 0
6279 0
6280 0
6281 0
6282 0
6283 0
6284 0
6285 0
6286 0
6287 0
6288 0
6289 0
6290 0
6291 0
6292 0
6293 0
6294 0
6295 0
6296 0
6297 0
6298 0
6299 0
6300 0
6301 0
6302 0
6303 0
6304 0
6305 0
6306 0
6307 0
6308 0
6309 0
6310 0
6311 0
6312 0
6313 0
6314 0
6315 0
6316 0
6317 0
6318 0
6319 0
6320 0
6321 0
6322 0
6323 0
6324 0
6325 0
6326 0
6327 0
6328 0
6329 0
6330 0
6331 0
6332 0
6333 0
6334 0
6335 0
6336 0
6337 0
6338 0
6339 0
6340 0
6341 0
6342 0
6343 0
6344 0
6345 0
6346 0
6347 0
6348 0
6349 0
6350 0
6351 0
6352 0
6353 0
6354 0
6355 0
6356 0
6357 0
6358 0
6359 0
6360 0
6361 0
6362 0
6363 0
6364 0
6365 0
6366 0
6367 0
6368 0
6369 0
6370 0
6371 0
6372 0
6373 0
6374 0
6375 0
6376 0
6377 0
6378 0
6379 0
6380 0
6381 0
6382 0
6383 0
6384 0
6385 0
6386 0
6387 0
6388 0
6389 0
6390 0
6391 0
6392 0
6393 0
6394 0
6395 0
6396 0
6397 0
6398 0
6399 0
6400 0
6401 0
6402 0
6403 0
6404 0
6405 0
6406 0
6407 0
6408 0
6409 0
6410 0
6411 0
6412 0
6413 0
6414 0
6415 0
6416 0
6417 0
6418 0
6419 0
6420 0
6421 0
6422 0
6423 0
6424 0
6425 0
6426 0
6427 0
6428 0
6429 0
6430 0
6431 0
6432 0
6433 0
6434 0
6435 0
6436 0
6437 0
6438 0
6439 0
6440 0
6441 0
6442 0
6443 0
6444 0
6445 0
6446 0
6447 0
6448 0
6449 0
6450 0
6451 0
6452 0
6453 0
6454 0
6455 0
6456 0
6457 0
6458 0
6459 0
6460 0
6461 0
6462 0
6463 0
6464 0
6465 0
6466 0
6467 0
6468 0
6469 0
6470 0
6471 0
6472 0
6473 0
6474 0
6475 0
6476 0
6477 0
6478 0
6479 0
6480 0
6481 0
6482 0
6483 0
6484 0
6485 0
6486 0
6487 0
6488 0
6489 0
6490 0
6491 0
6492 0
6493 0
6494 0
6495 0
6496 0
6497 0
6498 0
6499 0
6500 0
6501 0
6502 0
6503 0
6504 0
6505 0
6506 0
6507 0
6508 0
6509 0
6510 0
6511 0
6512 0
6513 0
6514 0
6515 0
6516 0
6517 0
6518 0
6519 0
6520 0
6521 0
6522 0
6523 0
6524 0
6525 0
6526 0
6527 0
6528 0
6529 0
6530 0
6531 0
6532 0
6533 0
6534 0
6535 0
6536 0
6537 0
6538 0
6539 0
6540 0
6541 0
6542 0
6543 0
6544 0
6545 0
6546 0
6547 0
6548 0
6549 0
6550 0
6551 0
6552 0
6553 0
6554 0
6555 0
6556 0
6557 0
6558 0
6559 0
6560 0
6561 0
6562 0
6563 0
6564 0
6565 0
6566 0
6567 0
6568 0
6569 0
6570 0
6571 0
6572 0
6573 0
6574 0
6575 0
6576 0
6577 0
6578 0
6579 0
6580 0
6581 0
6582 0
6583 0
6584 0
6585 0
6586 0
6587 0
6588 0
6589 0
6590 0
6591 0
6592 0
6593 0
6594 0
6595 0
6596 0
6597 0
6598 0
6599 0
6600 0
6601 0
6602 0
6603 0
6604 0
6605 0
6606 0
6607 0
6608 0
6609 0
6610 0
6611 0
6612 0
6613 0
6614 0
6615 0
6616 0
6617 0
6618 0
6619 0
6620 0
6621 0
6622 0
6623 0
6624 0
6625 0
6626 0
6627 0
6628 0
6629 0
6630 0
6631 0
6632 0
6633 0
6634 0
6635 0
6636 0
6637 0
6638 0
6639 0
6640 0
6641 0
6642 0
6643 0
6644 0
6645 0
6646 0
6647 0
6648 0
6649 0
6650 0
6651 0
6652 0
6653 0
6654 0
6655 0
6656 0
6657 0
6658 0
6659 0
6660 0
6661 0
6662 0
6663 0
6664 0
6665 0
6666 0
6667 0
6668 0
6669 0
6670 0
6671 0
6672 0
6673 0
6674 0
6675 0
6676 0
6677 0
6678 0
6679 0
6680 0
6681 0
6682 0
6683 0
6684 0
6685 0
6686 0
6687 0
6688 0
6689 0
6690 0
6691 0
6692 0
6693 0
6694 0
6695 0
6696 0
6697 0
6698 0
6699 0
6700 0
6701 0
6702 0
6703 0
6704 0
6705 0
6706 0
6707 0
6708 0
6709 0
6710 0
6711 0
6712 0
6713 0
6714 0
6715 0
6716 0
6717 0
6718 0
6719 0
6720 0
6721 0
6722 0
6723 0
6724 0
6725 0
6726 0
6727 0
6728 0
6729 0
6730 0
6731 0
6732 0
6733 0
6734 0
6735 0
6736 0
6737 0
6738 0
6739 0
6740 0
6741 0
6742 0
6743 0
6744 0
6745 0
6746 0
6747 0
6748 0
6749 0
6750 0
6751 0
6752 0
6753 0
6754 0
6755 0
6756 0
6757 0
6758 0
6759 0
6760 0
6761 0
6762 0
6763 0
6764 0
6765 0
6766 0
6767 0
6768 0
6769 0
6770 0
6771 0
6772 0
6773 0
6774 0
6775 0
6776 0
6777 0
6778 0
6779 0
6780 0
6781 0
6782 0
6783 0
6784 0
6785 0
6786 0
6787 0
6788 0
6789 0
6790 0
6791 0
6792 0
6793 0
6794 0
6795 0
6796 0
6797 0
6798 0
6799 0
6800 0
6801 0
6802 0
6803 0
6804 0
6805 0
6806 0
6807 0
6808 0
6809 0
6810 0
6811 0
6812 0
6813 0
6814 0
6815 0
6816 0
6817 0
6818 0
6819 0
6820 0
6821 0
6822 0
6823 0
6824 0
6825 0
6826 0
6827 0
6828 0
6829 0
6830 0
6831 0
6832 0
6833 0
6834 0
6835 0
6836 0
6837 0
6838 0
6839 0
6840 0
6841 0
6842 0
6843 0
6844 0
6845 0
6846 0
6847 0
6848 0
6849 0
6850 0
6851 0
6852 0
6853 0
6854 0
6855 0
6856 0
6857 0
6858 0
6859 0
6860 0
6861 0
6862 0
6863 0
6864 0
6865 0
6866 0
6867 0
6868 0
6869 0
6870 0
6871 0
6872 0
6873 0
6874 0
6875 0
6876 0
6877 0
6878 0
6879 0
6880 0
6881 0
6882 0
6883 0
6884 0
6885 0
6886 0
6887 0
6888 0
6889 0
6890 0
6891 0
6892 0
6893 0
6894 0
6895 0
6896 0
6897 0
6898 0
6899 0
6900 0
6901 0
6902 0
6903 0
6904 0
6905 0
6906 0
6907 0
6908 0
6909 0
6910 0
6911 0
6912 0
6913 0
6914 0
6915 0
6916 0
6917 0
6918 0
6919 0
6920 0
6921 0
6922 0
6923 0
6924 0
6925 0
6926 0
6927 0
6928 0
6929 0
6930 0
6931 0
6932 0
6933 0
6934 0
6935 0
6936 0
6937 0
6938 0
6939 0
6940 0
6941 0
6942 0
6943 0
6944 0
6945 0
6946 0
6947 0
6948 0
6949 0
6950 0
6951 0
6952 0
6953 0
6954 0
6955 0
6956 0
6957 0
6958 0
6959 0
6960 0
6961 0
6962 0
6963 0
6964 0
6965 0
6966 0
6967 0
6968 0
6969 0
6970 0
6971 0
6972 0
6973 0
6974 0
6975 0
6976 0
6977 0
6978 0
6979 0
6980 0
6981 0
6982 0
6983 0
6984 0
6985 0
6986 0
6987 0
6988 0
6989 0
6990 0
6991 0
6992 0
6993 0
6994 0
6995 0
6996 0
6997 0
6998 0
6999 0
7000 0
7001 0
7002 0
7003 0
7004 0
7005 0
7006 0
7007 0
7008 0
7009 0
7010 0
7011 0
7012 0
7013 0
7014 0
7015 0
7016 0
7017 0
7018 0
7019 0
7020 0
7021 0
7022 0
7023 0
7024 0
7025 0
7026 0
7027 0
7028 0
7029 0
7030 0
7031 0
7032 0
7033 0
7034 0
7035 0
7036 0
7037 0
7038 0
7039 0
7040 0
7041 0
7042 0
7043 0
7044 0
7045 0
7046 0
7047 0
7048 0
7049 0
7050 0
7051 0
7052 0
7053 0
7054 0
7055 0
7056 0
