0 43.1633
1 43.1612
2 43.1591
3 43.157
4 43.1546
5 43.1522
6 43.1495
7 43.1465
8 43.1433
9 43.1397
10 43.1357
11 43.1313
12 43.1264
13 43.1211
14 43.1151
15 43.1086
16 43.1015
17 43.0937
18 43.0854
19 43.0765
20 43.067
21 43.0569
22 43.0463
23 43.0351
24 43.0235
25 43.0113
26 42.9986
27 42.9854
28 42.9717
29 42.9576
30 42.943
31 42.9279
32 42.9124
33 42.8964
34 42.88
35 42.8632
36 42.8458
37 42.828
38 42.8098
39 42.791
40 42.7719
41 42.7522
42 42.7321
43 42.7115
44 42.6904
45 42.6689
46 42.6469
47 42.6244
48 42.6014
49 42.578
50 42.5541
51 42.5297
52 42.5049
53 42.4796
54 42.4538
55 42.4276
56 42.4009
57 42.3737
58 42.3461
59 42.3181
60 42.2895
61 42.2605
62 42.2311
63 42.2012
64 42.1709
65 42.1401
66 42.1088
67 42.0771
68 42.045
69 42.0124
70 41.9794
71 41.9459
72 41.912
73 41.8777
74 41.8429
75 41.8077
76 41.7721
77 41.736
78 41.6995
79 41.6626
80 41.6253
81 41.5875
82 41.5493
83 41.5107
84 41.4717
85 41.4323
86 41.3924
87 41.3522
88 41.3115
89 41.2704
90 41.229
91 41.1871
92 41.1448
93 41.1021
94 41.059
95 41.0155
96 40.9717
97 40.9274
98 40.8827
99 40.8376
100 40.7922
101 40.7463
102 40.7
103 40.6534
104 40.6064
105 40.559
106 40.5111
107 40.463
108 40.4144
109 40.3655
110 40.3161
111 40.2664
112 40.2164
113 40.166
114 40.1152
115 40.064
116 40.0125
117 39.9606
118 39.9084
119 39.8558
120 39.8029
121 39.7496
122 39.696
123 39.6421
124 39.5878
125 39.5331
126 39.4782
127 39.4228
128 39.3672
129 39.3112
130 39.2549
131 39.1983
132 39.1414
133 39.0841
134 39.0265
135 38.9686
136 38.9104
137 38.8518
138 38.793
139 38.7339
140 38.6744
141 38.6147
142 38.5546
143 38.4942
144 38.4336
145 38.3726
146 38.3114
147 38.2499
148 38.1881
149 38.126
150 38.0636
151 38.0009
152 37.938
153 37.8748
154 37.8113
155 37.7475
156 37.6835
157 37.6192
158 37.5547
159 37.4899
160 37.4248
161 37.3595
162 37.2939
163 37.2281
164 37.162
165 37.0957
166 37.0292
167 36.9624
168 36.8953
169 36.8281
170 36.7606
171 36.6928
172 36.6248
173 36.5566
174 36.4882
175 36.4196
176 36.3507
177 36.2816
178 36.2123
179 36.1428
180 36.0731
181 36.0031
182 35.933
183 35.8627
184 35.7921
185 35.7214
186 35.6504
187 35.5793
188 35.508
189 35.4365
190 35.3648
191 35.2929
192 35.2209
193 35.1487
194 35.0763
195 35.0037
196 34.931
197 34.8581
198 34.7851
199 34.7118
200 34.6385
201 34.5649
202 34.4913
203 34.4174
204 34.3434
205 34.2693
206 34.195
207 34.1205
208 34.046
209 33.9712
210 33.8964
211 33.8214
212 33.7462
213 33.671
214 33.5956
215 33.5201
216 33.4444
217 33.3687
218 33.2928
219 33.2168
220 33.1408
221 33.0646
222 32.9883
223 32.9119
224 32.8354
225 32.7588
226 32.6821
227 32.6054
228 32.5285
229 32.4516
230 32.3745
231 32.2974
232 32.2202
233 32.1429
234 32.0655
235 31.9881
236 31.9106
237 31.8329
238 31.7553
239 31.6775
240 31.5997
241 31.5218
242 31.4439
243 31.3658
244 31.2878
245 31.2097
246 31.1315
247 31.0532
248 30.975
249 30.8966
250 30.8183
251 30.7399
252 30.6615
253 30.583
254 30.5045
255 30.426
256 30.3474
257 30.2688
258 30.1902
259 30.1116
260 30.033
261 29.9543
262 29.8756
263 29.7969
264 29.7182
265 29.6395
266 29.5607
267 29.482
268 29.4032
269 29.3244
270 29.2456
271 29.1668
272 29.088
273 29.0093
274 28.9305
275 28.8517
276 28.7729
277 28.6942
278 28.6154
279 28.5367
280 28.458
281 28.3793
282 28.3007
283 28.222
284 28.1434
285 28.0649
286 27.9863
287 27.9078
288 27.8294
289 27.7509
290 27.6725
291 27.5942
292 27.5159
293 27.4376
294 27.3593
295 27.2812
296 27.203
297 27.1249
298 27.0469
299 26.9689
300 26.8909
301 26.813
302 26.7352
303 26.6574
304 26.5797
305 26.502
306 26.4244
307 26.3469
308 26.2694
309 26.192
310 26.1146
311 26.0373
312 25.9601
313 25.883
314 25.806
315 25.729
316 25.6521
317 25.5752
318 25.4985
319 25.4218
320 25.3453
321 25.2688
322 25.1924
323 25.1161
324 25.0398
325 24.9637
326 24.8877
327 24.8117
328 24.7359
329 24.6602
330 24.5845
331 24.509
332 24.4335
333 24.3582
334 24.283
335 24.2078
336 24.1328
337 24.0579
338 23.9831
339 23.9084
340 23.8338
341 23.7593
342 23.6849
343 23.6106
344 23.5365
345 23.4624
346 23.3885
347 23.3146
348 23.2409
349 23.1673
350 23.0939
351 23.0205
352 22.9473
353 22.8742
354 22.8012
355 22.7283
356 22.6556
357 22.583
358 22.5105
359 22.4382
360 22.366
361 22.2939
362 22.222
363 22.1502
364 22.0786
365 22.007
366 21.9357
367 21.8644
368 21.7933
369 21.7224
370 21.6516
371 21.5809
372 21.5104
373 21.44
374 21.3697
375 21.2996
376 21.2296
377 21.1598
378 21.0901
379 21.0206
380 20.9512
381 20.882
382 20.8129
383 20.7439
384 20.6751
385 20.6065
386 20.538
387 20.4697
388 20.4015
389 20.3335
390 20.2656
391 20.1979
392 20.1304
393 20.063
394 19.9957
395 19.9287
396 19.8618
397 19.795
398 19.7285
399 19.662
400 19.5958
401 19.5297
402 19.4638
403 19.398
404 19.3324
405 19.2669
406 19.2017
407 19.1365
408 19.0716
409 19.0068
410 18.9421
411 18.8777
412 18.8134
413 18.7492
414 18.6852
415 18.6214
416 18.5578
417 18.4943
418 18.431
419 18.3678
420 18.3049
421 18.2421
422 18.1794
423 18.117
424 18.0547
425 17.9925
426 17.9306
427 17.8688
428 17.8072
429 17.7458
430 17.6845
431 17.6234
432 17.5625
433 17.5018
434 17.4412
435 17.3808
436 17.3206
437 17.2605
438 17.2007
439 17.141
440 17.0814
441 17.0221
442 16.9629
443 16.9039
444 16.8451
445 16.7864
446 16.7279
447 16.6696
448 16.6115
449 16.5535
450 16.4957
451 16.4381
452 16.3807
453 16.3235
454 16.2664
455 16.2095
456 16.1528
457 16.0962
458 16.0399
459 15.9837
460 15.9277
461 15.8718
462 15.8162
463 15.7607
464 15.7054
465 15.6503
466 15.5953
467 15.5405
468 15.4859
469 15.4315
470 15.3773
471 15.3232
472 15.2693
473 15.2155
474 15.162
475 15.1086
476 15.0554
477 15.0024
478 14.9495
479 14.8968
480 14.8443
481 14.792
482 14.7398
483 14.6878
484 14.636
485 14.5844
486 14.5329
487 14.4816
488 14.4305
489 14.3796
490 14.3288
491 14.2782
492 14.2278
493 14.1776
494 14.1275
495 14.0777
496 14.0279
497 13.9784
498 13.929
499 13.8799
500 13.8308
501 13.782
502 13.7333
503 13.6848
504 13.6365
505 13.5883
506 13.5403
507 13.4925
508 13.4448
509 13.3973
510 13.35
511 13.3029
512 13.2559
513 13.2091
514 13.1624
515 13.1159
516 13.0696
517 13.0235
518 12.9775
519 12.9317
520 12.8861
521 12.8406
522 12.7953
523 12.7502
524 12.7052
525 12.6604
526 12.6158
527 12.5713
528 12.527
529 12.4829
530 12.4389
531 12.3951
532 12.3515
533 12.308
534 12.2647
535 12.2216
536 12.1786
537 12.1357
538 12.0931
539 12.0506
540 12.0082
541 11.966
542 11.924
543 11.8822
544 11.8404
545 11.7989
546 11.7575
547 11.7163
548 11.6752
549 11.6343
550 11.5935
551 11.5529
552 11.5125
553 11.4722
554 11.4321
555 11.3921
556 11.3523
557 11.3126
558 11.2731
559 11.2337
560 11.1945
561 11.1555
562 11.1166
563 11.0778
564 11.0393
565 11.0008
566 10.9625
567 10.9244
568 10.8864
569 10.8486
570 10.8109
571 10.7734
572 10.736
573 10.6987
574 10.6616
575 10.6247
576 10.5879
577 10.5512
578 10.5147
579 10.4784
580 10.4422
581 10.4061
582 10.3702
583 10.3344
584 10.2987
585 10.2633
586 10.2279
587 10.1927
588 10.1576
589 10.1227
590 10.0879
591 10.0533
592 10.0188
593 9.98445
594 9.95024
595 9.91616
596 9.88223
597 9.84844
598 9.81478
599 9.78126
600 9.74788
601 9.71464
602 9.68153
603 9.64856
604 9.61572
605 9.58302
606 9.55045
607 9.51801
608 9.48571
609 9.45354
610 9.4215
611 9.38959
612 9.35782
613 9.32617
614 9.29465
615 9.26327
616 9.23201
617 9.20088
618 9.16989
619 9.13902
620 9.10827
621 9.07766
622 9.04718
623 9.01682
624 8.98658
625 8.95648
626 8.9265
627 8.89665
628 8.86692
629 8.83732
630 8.80784
631 8.77848
632 8.74925
633 8.72015
634 8.69116
635 8.6623
636 8.63356
637 8.60494
638 8.57644
639 8.54806
640 8.5198
641 8.49165
642 8.46363
643 8.43572
644 8.40794
645 8.38026
646 8.35271
647 8.32527
648 8.29794
649 8.27073
650 8.24364
651 8.21665
652 8.18979
653 8.16303
654 8.13639
655 8.10987
656 8.08345
657 8.05715
658 8.03096
659 8.00488
660 7.97891
661 7.95305
662 7.9273
663 7.90166
664 7.87613
665 7.85072
666 7.8254
667 7.8002
668 7.77511
669 7.75012
670 7.72524
671 7.70046
672 7.6758
673 7.65123
674 7.62677
675 7.60242
676 7.57817
677 7.55402
678 7.52998
679 7.50604
680 7.4822
681 7.45846
682 7.43482
683 7.41128
684 7.38784
685 7.36451
686 7.34127
687 7.31813
688 7.29509
689 7.27215
690 7.24931
691 7.22656
692 7.20391
693 7.18136
694 7.1589
695 7.13655
696 7.11428
697 7.09212
698 7.07004
699 7.04807
700 7.02618
701 7.0044
702 6.9827
703 6.9611
704 6.93959
705 6.91817
706 6.89685
707 6.87562
708 6.85448
709 6.83342
710 6.81246
711 6.79159
712 6.77081
713 6.75012
714 6.72952
715 6.709
716 6.68857
717 6.66823
718 6.64797
719 6.62781
720 6.60772
721 6.58773
722 6.56782
723 6.54799
724 6.52825
725 6.50859
726 6.48901
727 6.46952
728 6.45012
729 6.43079
730 6.41155
731 6.39239
732 6.37332
733 6.35432
734 6.33541
735 6.31658
736 6.29783
737 6.27916
738 6.26057
739 6.24205
740 6.22362
741 6.20527
742 6.187
743 6.1688
744 6.15068
745 6.13264
746 6.11468
747 6.09679
748 6.07898
749 6.06125
750 6.04359
751 6.02601
752 6.0085
753 5.99106
754 5.9737
755 5.95641
756 5.9392
757 5.92206
758 5.90499
759 5.88799
760 5.87106
761 5.85421
762 5.83743
763 5.82071
764 5.80407
765 5.7875
766 5.771
767 5.75457
768 5.73821
769 5.72191
770 5.70569
771 5.68954
772 5.67345
773 5.65743
774 5.64148
775 5.6256
776 5.60979
777 5.59404
778 5.57836
779 5.56274
780 5.54719
781 5.53171
782 5.5163
783 5.50094
784 5.48566
785 5.47043
786 5.45528
787 5.44018
788 5.42515
789 5.41018
790 5.39528
791 5.38043
792 5.36565
793 5.35093
794 5.33627
795 5.32168
796 5.30714
797 5.29266
798 5.27824
799 5.26389
800 5.24959
801 5.23535
802 5.22117
803 5.20705
804 5.19299
805 5.17899
806 5.16504
807 5.15116
808 5.13733
809 5.12356
810 5.10984
811 5.09618
812 5.08258
813 5.06904
814 5.05555
815 5.04212
816 5.02874
817 5.01542
818 5.00216
819 4.98895
820 4.97579
821 4.96269
822 4.94964
823 4.93665
824 4.92371
825 4.91083
826 4.89799
827 4.88521
828 4.87248
829 4.85981
830 4.84718
831 4.83461
832 4.82209
833 4.80962
834 4.7972
835 4.78483
836 4.77251
837 4.76024
838 4.74802
839 4.73584
840 4.72372
841 4.71165
842 4.69963
843 4.68765
844 4.67572
845 4.66384
846 4.65201
847 4.64023
848 4.62849
849 4.6168
850 4.60516
851 4.59357
852 4.58202
853 4.57052
854 4.55907
855 4.54766
856 4.53629
857 4.52498
858 4.51371
859 4.50248
860 4.4913
861 4.48016
862 4.46907
863 4.45802
864 4.44702
865 4.43606
866 4.42514
867 4.41427
868 4.40344
869 4.39266
870 4.38191
871 4.37121
872 4.36055
873 4.34993
874 4.33936
875 4.32882
876 4.31833
877 4.30788
878 4.29747
879 4.2871
880 4.27677
881 4.26648
882 4.25623
883 4.24602
884 4.23585
885 4.22572
886 4.21563
887 4.20558
888 4.19557
889 4.1856
890 4.17566
891 4.16577
892 4.15591
893 4.14609
894 4.13631
895 4.12656
896 4.11686
897 4.10719
898 4.09756
899 4.08797
900 4.07841
901 4.06889
902 4.05941
903 4.04996
904 4.04055
905 4.03118
906 4.02184
907 4.01254
908 4.00327
909 3.99404
910 3.98485
911 3.97569
912 3.96656
913 3.95747
914 3.94841
915 3.93939
916 3.9304
917 3.92144
918 3.91252
919 3.90363
920 3.89478
921 3.88596
922 3.87717
923 3.86841
924 3.85969
925 3.851
926 3.84234
927 3.83371
928 3.82512
929 3.81656
930 3.80803
931 3.79953
932 3.79106
933 3.78263
934 3.77422
935 3.76585
936 3.75751
937 3.74919
938 3.74091
939 3.73266
940 3.72444
941 3.71625
942 3.70809
943 3.69996
944 3.69186
945 3.68379
946 3.67575
947 3.66774
948 3.65976
949 3.65181
950 3.64388
951 3.63599
952 3.62812
953 3.62028
954 3.61247
955 3.60469
956 3.59694
957 3.58921
958 3.58151
959 3.57384
960 3.5662
961 3.55858
962 3.55099
963 3.54343
964 3.5359
965 3.52839
966 3.52091
967 3.51346
968 3.50603
969 3.49863
970 3.49125
971 3.4839
972 3.47658
973 3.46928
974 3.46201
975 3.45476
976 3.44754
977 3.44035
978 3.43318
979 3.42603
980 3.41891
981 3.41181
982 3.40474
983 3.3977
984 3.39067
985 3.38368
986 3.3767
987 3.36975
988 3.36283
989 3.35592
990 3.34904
991 3.34219
992 3.33536
993 3.32855
994 3.32177
995 3.315
996 3.30827
997 3.30155
998 3.29486
999 3.28819
1000 3.28154
1001 3.27492
1002 3.26832
1003 3.26174
1004 3.25519
1005 3.24865
1006 3.24214
1007 3.23565
1008 3.22918
1009 3.22274
1010 3.21632
1011 3.20991
1012 3.20353
1013 3.19718
1014 3.19084
1015 3.18452
1016 3.17823
1017 3.17195
1018 3.1657
1019 3.15947
1020 3.15326
1021 3.14706
1022 3.14089
1023 3.13474
1024 3.12861
1025 3.1225
1026 3.11641
1027 3.11034
1028 3.10429
1029 3.09825
1030 3.09224
1031 3.08625
1032 3.08027
1033 3.07432
1034 3.06838
1035 3.06246
1036 3.05656
1037 3.05068
1038 3.04482
1039 3.03898
1040 3.03316
1041 3.02735
1042 3.02156
1043 3.0158
1044 3.01005
1045 3.00432
1046 2.9986
1047 2.99291
1048 2.98723
1049 2.98157
1050 2.97593
1051 2.97031
1052 2.96471
1053 2.95912
1054 2.95355
1055 2.948
1056 2.94247
1057 2.93695
1058 2.93145
1059 2.92597
1060 2.92051
1061 2.91506
1062 2.90963
1063 2.90422
1064 2.89882
1065 2.89345
1066 2.88808
1067 2.88274
1068 2.87741
1069 2.8721
1070 2.8668
1071 2.86152
1072 2.85626
1073 2.85101
1074 2.84578
1075 2.84056
1076 2.83536
1077 2.83018
1078 2.82501
1079 2.81986
1080 2.81472
1081 2.8096
1082 2.80449
1083 2.7994
1084 2.79433
1085 2.78926
1086 2.78422
1087 2.77919
1088 2.77417
1089 2.76917
1090 2.76418
1091 2.75921
1092 2.75425
1093 2.74931
1094 2.74438
1095 2.73947
1096 2.73457
1097 2.72969
1098 2.72481
1099 2.71996
1100 2.71511
1101 2.71029
1102 2.70547
1103 2.70067
1104 2.69588
1105 2.69111
1106 2.68635
1107 2.6816
1108 2.67687
1109 2.67215
1110 2.66745
1111 2.66275
1112 2.65808
1113 2.65341
1114 2.64876
1115 2.64412
1116 2.6395
1117 2.63488
1118 2.63028
1119 2.6257
1120 2.62113
1121 2.61657
1122 2.61202
1123 2.60749
1124 2.60297
1125 2.59846
1126 2.59396
1127 2.58948
1128 2.58501
1129 2.58056
1130 2.57611
1131 2.57168
1132 2.56726
1133 2.56286
1134 2.55846
1135 2.55408
1136 2.54971
1137 2.54535
1138 2.54101
1139 2.53667
1140 2.53235
1141 2.52804
1142 2.52375
1143 2.51946
1144 2.51519
1145 2.51093
1146 2.50668
1147 2.50244
1148 2.49821
1149 2.49399
1150 2.48979
1151 2.48559
1152 2.48141
1153 2.47724
1154 2.47308
1155 2.46893
1156 2.4648
1157 2.46067
1158 2.45656
1159 2.45245
1160 2.44836
1161 2.44428
1162 2.4402
1163 2.43614
1164 2.43209
1165 2.42805
1166 2.42402
1167 2.42001
1168 2.416
1169 2.412
1170 2.40801
1171 2.40404
1172 2.40007
1173 2.39611
1174 2.39217
1175 2.38823
1176 2.38431
1177 2.38039
1178 2.37649
1179 2.37259
1180 2.36871
1181 2.36483
1182 2.36097
1183 2.35711
1184 2.35327
1185 2.34943
1186 2.34561
1187 2.34179
1188 2.33799
1189 2.33419
1190 2.3304
1191 2.32663
1192 2.32286
1193 2.3191
1194 2.31535
1195 2.31162
1196 2.30789
1197 2.30417
1198 2.30046
1199 2.29676
1200 2.29306
1201 2.28938
1202 2.28571
1203 2.28205
1204 2.27839
1205 2.27475
1206 2.27111
1207 2.26748
1208 2.26386
1209 2.26025
1210 2.25665
1211 2.25306
1212 2.24948
1213 2.24591
1214 2.24234
1215 2.23879
1216 2.23524
1217 2.2317
1218 2.22817
1219 2.22465
1220 2.22114
1221 2.21763
1222 2.21414
1223 2.21065
1224 2.20717
1225 2.2037
1226 2.20023
1227 2.19678
1228 2.19333
1229 2.1899
1230 2.18647
1231 2.18304
1232 2.17963
1233 2.17622
1234 2.17283
1235 2.16944
1236 2.16605
1237 2.16268
1238 2.15931
1239 2.15595
1240 2.1526
1241 2.14926
1242 2.14593
1243 2.1426
1244 2.13928
1245 2.13597
1246 2.13267
1247 2.12937
1248 2.12608
1249 2.1228
1250 2.11953
1251 2.11626
1252 2.113
1253 2.10975
1254 2.10651
1255 2.10328
1256 2.10005
1257 2.09683
1258 2.09362
1259 2.09041
1260 2.08721
1261 2.08402
1262 2.08084
1263 2.07766
1264 2.0745
1265 2.07133
1266 2.06818
1267 2.06503
1268 2.06189
1269 2.05876
1270 2.05564
1271 2.05252
1272 2.04941
1273 2.0463
1274 2.0432
1275 2.04011
1276 2.03703
1277 2.03395
1278 2.03088
1279 2.02782
1280 2.02477
1281 2.02172
1282 2.01867
1283 2.01564
1284 2.01261
1285 2.00959
1286 2.00657
1287 2.00356
1288 2.00056
1289 1.99756
1290 1.99457
1291 1.99159
1292 1.98861
1293 1.98564
1294 1.98268
1295 1.97972
1296 1.97677
1297 1.97383
1298 1.97089
1299 1.96796
1300 1.96503
1301 1.96212
1302 1.9592
1303 1.9563
1304 1.9534
1305 1.9505
1306 1.94761
1307 1.94473
1308 1.94186
1309 1.93899
1310 1.93613
1311 1.93327
1312 1.93042
1313 1.92757
1314 1.92473
1315 1.9219
1316 1.91907
1317 1.91625
1318 1.91343
1319 1.91063
1320 1.90782
1321 1.90502
1322 1.90223
1323 1.89945
1324 1.89667
1325 1.89389
1326 1.89112
1327 1.88836
1328 1.8856
1329 1.88285
1330 1.8801
1331 1.87736
1332 1.87463
1333 1.8719
1334 1.86918
1335 1.86646
1336 1.86375
1337 1.86104
1338 1.85834
1339 1.85565
1340 1.85296
1341 1.85027
1342 1.8476
1343 1.84492
1344 1.84226
1345 1.83959
1346 1.83694
1347 1.83429
1348 1.83164
1349 1.829
1350 1.82636
1351 1.82374
1352 1.82111
1353 1.81849
1354 1.81588
1355 1.81327
1356 1.81067
1357 1.80807
1358 1.80548
1359 1.80289
1360 1.80031
1361 1.79773
1362 1.79516
1363 1.79259
1364 1.79003
1365 1.78748
1366 1.78492
1367 1.78238
1368 1.77984
1369 1.7773
1370 1.77477
1371 1.77225
1372 1.76972
1373 1.76721
1374 1.7647
1375 1.76219
1376 1.75969
1377 1.7572
1378 1.75471
1379 1.75222
1380 1.74974
1381 1.74726
1382 1.74479
1383 1.74232
1384 1.73986
1385 1.73741
1386 1.73495
1387 1.73251
1388 1.73006
1389 1.72762
1390 1.72519
1391 1.72276
1392 1.72034
1393 1.71792
1394 1.7155
1395 1.71309
1396 1.71069
1397 1.70829
1398 1.70589
1399 1.7035
1400 1.70111
1401 1.69873
1402 1.69635
1403 1.69397
1404 1.6916
1405 1.68924
1406 1.68688
1407 1.68452
1408 1.68217
1409 1.67982
1410 1.67748
1411 1.67514
1412 1.6728
1413 1.67047
1414 1.66814
1415 1.66582
1416 1.66351
1417 1.66119
1418 1.65888
1419 1.65658
1420 1.65428
1421 1.65198
1422 1.64969
1423 1.6474
1424 1.64512
1425 1.64284
1426 1.64057
1427 1.6383
1428 1.63603
1429 1.63377
1430 1.63151
1431 1.62926
1432 1.62701
1433 1.62476
1434 1.62252
1435 1.62029
1436 1.61805
1437 1.61582
1438 1.6136
1439 1.61138
1440 1.60916
1441 1.60695
1442 1.60474
1443 1.60254
1444 1.60034
1445 1.59815
1446 1.59595
1447 1.59377
1448 1.59158
1449 1.5894
1450 1.58723
1451 1.58505
1452 1.58289
1453 1.58072
1454 1.57856
1455 1.57641
1456 1.57425
1457 1.57211
1458 1.56996
1459 1.56782
1460 1.56568
1461 1.56355
1462 1.56142
1463 1.5593
1464 1.55718
1465 1.55506
1466 1.55294
1467 1.55083
1468 1.54873
1469 1.54662
1470 1.54452
1471 1.54243
1472 1.54034
1473 1.53825
1474 1.53617
1475 1.53409
1476 1.53201
1477 1.52993
1478 1.52787
1479 1.5258
1480 1.52374
1481 1.52168
1482 1.51962
1483 1.51757
1484 1.51552
1485 1.51348
1486 1.51144
1487 1.5094
1488 1.50737
1489 1.50534
1490 1.50331
1491 1.50129
1492 1.49927
1493 1.49726
1494 1.49524
1495 1.49323
1496 1.49123
1497 1.48923
1498 1.48723
1499 1.48523
1500 1.48324
1501 1.48125
1502 1.47927
1503 1.47729
1504 1.47531
1505 1.47334
1506 1.47137
1507 1.4694
1508 1.46744
1509 1.46548
1510 1.46352
1511 1.46156
1512 1.45961
1513 1.45767
1514 1.45572
1515 1.45378
1516 1.45184
1517 1.44991
1518 1.44798
1519 1.44605
1520 1.44413
1521 1.44221
1522 1.44029
1523 1.43838
1524 1.43646
1525 1.43456
1526 1.43265
1527 1.43075
1528 1.42885
1529 1.42696
1530 1.42507
1531 1.42318
1532 1.42129
1533 1.41941
1534 1.41753
1535 1.41565
1536 1.41378
1537 1.41191
1538 1.41004
1539 1.40818
1540 1.40632
1541 1.40446
1542 1.40261
1543 1.40076
1544 1.39891
1545 1.39706
1546 1.39522
1547 1.39338
1548 1.39155
1549 1.38972
1550 1.38789
1551 1.38606
1552 1.38424
1553 1.38242
1554 1.3806
1555 1.37878
1556 1.37697
1557 1.37516
1558 1.37336
1559 1.37156
1560 1.36976
1561 1.36796
1562 1.36617
1563 1.36438
1564 1.36259
1565 1.36081
1566 1.35902
1567 1.35725
1568 1.35547
1569 1.3537
1570 1.35193
1571 1.35016
1572 1.3484
1573 1.34664
1574 1.34488
1575 1.34313
1576 1.34137
1577 1.33962
1578 1.33788
1579 1.33613
1580 1.33439
1581 1.33266
1582 1.33092
1583 1.32919
1584 1.32746
1585 1.32573
1586 1.32401
1587 1.32229
1588 1.32057
1589 1.31886
1590 1.31714
1591 1.31543
1592 1.31373
1593 1.31202
1594 1.31032
1595 1.30862
1596 1.30693
1597 1.30523
1598 1.30354
1599 1.30186
1600 1.30017
1601 1.29849
1602 1.29681
1603 1.29513
1604 1.29346
1605 1.29179
1606 1.29012
1607 1.28845
1608 1.28679
1609 1.28513
1610 1.28347
1611 1.28181
1612 1.28016
1613 1.27851
1614 1.27686
1615 1.27522
1616 1.27357
1617 1.27193
1618 1.2703
1619 1.26866
1620 1.26703
1621 1.2654
1622 1.26377
1623 1.26215
1624 1.26053
1625 1.25891
1626 1.25729
1627 1.25568
1628 1.25407
1629 1.25246
1630 1.25085
1631 1.24925
1632 1.24765
1633 1.24605
1634 1.24445
1635 1.24286
1636 1.24127
1637 1.23968
1638 1.23809
1639 1.23651
1640 1.23493
1641 1.23335
1642 1.23177
1643 1.2302
1644 1.22863
1645 1.22706
1646 1.22549
1647 1.22393
1648 1.22237
1649 1.22081
1650 1.21925
1651 1.2177
1652 1.21615
1653 1.2146
1654 1.21305
1655 1.21151
1656 1.20996
1657 1.20842
1658 1.20689
1659 1.20535
1660 1.20382
1661 1.20229
1662 1.20076
1663 1.19924
1664 1.19771
1665 1.19619
1666 1.19467
1667 1.19316
1668 1.19165
1669 1.19013
1670 1.18863
1671 1.18712
1672 1.18561
1673 1.18411
1674 1.18261
1675 1.18112
1676 1.17962
1677 1.17813
1678 1.17664
1679 1.17515
1680 1.17367
1681 1.17218
1682 1.1707
1683 1.16922
1684 1.16775
1685 1.16627
1686 1.1648
1687 1.16333
1688 1.16186
1689 1.1604
1690 1.15893
1691 1.15747
1692 1.15601
1693 1.15456
1694 1.1531
1695 1.15165
1696 1.1502
1697 1.14876
1698 1.14731
1699 1.14587
1700 1.14443
1701 1.14299
1702 1.14155
1703 1.14012
1704 1.13869
1705 1.13726
1706 1.13583
1707 1.1344
1708 1.13298
1709 1.13156
1710 1.13014
1711 1.12872
1712 1.12731
1713 1.1259
1714 1.12449
1715 1.12308
1716 1.12167
1717 1.12027
1718 1.11887
1719 1.11747
1720 1.11607
1721 1.11468
1722 1.11328
1723 1.11189
1724 1.1105
1725 1.10912
1726 1.10773
1727 1.10635
1728 1.10497
1729 1.10359
1730 1.10221
1731 1.10084
1732 1.09947
1733 1.0981
1734 1.09673
1735 1.09536
1736 1.094
1737 1.09264
1738 1.09128
1739 1.08992
1740 1.08856
1741 1.08721
1742 1.08586
1743 1.08451
1744 1.08316
1745 1.08181
1746 1.08047
1747 1.07913
1748 1.07779
1749 1.07645
1750 1.07512
1751 1.07378
1752 1.07245
1753 1.07112
1754 1.06979
1755 1.06847
1756 1.06714
1757 1.06582
1758 1.0645
1759 1.06319
1760 1.06187
1761 1.06056
1762 1.05924
1763 1.05793
1764 1.05663
1765 1.05532
1766 1.05402
1767 1.05271
1768 1.05141
1769 1.05012
1770 1.04882
1771 1.04752
1772 1.04623
1773 1.04494
1774 1.04365
1775 1.04237
1776 1.04108
1777 1.0398
1778 1.03852
1779 1.03724
1780 1.03596
1781 1.03469
1782 1.03341
1783 1.03214
1784 1.03087
1785 1.0296
1786 1.02834
1787 1.02707
1788 1.02581
1789 1.02455
1790 1.02329
1791 1.02204
1792 1.02078
1793 1.01953
1794 1.01828
1795 1.01703
1796 1.01578
1797 1.01454
1798 1.01329
1799 1.01205
1800 1.01081
1801 1.00957
1802 1.00834
1803 1.0071
1804 1.00587
1805 1.00464
1806 1.00341
1807 1.00218
1808 1.00096
1809 0.999732
1810 0.99851
1811 0.99729
1812 0.996072
1813 0.994856
1814 0.993641
1815 0.992428
1816 0.991217
1817 0.990008
1818 0.9888
1819 0.987594
1820 0.98639
1821 0.985188
1822 0.983988
1823 0.982789
1824 0.981592
1825 0.980397
1826 0.979203
1827 0.978011
1828 0.976822
1829 0.975633
1830 0.974447
1831 0.973262
1832 0.972079
1833 0.970898
1834 0.969718
1835 0.96854
1836 0.967364
1837 0.966189
1838 0.965017
1839 0.963846
1840 0.962676
1841 0.961509
1842 0.960343
1843 0.959179
1844 0.958016
1845 0.956855
1846 0.955696
1847 0.954538
1848 0.953383
1849 0.952228
1850 0.951076
1851 0.949925
1852 0.948776
1853 0.947629
1854 0.946483
1855 0.945339
1856 0.944196
1857 0.943055
1858 0.941916
1859 0.940778
1860 0.939642
1861 0.938508
1862 0.937375
1863 0.936244
1864 0.935115
1865 0.933987
1866 0.932861
1867 0.931736
1868 0.930613
1869 0.929492
1870 0.928372
1871 0.927254
1872 0.926138
1873 0.925023
1874 0.923909
1875 0.922798
1876 0.921688
1877 0.920579
1878 0.919472
1879 0.918367
1880 0.917263
1881 0.91616
1882 0.91506
1883 0.913961
1884 0.912863
1885 0.911767
1886 0.910673
1887 0.90958
1888 0.908489
1889 0.907399
1890 0.906311
1891 0.905224
1892 0.904139
1893 0.903056
1894 0.901974
1895 0.900893
1896 0.899814
1897 0.898737
1898 0.897661
1899 0.896587
1900 0.895514
1901 0.894443
1902 0.893373
1903 0.892305
1904 0.891239
1905 0.890174
1906 0.88911
1907 0.888048
1908 0.886987
1909 0.885928
1910 0.884871
1911 0.883815
1912 0.88276
1913 0.881707
1914 0.880656
1915 0.879606
1916 0.878557
1917 0.87751
1918 0.876465
1919 0.875421
1920 0.874378
1921 0.873337
1922 0.872297
1923 0.871259
1924 0.870223
1925 0.869187
1926 0.868154
1927 0.867121
1928 0.866091
1929 0.865061
1930 0.864034
1931 0.863007
1932 0.861982
1933 0.860959
1934 0.859937
1935 0.858916
1936 0.857897
1937 0.856879
1938 0.855863
1939 0.854848
1940 0.853835
1941 0.852823
1942 0.851813
1943 0.850804
1944 0.849796
1945 0.84879
1946 0.847785
1947 0.846782
1948 0.84578
1949 0.844779
1950 0.84378
1951 0.842783
1952 0.841786
1953 0.840791
1954 0.839798
1955 0.838806
1956 0.837815
1957 0.836826
1958 0.835838
1959 0.834852
1960 0.833867
1961 0.832883
1962 0.831901
1963 0.83092
1964 0.82994
1965 0.828962
1966 0.827985
1967 0.82701
1968 0.826036
1969 0.825063
1970 0.824092
1971 0.823122
1972 0.822154
1973 0.821187
1974 0.820221
1975 0.819256
1976 0.818293
1977 0.817331
1978 0.816371
1979 0.815412
1980 0.814454
1981 0.813498
1982 0.812543
1983 0.811589
1984 0.810637
1985 0.809686
1986 0.808736
1987 0.807788
1988 0.806841
1989 0.805895
1990 0.80495
1991 0.804007
1992 0.803066
1993 0.802125
1994 0.801186
1995 0.800248
1996 0.799311
1997 0.798376
1998 0.797442
1999 0.79651
2000 0.795578
2001 0.794648
2002 0.79372
2003 0.792792
2004 0.791866
2005 0.790941
2006 0.790017
2007 0.789095
2008 0.788174
2009 0.787254
2010 0.786336
2011 0.785418
2012 0.784502
2013 0.783588
2014 0.782674
2015 0.781762
2016 0.780851
2017 0.779941
2018 0.779033
2019 0.778126
2020 0.77722
2021 0.776315
2022 0.775412
2023 0.77451
2024 0.773609
2025 0.772709
2026 0.771811
2027 0.770914
2028 0.770018
2029 0.769123
2030 0.76823
2031 0.767337
2032 0.766446
2033 0.765557
2034 0.764668
2035 0.763781
2036 0.762895
2037 0.76201
2038 0.761126
2039 0.760244
2040 0.759363
2041 0.758483
2042 0.757604
2043 0.756727
2044 0.75585
2045 0.754975
2046 0.754101
2047 0.753229
2048 0.752357
2049 0.751487
2050 0.750618
2051 0.74975
2052 0.748883
2053 0.748018
2054 0.747154
2055 0.746291
2056 0.745429
2057 0.744568
2058 0.743709
2059 0.74285
2060 0.741993
2061 0.741137
2062 0.740282
2063 0.739429
2064 0.738576
2065 0.737725
2066 0.736875
2067 0.736026
2068 0.735179
2069 0.734332
2070 0.733487
2071 0.732642
2072 0.731799
2073 0.730958
2074 0.730117
2075 0.729277
2076 0.728439
2077 0.727602
2078 0.726766
2079 0.725931
2080 0.725097
2081 0.724264
2082 0.723433
2083 0.722602
2084 0.721773
2085 0.720945
2086 0.720118
2087 0.719292
2088 0.718468
2089 0.717644
2090 0.716822
2091 0.716
2092 0.71518
2093 0.714361
2094 0.713543
2095 0.712727
2096 0.711911
2097 0.711096
2098 0.710283
2099 0.709471
2100 0.70866
2101 0.707849
2102 0.707041
2103 0.706233
2104 0.705426
2105 0.70462
2106 0.703816
2107 0.703012
2108 0.70221
2109 0.701409
2110 0.700608
2111 0.699809
2112 0.699011
2113 0.698215
2114 0.697419
2115 0.696624
2116 0.69583
2117 0.695038
2118 0.694246
2119 0.693456
2120 0.692667
2121 0.691878
2122 0.691091
2123 0.690305
2124 0.68952
2125 0.688736
2126 0.687953
2127 0.687171
2128 0.686391
2129 0.685611
2130 0.684832
2131 0.684055
2132 0.683278
2133 0.682503
2134 0.681728
2135 0.680955
2136 0.680183
2137 0.679411
2138 0.678641
2139 0.677872
2140 0.677104
2141 0.676337
2142 0.67557
2143 0.674805
2144 0.674041
2145 0.673278
2146 0.672516
2147 0.671756
2148 0.670996
2149 0.670237
2150 0.669479
2151 0.668722
2152 0.667966
2153 0.667211
2154 0.666458
2155 0.665705
2156 0.664953
2157 0.664202
2158 0.663453
2159 0.662704
2160 0.661956
2161 0.66121
2162 0.660464
2163 0.659719
2164 0.658975
2165 0.658233
2166 0.657491
2167 0.65675
2168 0.65601
2169 0.655272
2170 0.654534
2171 0.653797
2172 0.653061
2173 0.652327
2174 0.651593
2175 0.65086
2176 0.650128
2177 0.649397
2178 0.648668
2179 0.647939
2180 0.647211
2181 0.646484
2182 0.645758
2183 0.645033
2184 0.644309
2185 0.643586
2186 0.642864
2187 0.642143
2188 0.641422
2189 0.640703
2190 0.639985
2191 0.639268
2192 0.638552
2193 0.637836
2194 0.637122
2195 0.636408
2196 0.635696
2197 0.634985
2198 0.634274
2199 0.633564
2200 0.632856
2201 0.632148
2202 0.631441
2203 0.630736
2204 0.630031
2205 0.629327
2206 0.628624
2207 0.627922
2208 0.627221
2209 0.626521
2210 0.625822
2211 0.625123
2212 0.624426
2213 0.62373
2214 0.623034
2215 0.62234
2216 0.621646
2217 0.620954
2218 0.620262
2219 0.619571
2220 0.618881
2221 0.618192
2222 0.617504
2223 0.616817
2224 0.616131
2225 0.615446
2226 0.614762
2227 0.614078
2228 0.613396
2229 0.612714
2230 0.612033
2231 0.611354
2232 0.610675
2233 0.609997
2234 0.60932
2235 0.608643
2236 0.607968
2237 0.607294
2238 0.60662
2239 0.605948
2240 0.605276
2241 0.604605
2242 0.603935
2243 0.603266
2244 0.602598
2245 0.601931
2246 0.601265
2247 0.600599
2248 0.599935
2249 0.599271
2250 0.598608
2251 0.597946
2252 0.597285
2253 0.596625
2254 0.595966
2255 0.595307
2256 0.59465
2257 0.593993
2258 0.593337
2259 0.592682
2260 0.592028
2261 0.591375
2262 0.590722
2263 0.590071
2264 0.58942
2265 0.58877
2266 0.588121
2267 0.587473
2268 0.586826
2269 0.58618
2270 0.585534
2271 0.584889
2272 0.584246
2273 0.583603
2274 0.58296
2275 0.582319
2276 0.581679
2277 0.581039
2278 0.5804
2279 0.579762
2280 0.579125
2281 0.578489
2282 0.577853
2283 0.577219
2284 0.576585
2285 0.575952
2286 0.57532
2287 0.574688
2288 0.574058
2289 0.573428
2290 0.5728
2291 0.572172
2292 0.571544
2293 0.570918
2294 0.570293
2295 0.569668
2296 0.569044
2297 0.568421
2298 0.567799
2299 0.567177
2300 0.566557
2301 0.565937
2302 0.565318
2303 0.5647
2304 0.564083
2305 0.563466
2306 0.562851
2307 0.562236
2308 0.561622
2309 0.561009
2310 0.560396
2311 0.559785
2312 0.559174
2313 0.558564
2314 0.557955
2315 0.557346
2316 0.556739
2317 0.556132
2318 0.555526
2319 0.554921
2320 0.554317
2321 0.553713
2322 0.553111
2323 0.552509
2324 0.551908
2325 0.551307
2326 0.550708
2327 0.550109
2328 0.549511
2329 0.548914
2330 0.548318
2331 0.547722
2332 0.547127
2333 0.546533
2334 0.54594
2335 0.545348
2336 0.544756
2337 0.544166
2338 0.543576
2339 0.542986
2340 0.542398
2341 0.54181
2342 0.541223
2343 0.540637
2344 0.540052
2345 0.539467
2346 0.538883
2347 0.5383
2348 0.537718
2349 0.537136
2350 0.536555
2351 0.535975
2352 0.535396
2353 0.534817
2354 0.53424
2355 0.533662
2356 0.533086
2357 0.532511
2358 0.531936
2359 0.531362
2360 0.530788
2361 0.530216
2362 0.529644
2363 0.529072
2364 0.528502
2365 0.527932
2366 0.527363
2367 0.526795
2368 0.526227
2369 0.52566
2370 0.525094
2371 0.524529
2372 0.523964
2373 0.5234
2374 0.522837
2375 0.522274
2376 0.521712
2377 0.521151
2378 0.52059
2379 0.520031
2380 0.519471
2381 0.518913
2382 0.518355
2383 0.517798
2384 0.517242
2385 0.516686
2386 0.516131
2387 0.515576
2388 0.515023
2389 0.51447
2390 0.513917
2391 0.513366
2392 0.512815
2393 0.512264
2394 0.511715
2395 0.511166
2396 0.510617
2397 0.51007
2398 0.509523
2399 0.508976
2400 0.508431
2401 0.507886
2402 0.507342
2403 0.506798
2404 0.506255
2405 0.505713
2406 0.505171
2407 0.504631
2408 0.504091
2409 0.503551
2410 0.503013
2411 0.502475
2412 0.501937
2413 0.501401
2414 0.500865
2415 0.50033
2416 0.499795
2417 0.499262
2418 0.498729
2419 0.498196
2420 0.497665
2421 0.497134
2422 0.496604
2423 0.496075
2424 0.495546
2425 0.495018
2426 0.494491
2427 0.493965
2428 0.493439
2429 0.492914
2430 0.49239
2431 0.491866
2432 0.491344
2433 0.490822
2434 0.490301
2435 0.48978
2436 0.489261
2437 0.488742
2438 0.488224
2439 0.487707
2440 0.48719
2441 0.486674
2442 0.486159
2443 0.485645
2444 0.485131
2445 0.484619
2446 0.484107
2447 0.483596
2448 0.483086
2449 0.482576
2450 0.482067
2451 0.481559
2452 0.481052
2453 0.480546
2454 0.48004
2455 0.479536
2456 0.479032
2457 0.478529
2458 0.478026
2459 0.477525
2460 0.477024
2461 0.476524
2462 0.476024
2463 0.475526
2464 0.475028
2465 0.474531
2466 0.474034
2467 0.473539
2468 0.473043
2469 0.472549
2470 0.472055
2471 0.471562
2472 0.471069
2473 0.470577
2474 0.470086
2475 0.469595
2476 0.469105
2477 0.468616
2478 0.468126
2479 0.467638
2480 0.46715
2481 0.466662
2482 0.466175
2483 0.465689
2484 0.465203
2485 0.464717
2486 0.464232
2487 0.463748
2488 0.463263
2489 0.46278
2490 0.462296
2491 0.461813
2492 0.461331
2493 0.460848
2494 0.460366
2495 0.459885
2496 0.459404
2497 0.458923
2498 0.458442
2499 0.457962
2500 0.457482
2501 0.457003
2502 0.456523
2503 0.456044
2504 0.455565
2505 0.455086
2506 0.454608
2507 0.45413
2508 0.453652
2509 0.453174
2510 0.452696
2511 0.452219
2512 0.451741
2513 0.451264
2514 0.450787
2515 0.45031
2516 0.449833
2517 0.449356
2518 0.448879
2519 0.448403
2520 0.447926
2521 0.44745
2522 0.446973
2523 0.446497
2524 0.44602
2525 0.445544
2526 0.445067
2527 0.444591
2528 0.444114
2529 0.443638
2530 0.443162
2531 0.442685
2532 0.442209
2533 0.441733
2534 0.441256
2535 0.44078
2536 0.440304
2537 0.439828
2538 0.439351
2539 0.438875
2540 0.438399
2541 0.437923
2542 0.437447
2543 0.436971
2544 0.436495
2545 0.436018
2546 0.435542
2547 0.435066
2548 0.43459
2549 0.434114
2550 0.433639
2551 0.433163
2552 0.432687
2553 0.432211
2554 0.431735
2555 0.431259
2556 0.430783
2557 0.430307
2558 0.429832
2559 0.429356
2560 0.42888
2561 0.428404
2562 0.427929
2563 0.427453
2564 0.426977
2565 0.426502
2566 0.426026
2567 0.42555
2568 0.425075
2569 0.424599
2570 0.424124
2571 0.423648
2572 0.423173
2573 0.422697
2574 0.422222
2575 0.421746
2576 0.421271
2577 0.420796
2578 0.42032
2579 0.419845
2580 0.41937
2581 0.418894
2582 0.418419
2583 0.417944
2584 0.417468
2585 0.416993
2586 0.416518
2587 0.416043
2588 0.415568
2589 0.415092
2590 0.414617
2591 0.414142
2592 0.413667
2593 0.413192
2594 0.412717
2595 0.412242
2596 0.411767
2597 0.411292
2598 0.410817
2599 0.410342
2600 0.409867
2601 0.409392
2602 0.408917
2603 0.408443
2604 0.407968
2605 0.407493
2606 0.407018
2607 0.406543
2608 0.406069
2609 0.405594
2610 0.405119
2611 0.404644
2612 0.40417
2613 0.403695
2614 0.403221
2615 0.402746
2616 0.402271
2617 0.401797
2618 0.401322
2619 0.400848
2620 0.400373
2621 0.399899
2622 0.399424
2623 0.39895
2624 0.398475
2625 0.398001
2626 0.397527
2627 0.397052
2628 0.396578
2629 0.396104
2630 0.395629
2631 0.395155
2632 0.394681
2633 0.394206
2634 0.393732
2635 0.393258
2636 0.392784
2637 0.39231
2638 0.391836
2639 0.391362
2640 0.390887
2641 0.390413
2642 0.389939
2643 0.389465
2644 0.388991
2645 0.388517
2646 0.388043
2647 0.387569
2648 0.387095
2649 0.386622
2650 0.386148
2651 0.385674
2652 0.3852
2653 0.384726
2654 0.384252
2655 0.383779
2656 0.383305
2657 0.382831
2658 0.382357
2659 0.381884
2660 0.38141
2661 0.380936
2662 0.380463
2663 0.379989
2664 0.379515
2665 0.379042
2666 0.378568
2667 0.378095
2668 0.377621
2669 0.377148
2670 0.376674
2671 0.376201
2672 0.375727
2673 0.375254
2674 0.374781
2675 0.374307
2676 0.373834
2677 0.373361
2678 0.372887
2679 0.372414
2680 0.371941
2681 0.371467
2682 0.370994
2683 0.370521
2684 0.370048
2685 0.369575
2686 0.369102
2687 0.368628
2688 0.368155
2689 0.367682
2690 0.367209
2691 0.366736
2692 0.366263
2693 0.36579
2694 0.365317
2695 0.364844
2696 0.364371
2697 0.363898
2698 0.363426
2699 0.362953
2700 0.36248
2701 0.362007
2702 0.361534
2703 0.361061
2704 0.360589
2705 0.360116
2706 0.359643
2707 0.35917
2708 0.358698
2709 0.358225
2710 0.357752
2711 0.35728
2712 0.356807
2713 0.356335
2714 0.355862
2715 0.35539
2716 0.354917
2717 0.354445
2718 0.353972
2719 0.3535
2720 0.353027
2721 0.352555
2722 0.352082
2723 0.35161
2724 0.351138
2725 0.350665
2726 0.350193
2727 0.349721
2728 0.349248
2729 0.348776
2730 0.348304
2731 0.347832
2732 0.347359
2733 0.346887
2734 0.346415
2735 0.345943
2736 0.345471
2737 0.344999
2738 0.344527
2739 0.344055
2740 0.343583
2741 0.343111
2742 0.342639
2743 0.342167
2744 0.341695
2745 0.341223
2746 0.340751
2747 0.340279
2748 0.339807
2749 0.339335
2750 0.338864
2751 0.338392
2752 0.33792
2753 0.337448
2754 0.336977
2755 0.336505
2756 0.336033
2757 0.335561
2758 0.33509
2759 0.334618
2760 0.334147
2761 0.333675
2762 0.333203
2763 0.332732
2764 0.33226
2765 0.331789
2766 0.331317
2767 0.330846
2768 0.330374
2769 0.329903
2770 0.329432
2771 0.32896
2772 0.328489
2773 0.328018
2774 0.327546
2775 0.327075
2776 0.326604
2777 0.326132
2778 0.325661
2779 0.32519
2780 0.324719
2781 0.324248
2782 0.323776
2783 0.323305
2784 0.322834
2785 0.322363
2786 0.321892
2787 0.321421
2788 0.32095
2789 0.320479
2790 0.320008
2791 0.319537
2792 0.319066
2793 0.318595
2794 0.318124
2795 0.317653
2796 0.317182
2797 0.316711
2798 0.316241
2799 0.31577
2800 0.315299
2801 0.314828
2802 0.314358
2803 0.313887
2804 0.313416
2805 0.312945
2806 0.312475
2807 0.312004
2808 0.311534
2809 0.311063
2810 0.310592
2811 0.310122
2812 0.309651
2813 0.309181
2814 0.30871
2815 0.30824
2816 0.307769
2817 0.307299
2818 0.306828
2819 0.306358
2820 0.305888
2821 0.305417
2822 0.304947
2823 0.304477
2824 0.304006
2825 0.303536
2826 0.303066
2827 0.302596
2828 0.302125
2829 0.301655
2830 0.301185
2831 0.300715
2832 0.300245
2833 0.299775
2834 0.299305
2835 0.298835
2836 0.298365
2837 0.297895
2838 0.297425
2839 0.296955
2840 0.296485
2841 0.296015
2842 0.295545
2843 0.295075
2844 0.294605
2845 0.294135
2846 0.293665
2847 0.293195
2848 0.292726
2849 0.292256
2850 0.291786
2851 0.291316
2852 0.290847
2853 0.290377
2854 0.289907
2855 0.289438
2856 0.288968
2857 0.288498
2858 0.288029
2859 0.287559
2860 0.28709
2861 0.28662
2862 0.286151
2863 0.285681
2864 0.285212
2865 0.284742
2866 0.284273
2867 0.283803
2868 0.283334
2869 0.282865
2870 0.282395
2871 0.281926
2872 0.281457
2873 0.280987
2874 0.280518
2875 0.280049
2876 0.27958
2877 0.279111
2878 0.278641
2879 0.278172
2880 0.277703
2881 0.277234
2882 0.276765
2883 0.276296
2884 0.275827
2885 0.275358
2886 0.274889
2887 0.27442
2888 0.273951
2889 0.273482
2890 0.273013
2891 0.272544
2892 0.272075
2893 0.271606
2894 0.271137
2895 0.270669
2896 0.2702
2897 0.269731
2898 0.269262
2899 0.268793
2900 0.268325
2901 0.267856
2902 0.267387
2903 0.266919
2904 0.26645
2905 0.265981
2906 0.265513
2907 0.265044
2908 0.264576
2909 0.264107
2910 0.263639
2911 0.26317
2912 0.262702
2913 0.262233
2914 0.261765
2915 0.261296
2916 0.260828
2917 0.26036
2918 0.259891
2919 0.259423
2920 0.258955
2921 0.258486
2922 0.258018
2923 0.25755
2924 0.257082
2925 0.256613
2926 0.256145
2927 0.255677
2928 0.255209
2929 0.254741
2930 0.254273
2931 0.253805
2932 0.253336
2933 0.252868
2934 0.2524
2935 0.251932
2936 0.251464
2937 0.250996
2938 0.250528
2939 0.250061
2940 0.249593
2941 0.249125
2942 0.248657
2943 0.248189
2944 0.247721
2945 0.247253
2946 0.246786
2947 0.246318
2948 0.24585
2949 0.245383
2950 0.244915
2951 0.244447
2952 0.243979
2953 0.243512
2954 0.243044
2955 0.242577
2956 0.242109
2957 0.241642
2958 0.241174
2959 0.240707
2960 0.240239
2961 0.239772
2962 0.239304
2963 0.238837
2964 0.238369
2965 0.237902
2966 0.237435
2967 0.236967
2968 0.2365
2969 0.236033
2970 0.235565
2971 0.235098
2972 0.234631
2973 0.234164
2974 0.233696
2975 0.233229
2976 0.232762
2977 0.232295
2978 0.231828
2979 0.231361
2980 0.230894
2981 0.230427
2982 0.22996
2983 0.229492
2984 0.229025
2985 0.228559
2986 0.228092
2987 0.227625
2988 0.227158
2989 0.226691
2990 0.226224
2991 0.225757
2992 0.22529
2993 0.224823
2994 0.224357
2995 0.22389
2996 0.223423
2997 0.222956
2998 0.22249
2999 0.222023
3000 0.221556
3001 0.22109
3002 0.220623
3003 0.220157
3004 0.21969
3005 0.219223
3006 0.218757
3007 0.21829
3008 0.217824
3009 0.217357
3010 0.216891
3011 0.216424
3012 0.215958
3013 0.215492
3014 0.215025
3015 0.214559
3016 0.214093
3017 0.213626
3018 0.21316
3019 0.212694
3020 0.212227
3021 0.211761
3022 0.211295
3023 0.210829
3024 0.210363
3025 0.209896
3026 0.20943
3027 0.208964
3028 0.208498
3029 0.208032
3030 0.207566
3031 0.2071
3032 0.206634
3033 0.206168
3034 0.205702
3035 0.205236
3036 0.20477
3037 0.204304
3038 0.203838
3039 0.203373
3040 0.202907
3041 0.202441
3042 0.201975
3043 0.201509
3044 0.201044
3045 0.200578
3046 0.200112
3047 0.199646
3048 0.199181
3049 0.198715
3050 0.198249
3051 0.197784
3052 0.197318
3053 0.196853
3054 0.196387
3055 0.195922
3056 0.195456
3057 0.194991
3058 0.194525
3059 0.19406
3060 0.193594
3061 0.193129
3062 0.192663
3063 0.192198
3064 0.191733
3065 0.191267
3066 0.190802
3067 0.190337
3068 0.189872
3069 0.189406
3070 0.188941
3071 0.188476
3072 0.188011
3073 0.187545
3074 0.18708
3075 0.186615
3076 0.18615
3077 0.185685
3078 0.18522
3079 0.184755
3080 0.18429
3081 0.183825
3082 0.18336
3083 0.182895
3084 0.18243
3085 0.181965
3086 0.1815
3087 0.181035
3088 0.180571
3089 0.180106
3090 0.179641
3091 0.179176
3092 0.178711
3093 0.178247
3094 0.177782
3095 0.177317
3096 0.176852
3097 0.176388
3098 0.175923
3099 0.175458
3100 0.174994
3101 0.174529
3102 0.174065
3103 0.1736
3104 0.173136
3105 0.172671
3106 0.172207
3107 0.171742
3108 0.171278
3109 0.170813
3110 0.170349
3111 0.169885
3112 0.16942
3113 0.168956
3114 0.168492
3115 0.168027
3116 0.167563
3117 0.167099
3118 0.166634
3119 0.16617
3120 0.165706
3121 0.165242
3122 0.164778
3123 0.164314
3124 0.163849
3125 0.163385
3126 0.162921
3127 0.162457
3128 0.161993
3129 0.161529
3130 0.161065
3131 0.160601
3132 0.160137
3133 0.159673
3134 0.159209
3135 0.158746
3136 0.158282
3137 0.157818
3138 0.157354
3139 0.15689
3140 0.156426
3141 0.155963
3142 0.155499
3143 0.155035
3144 0.154571
3145 0.154108
3146 0.153644
3147 0.15318
3148 0.152717
3149 0.152253
3150 0.15179
3151 0.151326
3152 0.150863
3153 0.150399
3154 0.149936
3155 0.149472
3156 0.149009
3157 0.148545
3158 0.148082
3159 0.147618
3160 0.147155
3161 0.146692
3162 0.146228
3163 0.145765
3164 0.145302
3165 0.144838
3166 0.144375
3167 0.143912
3168 0.143449
3169 0.142986
3170 0.142522
3171 0.142059
3172 0.141596
3173 0.141133
3174 0.14067
3175 0.140207
3176 0.139744
3177 0.139281
3178 0.138818
3179 0.138355
3180 0.137892
3181 0.137429
3182 0.136966
3183 0.136503
3184 0.13604
3185 0.135577
3186 0.135114
3187 0.134652
3188 0.134189
3189 0.133726
3190 0.133263
3191 0.132801
3192 0.132338
3193 0.131875
3194 0.131412
3195 0.13095
3196 0.130487
3197 0.130025
3198 0.129562
3199 0.129099
3200 0.128637
3201 0.128174
3202 0.127712
3203 0.127249
3204 0.126787
3205 0.126324
3206 0.125862
3207 0.125399
3208 0.124937
3209 0.124475
3210 0.124012
3211 0.12355
3212 0.123088
3213 0.122625
3214 0.122163
3215 0.121701
3216 0.121239
3217 0.120777
3218 0.120314
3219 0.119852
3220 0.11939
3221 0.118928
3222 0.118466
3223 0.118004
3224 0.117542
3225 0.11708
3226 0.116618
3227 0.116156
3228 0.115694
3229 0.115232
3230 0.11477
3231 0.114308
3232 0.113846
3233 0.113384
3234 0.112922
3235 0.11246
3236 0.111998
3237 0.111537
3238 0.111075
3239 0.110613
3240 0.110151
3241 0.10969
3242 0.109228
3243 0.108766
3244 0.108305
3245 0.107843
3246 0.107381
3247 0.10692
3248 0.106458
3249 0.105997
3250 0.105535
3251 0.105074
3252 0.104612
3253 0.104151
3254 0.103689
3255 0.103228
3256 0.102766
3257 0.102305
3258 0.101844
3259 0.101382
3260 0.100921
3261 0.10046
3262 0.0999985
3263 0.0995372
3264 0.0990759
3265 0.0986147
3266 0.0981535
3267 0.0976923
3268 0.0972312
3269 0.09677
3270 0.0963089
3271 0.0958478
3272 0.0953867
3273 0.0949257
3274 0.0944646
3275 0.0940036
3276 0.0935426
3277 0.0930817
3278 0.0926207
3279 0.0921598
3280 0.0916989
3281 0.091238
3282 0.0907771
3283 0.0903162
3284 0.0898554
3285 0.0893946
3286 0.0889338
3287 0.088473
3288 0.0880123
3289 0.0875515
3290 0.0870908
3291 0.0866301
3292 0.0861695
3293 0.0857088
3294 0.0852482
3295 0.0847876
3296 0.084327
3297 0.0838664
3298 0.0834059
3299 0.0829454
3300 0.0824849
3301 0.0820244
3302 0.0815639
3303 0.0811035
3304 0.0806431
3305 0.0801827
3306 0.0797223
3307 0.0792619
3308 0.0788016
3309 0.0783412
3310 0.0778809
3311 0.0774207
3312 0.0769604
3313 0.0765002
3314 0.07604
3315 0.0755798
3316 0.0751196
3317 0.0746594
3318 0.0741993
3319 0.0737392
3320 0.0732791
3321 0.072819
3322 0.0723589
3323 0.0718989
3324 0.0714389
3325 0.0709789
3326 0.0705189
3327 0.070059
3328 0.069599
3329 0.0691391
3330 0.0686792
3331 0.0682194
3332 0.0677595
3333 0.0672997
3334 0.0668399
3335 0.0663801
3336 0.0659203
3337 0.0654606
3338 0.0650009
3339 0.0645412
3340 0.0640815
3341 0.0636218
3342 0.0631622
3343 0.0627025
3344 0.0622429
3345 0.0617834
3346 0.0613238
3347 0.0608642
3348 0.0604047
3349 0.0599452
3350 0.0594857
3351 0.0590263
3352 0.0585668
3353 0.0581074
3354 0.057648
3355 0.0571886
3356 0.0567293
3357 0.0562699
3358 0.0558106
3359 0.0553513
3360 0.0548921
3361 0.0544328
3362 0.0539736
3363 0.0535144
3364 0.0530552
3365 0.052596
3366 0.0521368
3367 0.0516777
3368 0.0512186
3369 0.0507595
3370 0.0503004
3371 0.0498414
3372 0.0493823
3373 0.0489233
3374 0.0484643
3375 0.0480054
3376 0.0475464
3377 0.0470875
3378 0.0466286
3379 0.0461697
3380 0.0457108
3381 0.045252
3382 0.0447932
3383 0.0443344
3384 0.0438756
3385 0.0434168
3386 0.0429581
3387 0.0424993
3388 0.0420406
3389 0.0415819
3390 0.0411233
3391 0.0406646
3392 0.040206
3393 0.0397474
3394 0.0392888
3395 0.0388303
3396 0.0383717
3397 0.0379132
3398 0.0374547
3399 0.0369962
3400 0.0365378
3401 0.0360794
3402 0.0356209
3403 0.0351625
3404 0.0347042
3405 0.0342458
3406 0.0337875
3407 0.0333292
3408 0.0328709
3409 0.0324126
3410 0.0319543
3411 0.0314961
3412 0.0310379
3413 0.0305797
3414 0.0301215
3415 0.0296634
3416 0.0292052
3417 0.0287471
3418 0.028289
3419 0.027831
3420 0.0273729
3421 0.0269149
3422 0.0264569
3423 0.0259989
3424 0.0255409
3425 0.025083
3426 0.0246251
3427 0.0241672
3428 0.0237093
3429 0.0232514
3430 0.0227936
3431 0.0223357
3432 0.0218779
3433 0.0214202
3434 0.0209624
3435 0.0205047
3436 0.0200469
3437 0.0195892
3438 0.0191315
3439 0.0186739
3440 0.0182162
3441 0.0177586
3442 0.017301
3443 0.0168434
3444 0.0163859
3445 0.0159284
3446 0.0154708
3447 0.0150133
3448 0.0145559
3449 0.0140984
3450 0.013641
3451 0.0131836
3452 0.0127262
3453 0.0122688
3454 0.0118114
3455 0.0113541
3456 0.0108968
3457 0.0104395
3458 0.00998222
3459 0.00952497
3460 0.00906774
3461 0.00861053
3462 0.00815334
3463 0.00769617
3464 0.00723902
3465 0.00678189
3466 0.00632478
3467 0.0058677
3468 0.00541063
3469 0.00495358
3470 0.00449655
3471 0.00403955
3472 0.00358256
3473 0.0031256
3474 0.00266865
3475 0.00221173
3476 0.00175482
3477 0.00129794
3478 0.000841077
3479 0.000384234
3480 0
3481 0
3482 0
3483 0
3484 0
3485 0
3486 0
3487 0
3488 0
3489 0
3490 0
3491 0
3492 0
3493 0
3494 0
3495 0
3496 0
3497 0
3498 0
3499 0
3500 0
3501 0
3502 0
3503 0
3504 0
3505 0
3506 0
3507 0
3508 0
3509 0
3510 0
3511 0
3512 0
3513 0
3514 0
3515 0
3516 0
3517 0
3518 0
3519 0
3520 0
3521 0
3522 0
3523 0
3524 0
3525 0
3526 0
3527 0
3528 0
3529 0
3530 0
3531 0
3532 0
3533 0
3534 0
3535 0
3536 0
3537 0
3538 0
3539 0
3540 0
3541 0
3542 0
3543 0
3544 0
3545 0
3546 0
3547 0
3548 0
3549 0
3550 0
3551 0
3552 0
3553 0
3554 0
3555 0
3556 0
3557 0
3558 0
3559 0
3560 0
3561 0
3562 0
3563 0
3564 0
3565 0
3566 0
3567 0
3568 0
3569 0
3570 0
3571 0
3572 0
3573 0
3574 0
3575 0
3576 0
3577 0
3578 0
3579 0
3580 0
3581 0
3582 0
3583 0
3584 0
3585 0
3586 0
3587 0
3588 0
3589 0
3590 0
3591 0
3592 0
3593 0
3594 0
3595 0
3596 0
3597 0
3598 0
3599 0
3600 0
3601 0
3602 0
3603 0
3604 0
3605 0
3606 0
3607 0
3608 0
3609 0
3610 0
3611 0
3612 0
3613 0
3614 0
3615 0
3616 0
3617 0
3618 0
3619 0
3620 0
3621 0
3622 0
3623 0
3624 0
3625 0
3626 0
3627 0
3628 0
3629 0
3630 0
3631 0
3632 0
3633 0
3634 0
3635 0
3636 0
3637 0
3638 0
3639 0
3640 0
3641 0
3642 0
3643 0
3644 0
3645 0
3646 0
3647 0
3648 0
3649 0
3650 0
3651 0
3652 0
3653 0
3654 0
3655 0
3656 0
3657 0
3658 0
3659 0
3660 0
3661 0
3662 0
3663 0
3664 0
3665 0
3666 0
3667 0
3668 0
3669 0
3670 0
3671 0
3672 0
3673 0
3674 0
3675 0
3676 0
3677 0
3678 0
3679 0
3680 0
3681 0
3682 0
3683 0
3684 0
3685 0
3686 0
3687 0
3688 0
3689 0
3690 0
3691 0
3692 0
3693 0
3694 0
3695 0
3696 0
3697 0
3698 0
3699 0
3700 0
3701 0
3702 0
3703 0
3704 0
3705 0
3706 0
3707 0
3708 0
3709 0
3710 0
3711 0
3712 0
3713 0
3714 0
3715 0
3716 0
3717 0
3718 0
3719 0
3720 0
3721 0
3722 0
3723 0
3724 0
3725 0
3726 0
3727 0
3728 0
3729 0
3730 0
3731 0
3732 0
3733 0
3734 0
3735 0
3736 0
3737 0
3738 0
3739 0
3740 0
3741 0
3742 0
3743 0
3744 0
3745 0
3746 0
3747 0
3748 0
3749 0
3750 0
3751 0
3752 0
3753 0
3754 0
3755 0
3756 0
3757 0
3758 0
3759 0
3760 0
3761 0
3762 0
3763 0
3764 0
3765 0
3766 0
3767 0
3768 0
3769 0
3770 0
3771 0
3772 0
3773 0
3774 0
3775 0
3776 0
3777 0
3778 0
3779 0
3780 0
3781 0
3782 0
3783 0
3784 0
3785 0
3786 0
3787 0
3788 0
3789 0
3790 0
3791 0
3792 0
3793 0
3794 0
3795 0
3796 0
3797 0
3798 0
3799 0
3800 0
3801 0
3802 0
3803 0
3804 0
3805 0
3806 0
3807 0
3808 0
3809 0
3810 0
3811 0
3812 0
3813 0
3814 0
3815 0
3816 0
3817 0
3818 0
3819 0
3820 0
3821 0
3822 0
3823 0
3824 0
3825 0
3826 0
3827 0
3828 0
3829 0
3830 0
3831 0
3832 0
3833 0
3834 0
3835 0
3836 0
3837 0
3838 0
3839 0
3840 0
3841 0
3842 0
3843 0
3844 0
3845 0
3846 0
3847 0
3848 0
3849 0
3850 0
3851 0
3852 0
3853 0
3854 0
3855 0
3856 0
3857 0
3858 0
3859 0
3860 0
3861 0
3862 0
3863 0
3864 0
3865 0
3866 0
3867 0
3868 0
3869 0
3870 0
3871 0
3872 0
3873 0
3874 0
3875 0
3876 0
3877 0
3878 0
3879 0
3880 0
3881 0
3882 0
3883 0
3884 0
3885 0
3886 0
3887 0
3888 0
3889 0
3890 0
3891 0
3892 0
3893 0
3894 0
3895 0
3896 0
3897 0
3898 0
3899 0
3900 0
3901 0
3902 0
3903 0
3904 0
3905 0
3906 0
3907 0
3908 0
3909 0
3910 0
3911 0
3912 0
3913 0
3914 0
3915 0
3916 0
3917 0
3918 0
3919 0
3920 0
3921 0
3922 0
3923 0
3924 0
3925 0
3926 0
3927 0
3928 0
3929 0
3930 0
3931 0
3932 0
3933 0
3934 0
3935 0
3936 0
3937 0
3938 0
3939 0
3940 0
3941 0
3942 0
3943 0
3944 0
3945 0
3946 0
3947 0
3948 0
3949 0
3950 0
3951 0
3952 0
3953 0
3954 0
3955 0
3956 0
3957 0
3958 0
3959 0
3960 0
3961 0
3962 0
3963 0
3964 0
3965 0
3966 0
3967 0
3968 0
3969 0
3970 0
3971 0
3972 0
3973 0
3974 0
3975 0
3976 0
3977 0
3978 0
3979 0
3980 0
3981 0
3982 0
3983 0
3984 0
3985 0
3986 0
3987 0
3988 0
3989 0
3990 0
3991 0
3992 0
3993 0
3994 0
3995 0
3996 0
3997 0
3998 0
3999 0
4000 0
4001 0
4002 0
4003 0
4004 0
4005 0
4006 0
4007 0
4008 0
4009 0
4010 0
4011 0
4012 0
4013 0
4014 0
4015 0
4016 0
4017 0
4018 0
4019 0
4020 0
4021 0
4022 0
4023 0
4024 0
4025 0
4026 0
4027 0
4028 0
4029 0
4030 0
4031 0
4032 0
4033 0
4034 0
4035 0
4036 0
4037 0
4038 0
4039 0
4040 0
4041 0
4042 0
4043 0
4044 0
4045 0
4046 0
4047 0
4048 0
4049 0
4050 0
4051 0
4052 0
4053 0
4054 0
4055 0
4056 0
4057 0
4058 0
4059 0
4060 0
4061 0
4062 0
4063 0
4064 0
4065 0
4066 0
4067 0
4068 0
4069 0
4070 0
4071 0
4072 0
4073 0
4074 0
4075 0
4076 0
4077 0
4078 0
4079 0
4080 0
4081 0
4082 0
4083 0
4084 0
4085 0
4086 0
4087 0
4088 0
4089 0
4090 0
4091 0
4092 0
4093 0
4094 0
4095 0
4096 0
4097 0
4098 0
4099 0
4100 0
4101 0
4102 0
4103 0
4104 0
4105 0
4106 0
4107 0
4108 0
4109 0
4110 0
4111 0
4112 0
4113 0
4114 0
4115 0
4116 0
4117 0
4118 0
4119 0
4120 0
4121 0
4122 0
4123 0
4124 0
4125 0
4126 0
4127 0
4128 0
4129 0
4130 0
4131 0
4132 0
4133 0
4134 0
4135 0
4136 0
4137 0
4138 0
4139 0
4140 0
4141 0
4142 0
4143 0
4144 0
4145 0
4146 0
4147 0
4148 0
4149 0
4150 0
4151 0
4152 0
4153 0
4154 0
4155 0
4156 0
4157 0
4158 0
4159 0
4160 0
4161 0
4162 0
4163 0
4164 0
4165 0
4166 0
4167 0
4168 0
4169 0
4170 0
4171 0
4172 0
4173 0
4174 0
4175 0
4176 0
4177 0
4178 0
4179 0
4180 0
4181 0
4182 0
4183 0
4184 0
4185 0
4186 0
4187 0
4188 0
4189 0
4190 0
4191 0
4192 0
4193 0
4194 0
4195 0
4196 0
4197 0
4198 0
4199 0
4200 0
4201 0
4202 0
4203 0
4204 0
4205 0
4206 0
4207 0
4208 0
4209 0
4210 0
4211 0
4212 0
4213 0
4214 0
4215 0
4216 0
4217 0
4218 0
4219 0
4220 0
4221 0
4222 0
4223 0
4224 0
4225 0
4226 0
4227 0
4228 0
4229 0
4230 0
4231 0
4232 0
4233 0
4234 0
4235 0
4236 0
4237 0
4238 0
4239 0
4240 0
4241 0
4242 0
4243 0
4244 0
4245 0
4246 0
4247 0
4248 0
4249 0
4250 0
4251 0
4252 0
4253 0
4254 0
4255 0
4256 0
4257 0
4258 0
4259 0
4260 0
4261 0
4262 0
4263 0
4264 0
4265 0
4266 0
4267 0
4268 0
4269 0
4270 0
4271 0
4272 0
4273 0
4274 0
4275 0
4276 0
4277 0
4278 0
4279 0
4280 0
4281 0
4282 0
4283 0
4284 0
4285 0
4286 0
4287 0
4288 0
4289 0
4290 0
4291 0
4292 0
4293 0
4294 0
4295 0
4296 0
4297 0
4298 0
4299 0
4300 0
4301 0
4302 0
4303 0
4304 0
4305 0
4306 0
4307 0
4308 0
4309 0
4310 0
4311 0
4312 0
4313 0
4314 0
4315 0
4316 0
4317 0
4318 0
4319 0
4320 0
4321 0
4322 0
4323 0
4324 0
4325 0
4326 0
4327 0
4328 0
4329 0
4330 0
4331 0
4332 0
4333 0
4334 0
4335 0
4336 0
4337 0
4338 0
4339 0
4340 0
4341 0
4342 0
4343 0
4344 0
4345 0
4346 0
4347 0
4348 0
4349 0
4350 0
4351 0
4352 0
4353 0
4354 0
4355 0
4356 0
4357 0
4358 0
4359 0
4360 0
4361 0
4362 0
4363 0
4364 0
4365 0
4366 0
4367 0
4368 0
4369 0
4370 0
4371 0
4372 0
4373 0
4374 0
4375 0
4376 0
4377 0
4378 0
4379 0
4380 0
4381 0
4382 0
4383 0
4384 0
4385 0
4386 0
4387 0
4388 0
4389 0
4390 0
4391 0
4392 0
4393 0
4394 0
4395 0
4396 0
4397 0
4398 0
4399 0
4400 0
4401 0
4402 0
4403 0
4404 0
4405 0
4406 0
4407 0
4408 0
4409 0
4410 0
4411 0
4412 0
4413 0
4414 0
4415 0
4416 0
4417 0
4418 0
4419 0
4420 0
4421 0
4422 0
4423 0
4424 0
4425 0
4426 0
4427 0
4428 0
4429 0
4430 0
4431 0
4432 0
4433 0
4434 0
4435 0
4436 0
4437 0
4438 0
4439 0
4440 0
4441 0
4442 0
4443 0
4444 0
4445 0
4446 0
4447 0
4448 0
4449 0
4450 0
4451 0
4452 0
4453 0
4454 0
4455 0
4456 0
4457 0
4458 0
4459 0
4460 0
4461 0
4462 0
4463 0
4464 0
4465 0
4466 0
4467 0
4468 0
4469 0
4470 0
4471 0
4472 0
4473 0
4474 0
4475 0
4476 0
4477 0
4478 0
4479 0
4480 0
4481 0
4482 0
4483 0
4484 0
4485 0
4486 0
4487 0
4488 0
4489 0
4490 0
4491 0
4492 0
4493 0
4494 0
4495 0
4496 0
4497 0
4498 0
4499 0
4500 0
4501 0
4502 0
4503 0
4504 0
4505 0
4506 0
4507 0
4508 0
4509 0
4510 0
4511 0
4512 0
4513 0
4514 0
4515 0
4516 0
4517 0
4518 0
4519 0
4520 0
4521 0
4522 0
4523 0
4524 0
4525 0
4526 0
4527 0
4528 0
4529 0
4530 0
4531 0
4532 0
4533 0
4534 0
4535 0
4536 0
4537 0
4538 0
4539 0
4540 0
4541 0
4542 0
4543 0
4544 0
4545 0
4546 0
4547 0
4548 0
4549 0
4550 0
4551 0
4552 0
4553 0
4554 0
4555 0
4556 0
4557 0
4558 0
4559 0
4560 0
4561 0
4562 0
4563 0
4564 0
4565 0
4566 0
4567 0
4568 0
4569 0
4570 0
4571 0
4572 0
4573 0
4574 0
4575 0
4576 0
4577 0
4578 0
4579 0
4580 0
4581 0
4582 0
4583 0
4584 0
4585 0
4586 0
4587 0
4588 0
4589 0
4590 0
4591 0
4592 0
4593 0
4594 0
4595 0
4596 0
4597 0
4598 0
4599 0
4600 0
4601 0
4602 0
4603 0
4604 0
4605 0
4606 0
4607 0
4608 0
4609 0
4610 0
4611 0
4612 0
4613 0
4614 0
4615 0
4616 0
4617 0
4618 0
4619 0
4620 0
4621 0
4622 0
4623 0
4624 0
4625 0
4626 0
4627 0
4628 0
4629 0
4630 0
4631 0
4632 0
4633 0
4634 0
4635 0
4636 0
4637 0
4638 0
4639 0
4640 0
4641 0
4642 0
4643 0
4644 0
4645 0
4646 0
4647 0
4648 0
4649 0
4650 0
4651 0
4652 0
4653 0
4654 0
4655 0
4656 0
4657 0
4658 0
4659 0
4660 0
4661 0
4662 0
4663 0
4664 0
4665 0
4666 0
4667 0
4668 0
4669 0
4670 0
4671 0
4672 0
4673 0
4674 0
4675 0
4676 0
4677 0
4678 0
4679 0
4680 0
4681 0
4682 0
4683 0
4684 0
4685 0
4686 0
4687 0
4688 0
4689 0
4690 0
4691 0
4692 0
4693 0
4694 0
4695 0
4696 0
4697 0
4698 0
4699 0
4700 0
4701 0
4702 0
4703 0
4704 0
4705 0
4706 0
4707 0
4708 0
4709 0
4710 0
4711 0
4712 0
4713 0
4714 0
4715 0
4716 0
4717 0
4718 0
4719 0
4720 0
4721 0
4722 0
4723 0
4724 0
4725 0
4726 0
4727 0
4728 0
4729 0
4730 0
4731 0
4732 0
4733 0
4734 0
4735 0
4736 0
4737 0
4738 0
4739 0
4740 0
4741 0
4742 0
4743 0
4744 0
4745 0
4746 0
4747 0
4748 0
4749 0
4750 0
4751 0
4752 0
4753 0
4754 0
4755 0
4756 0
4757 0
4758 0
4759 0
4760 0
4761 0
4762 0
4763 0
4764 0
4765 0
4766 0
4767 0
4768 0
4769 0
4770 0
4771 0
4772 0
4773 0
4774 0
4775 0
4776 0
4777 0
4778 0
4779 0
4780 0
4781 0
4782 0
4783 0
4784 0
4785 0
4786 0
4787 0
4788 0
4789 0
4790 0
4791 0
4792 0
4793 0
4794 0
4795 0
4796 0
4797 0
4798 0
4799 0
4800 0
4801 0
4802 0
4803 0
4804 0
4805 0
4806 0
4807 0
4808 0
4809 0
4810 0
4811 0
4812 0
4813 0
4814 0
4815 0
4816 0
4817 0
4818 0
4819 0
4820 0
4821 0
4822 0
4823 0
4824 0
4825 0
4826 0
4827 0
4828 0
4829 0
4830 0
4831 0
4832 0
4833 0
4834 0
4835 0
4836 0
4837 0
4838 0
4839 0
4840 0
4841 0
4842 0
4843 0
4844 0
4845 0
4846 0
4847 0
4848 0
4849 0
4850 0
4851 0
4852 0
4853 0
4854 0
4855 0
4856 0
4857 0
4858 0
4859 0
4860 0
4861 0
4862 0
4863 0
4864 0
4865 0
4866 0
4867 0
4868 0
4869 0
4870 0
4871 0
4872 0
4873 0
4874 0
4875 0
4876 0
4877 0
4878 0
4879 0
4880 0
4881 0
4882 0
4883 0
4884 0
4885 0
4886 0
4887 0
4888 0
4889 0
4890 0
4891 0
4892 0
4893 0
4894 0
4895 0
4896 0
4897 0
4898 0
4899 0
4900 0
4901 0
4902 0
4903 0
4904 0
4905 0
4906 0
4907 0
4908 0
4909 0
4910 0
4911 0
4912 0
4913 0
4914 0
4915 0
4916 0
4917 0
4918 0
4919 0
4920 0
4921 0
4922 0
4923 0
4924 0
4925 0
4926 0
4927 0
4928 0
4929 0
4930 0
4931 0
4932 0
4933 0
4934 0
4935 0
4936 0
4937 0
4938 0
4939 0
4940 0
4941 0
4942 0
4943 0
4944 0
4945 0
4946 0
4947 0
4948 0
4949 0
4950 0
4951 0
4952 0
4953 0
4954 0
4955 0
4956 0
4957 0
4958 0
4959 0
4960 0
4961 0
4962 0
4963 0
4964 0
4965 0
4966 0
4967 0
4968 0
4969 0
4970 0
4971 0
4972 0
4973 0
4974 0
4975 0
4976 0
4977 0
4978 0
4979 0
4980 0
4981 0
4982 0
4983 0
4984 0
4985 0
4986 0
4987 0
4988 0
4989 0
4990 0
4991 0
4992 0
4993 0
4994 0
4995 0
4996 0
4997 0
4998 0
4999 0
5000 0
5001 0
5002 0
5003 0
5004 0
5005 0
5006 0
5007 0
5008 0
5009 0
5010 0
5011 0
5012 0
5013 0
5014 0
5015 0
5016 0
5017 0
5018 0
5019 0
5020 0
5021 0
5022 0
5023 0
5024 0
5025 0
5026 0
5027 0
5028 0
5029 0
5030 0
5031 0
5032 0
5033 0
5034 0
5035 0
5036 0
5037 0
5038 0
5039 0
5040 0
5041 0
5042 0
5043 0
5044 0
5045 0
5046 0
5047 0
5048 0
5049 0
5050 0
5051 0
5052 0
5053 0
5054 0
5055 0
5056 0
5057 0
5058 0
5059 0
5060 0
5061 0
5062 0
5063 0
5064 0
5065 0
5066 0
5067 0
5068 0
5069 0
5070 0
5071 0
5072 0
5073 0
5074 0
5075 0
5076 0
5077 0
5078 0
5079 0
5080 0
5081 0
5082 0
5083 0
5084 0
5085 0
5086 0
5087 0
5088 0
5089 0
5090 0
5091 0
5092 0
5093 0
5094 0
5095 0
5096 0
5097 0
5098 0
5099 0
5100 0
5101 0
5102 0
5103 0
5104 0
5105 0
5106 0
5107 0
5108 0
5109 0
5110 0
5111 0
5112 0
5113 0
5114 0
5115 0
5116 0
5117 0
5118 0
5119 0
5120 0
5121 0
5122 0
5123 0
5124 0
5125 0
5126 0
5127 0
5128 0
5129 0
5130 0
5131 0
5132 0
5133 0
5134 0
5135 0
5136 0
5137 0
5138 0
5139 0
5140 0
5141 0
5142 0
5143 0
5144 0
5145 0
5146 0
5147 0
5148 0
5149 0
5150 0
5151 0
5152 0
5153 0
5154 0
5155 0
5156 0
5157 0
5158 0
5159 0
5160 0
5161 0
5162 0
5163 0
5164 0
5165 0
5166 0
5167 0
5168 0
5169 0
5170 0
5171 0
5172 0
5173 0
5174 0
5175 0
5176 0
5177 0
5178 0
5179 0
5180 0
5181 0
5182 0
5183 0
5184 0
5185 0
5186 0
5187 0
5188 0
5189 0
5190 0
5191 0
5192 0
5193 0
5194 0
5195 0
5196 0
5197 0
5198 0
5199 0
5200 0
5201 0
5202 0
5203 0
5204 0
5205 0
5206 0
5207 0
5208 0
5209 0
5210 0
5211 0
5212 0
5213 0
5214 0
5215 0
5216 0
5217 0
5218 0
5219 0
5220 0
5221 0
5222 0
5223 0
5224 0
5225 0
5226 0
5227 0
5228 0
5229 0
5230 0
5231 0
5232 0
5233 0
5234 0
5235 0
5236 0
5237 0
5238 0
5239 0
5240 0
5241 0
5242 0
5243 0
5244 0
5245 0
5246 0
5247 0
5248 0
5249 0
5250 0
5251 0
5252 0
5253 0
5254 0
5255 0
5256 0
5257 0
5258 0
5259 0
5260 0
5261 0
5262 0
5263 0
5264 0
5265 0
5266 0
5267 0
5268 0
5269 0
5270 0
5271 0
5272 0
5273 0
5274 0
5275 0
5276 0
5277 0
5278 0
5279 0
5280 0
5281 0
5282 0
5283 0
5284 0
5285 0
5286 0
5287 0
5288 0
5289 0
5290 0
5291 0
5292 0
5293 0
5294 0
5295 0
5296 0
5297 0
5298 0
5299 0
5300 0
5301 0
5302 0
5303 0
5304 0
5305 0
5306 0
5307 0
5308 0
5309 0
5310 0
5311 0
5312 0
5313 0
5314 0
5315 0
5316 0
5317 0
5318 0
5319 0
5320 0
5321 0
5322 0
5323 0
5324 0
5325 0
5326 0
5327 0
5328 0
5329 0
5330 0
5331 0
5332 0
5333 0
5334 0
5335 0
5336 0
5337 0
5338 0
5339 0
5340 0
5341 0
5342 0
5343 0
5344 0
5345 0
5346 0
5347 0
5348 0
5349 0
5350 0
5351 0
5352 0
5353 0
5354 0
5355 0
5356 0
5357 0
5358 0
5359 0
5360 0
5361 0
5362 0
5363 0
5364 0
5365 0
5366 0
5367 0
5368 0
5369 0
5370 0
5371 0
5372 0
5373 0
5374 0
5375 0
5376 0
5377 0
5378 0
5379 0
5380 0
5381 0
5382 0
5383 0
5384 0
5385 0
5386 0
5387 0
5388 0
5389 0
5390 0
5391 0
5392 0
5393 0
5394 0
5395 0
5396 0
5397 0
5398 0
5399 0
5400 0
5401 0
5402 0
5403 0
5404 0
5405 0
5406 0
5407 0
5408 0
5409 0
5410 0
5411 0
5412 0
5413 0
5414 0
5415 0
5416 0
5417 0
5418 0
5419 0
5420 0
5421 0
5422 0
5423 0
5424 0
5425 0
5426 0
5427 0
5428 0
5429 0
5430 0
5431 0
5432 0
5433 0
5434 0
5435 0
5436 0
5437 0
5438 0
5439 0
5440 0
5441 0
5442 0
5443 0
5444 0
5445 0
5446 0
5447 0
5448 0
5449 0
5450 0
5451 0
5452 0
5453 0
5454 0
5455 0
5456 0
5457 0
5458 0
5459 0
5460 0
5461 0
5462 0
5463 0
5464 0
5465 0
5466 0
5467 0
5468 0
5469 0
5470 0
5471 0
5472 0
5473 0
5474 0
5475 0
5476 0
5477 0
5478 0
5479 0
5480 0
5481 0
5482 0
5483 0
5484 0
5485 0
5486 0
5487 0
5488 0
5489 0
5490 0
5491 0
5492 0
5493 0
5494 0
5495 0
5496 0
5497 0
5498 0
5499 0
5500 0
5501 0
5502 0
5503 0
5504 0
5505 0
5506 0
5507 0
5508 0
5509 0
5510 0
5511 0
5512 0
5513 0
5514 0
5515 0
5516 0
5517 0
5518 0
5519 0
5520 0
5521 0
5522 0
5523 0
5524 0
5525 0
5526 0
5527 0
5528 0
5529 0
5530 0
5531 0
5532 0
5533 0
5534 0
5535 0
5536 0
5537 0
5538 0
5539 0
5540 0
5541 0
5542 0
5543 0
5544 0
5545 0
5546 0
5547 0
5548 0
5549 0
5550 0
5551 0
5552 0
5553 0
5554 0
5555 0
5556 0
5557 0
5558 0
5559 0
5560 0
5561 0
5562 0
5563 0
5564 0
5565 0
5566 0
5567 0
5568 0
5569 0
5570 0
5571 0
5572 0
5573 0
5574 0
5575 0
5576 0
5577 0
5578 0
5579 0
5580 0
5581 0
5582 0
5583 0
5584 0
5585 0
5586 0
5587 0
5588 0
5589 0
5590 0
5591 0
5592 0
5593 0
5594 0
5595 0
5596 0
5597 0
5598 0
5599 0
5600 0
5601 0
5602 0
5603 0
5604 0
5605 0
5606 0
5607 0
5608 0
5609 0
5610 0
5611 0
5612 0
5613 0
5614 0
5615 0
5616 0
5617 0
5618 0
5619 0
5620 0
5621 0
5622 0
5623 0
5624 0
5625 0
5626 0
5627 0
5628 0
5629 0
5630 0
5631 0
5632 0
5633 0
5634 0
5635 0
5636 0
5637 0
5638 0
5639 0
5640 0
5641 0
5642 0
5643 0
5644 0
5645 0
5646 0
5647 0
5648 0
5649 0
5650 0
5651 0
5652 0
5653 0
5654 0
5655 0
5656 0
5657 0
5658 0
5659 0
5660 0
5661 0
5662 0
5663 0
5664 0
5665 0
5666 0
5667 0
5668 0
5669 0
5670 0
5671 0
5672 0
5673 0
5674 0
5675 0
5676 0
5677 0
5678 0
5679 0
5680 0
5681 0
5682 0
5683 0
5684 0
5685 0
5686 0
5687 0
5688 0
5689 0
5690 0
5691 0
5692 0
5693 0
5694 0
5695 0
5696 0
5697 0
5698 0
5699 0
5700 0
5701 0
5702 0
5703 0
5704 0
5705 0
5706 0
5707 0
5708 0
5709 0
5710 0
5711 0
5712 0
5713 0
5714 0
5715 0
5716 0
5717 0
5718 0
5719 0
5720 0
5721 0
5722 0
5723 0
5724 0
5725 0
5726 0
5727 0
5728 0
5729 0
5730 0
5731 0
5732 0
5733 0
5734 0
5735 0
5736 0
5737 0
5738 0
5739 0
5740 0
5741 0
5742 0
5743 0
5744 0
5745 0
5746 0
5747 0
5748 0
5749 0
5750 0
5751 0
5752 0
5753 0
5754 0
5755 0
5756 0
5757 0
5758 0
5759 0
5760 0
5761 0
5762 0
5763 0
5764 0
5765 0
5766 0
5767 0
5768 0
5769 0
5770 0
5771 0
5772 0
5773 0
5774 0
5775 0
5776 0
5777 0
5778 0
5779 0
5780 0
5781 0
5782 0
5783 0
5784 0
5785 0
5786 0
5787 0
5788 0
5789 0
5790 0
5791 0
5792 0
5793 0
5794 0
5795 0
5796 0
5797 0
5798 0
5799 0
5800 0
5801 0
5802 0
5803 0
5804 0
5805 0
5806 0
5807 0
5808 0
5809 0
5810 0
5811 0
5812 0
5813 0
5814 0
5815 0
5816 0
5817 0
5818 0
5819 0
5820 0
5821 0
5822 0
5823 0
5824 0
5825 0
5826 0
5827 0
5828 0
5829 0
5830 0
5831 0
5832 0
5833 0
5834 0
5835 0
5836 0
5837 0
5838 0
5839 0
5840 0
5841 0
5842 0
5843 0
5844 0
5845 0
5846 0
5847 0
5848 0
5849 0
5850 0
5851 0
5852 0
5853 0
5854 0
5855 0
5856 0
5857 0
5858 0
5859 0
5860 0
5861 0
5862 0
5863 0
5864 0
5865 0
5866 0
5867 0
5868 0
5869 0
5870 0
5871 0
5872 0
5873 0
5874 0
5875 0
5876 0
5877 0
5878 0
5879 0
5880 0
5881 0
5882 0
5883 0
5884 0
5885 0
5886 0
5887 0
5888 0
5889 0
5890 0
5891 0
5892 0
5893 0
5894 0
5895 0
5896 0
5897 0
5898 0
5899 0
5900 0
5901 0
5902 0
5903 0
5904 0
5905 0
5906 0
5907 0
5908 0
5909 0
5910 0
5911 0
5912 0
5913 0
5914 0
5915 0
5916 0
5917 0
5918 0
5919 0
5920 0
5921 0
5922 0
5923 0
5924 0
5925 0
5926 0
5927 0
5928 0
5929 0
5930 0
5931 0
5932 0
5933 0
5934 0
5935 0
5936 0
5937 0
5938 0
5939 0
5940 0
5941 0
5942 0
5943 0
5944 0
5945 0
5946 0
5947 0
5948 0
5949 0
5950 0
5951 0
5952 0
5953 0
5954 0
5955 0
5956 0
5957 0
5958 0
5959 0
5960 0
5961 0
5962 0
5963 0
5964 0
5965 0
5966 0
5967 0
5968 0
5969 0
5970 0
5971 0
5972 0
5973 0
5974 0
5975 0
5976 0
5977 0
5978 0
5979 0
5980 0
5981 0
5982 0
5983 0
5984 0
5985 0
5986 0
5987 0
5988 0
5989 0
5990 0
5991 0
5992 0
5993 0
5994 0
5995 0
5996 0
5997 0
5998 0
5999 0
6000 0
6001 0
6002 0
6003 0
6004 0
6005 0
6006 0
6007 0
6008 0
6009 0
6010 0
6011 0
6012 0
6013 0
6014 0
6015 0
6016 0
6017 0
6018 0
6019 0
6020 0
6021 0
6022 0
6023 0
6024 0
6025 0
6026 0
6027 0
6028 0
6029 0
6030 0
6031 0
6032 0
6033 0
6034 0
6035 0
6036 0
6037 0
6038 0
6039 0
6040 0
6041 0
6042 0
6043 0
6044 0
6045 0
6046 0
6047 0
6048 0
6049 0
6050 0
6051 0
6052 0
6053 0
6054 0
6055 0
6056 0
6057 0
6058 0
6059 0
6060 0
6061 0
6062 0
6063 0
6064 0
6065 0
6066 0
6067 0
6068 0
6069 0
6070 0
6071 0
6072 0
6073 0
6074 0
6075 0
6076 0
6077 0
6078 0
6079 0
6080 0
6081 0
6082 0
6083 0
6084 0
6085 0
6086 0
6087 0
6088 0
6089 0
6090 0
6091 0
6092 0
6093 0
6094 0
6095 0
6096 0
6097 0
6098 0
6099 0
6100 0
6101 0
6102 0
6103 0
6104 0
6105 0
6106 0
6107 0
6108 0
6109 0
6110 0
6111 0
6112 0
6113 0
6114 0
6115 0
6116 0
6117 0
6118 0
6119 0
6120 0
6121 0
6122 0
6123 0
6124 0
6125 0
6126 0
6127 0
6128 0
6129 0
6130 0
6131 0
6132 0
6133 0
6134 0
6135 0
6136 0
6137 0
6138 0
6139 0
6140 0
6141 0
6142 0
6143 0
6144 0
6145 0
6146 0
6147 0
6148 0
6149 0
6150 0
6151 0
6152 0
6153 0
6154 0
6155 0
6156 0
6157 0
6158 0
6159 0
6160 0
6161 0
6162 0
6163 0
6164 0
6165 0
6166 0
6167 0
6168 0
6169 0
6170 0
6171 0
6172 0
6173 0
6174 0
6175 0
6176 0
6177 0
6178 0
6179 0
6180 0
6181 0
6182 0
6183 0
6184 0
6185 0
6186 0
6187 0
6188 0
6189 0
6190 0
6191 0
6192 0
6193 0
6194 0
6195 0
6196 0
6197 0
6198 0
6199 0
6200 0
6201 0
6202 0
6203 0
6204 0
6205 0
6206 0
6207 0
6208 0
6209 0
6210 0
6211 0
6212 0
6213 0
6214 0
6215 0
6216 0
6217 0
6218 0
6219 0
6220 0
6221 0
6222 0
6223 0
6224 0
6225 0
6226 0
6227 0
6228 0
6229 0
6230 0
6231 0
6232 0
6233 0
6234 0
6235 0
6236 0
6237 0
6238 0
6239 0
6240 0
6241 0
6242 0
6243 0
6244 0
6245 0
6246 0
6247 0
6248 0
6249 0
6250 0
6251 0
6252 0
6253 0
6254 0
6255 0
6256 0
6257 0
6258 0
6259 0
6260 0
6261 0
6262 0
6263 0
6264 0
6265 0
6266 0
6267 0
6268 0
6269 0
6270 0
6271 0
6272 0
6273 0
6274 0
6275 0
6276 0
6277 0
6278 0
6279 0
6280 0
6281 0
6282 0
6283 0
6284 0
6285 0
6286 0
6287 0
6288 0
6289 0
6290 0
6291 0
6292 0
6293 0
6294 0
6295 0
6296 0
6297 0
6298 0
6299 0
6300 0
6301 0
6302 0
6303 0
6304 0
6305 0
6306 0
6307 0
6308 0
6309 0
6310 0
6311 0
6312 0
6313 0
6314 0
6315 0
6316 0
6317 0
6318 0
6319 0
6320 0
6321 0
6322 0
6323 0
6324 0
6325 0
6326 0
6327 0
6328 0
6329 0
6330 0
6331 0
6332 0
6333 0
6334 0
6335 0
6336 0
6337 0
6338 0
6339 0
6340 0
6341 0
6342 0
6343 0
6344 0
6345 0
6346 0
6347 0
6348 0
6349 0
6350 0
6351 0
6352 0
6353 0
6354 0
6355 0
6356 0
6357 0
6358 0
6359 0
6360 0
6361 0
6362 0
6363 0
6364 0
6365 0
6366 0
6367 0
6368 0
6369 0
6370 0
6371 0
6372 0
6373 0
6374 0
6375 0
6376 0
6377 0
6378 0
6379 0
6380 0
6381 0
6382 0
6383 0
6384 0
6385 0
6386 0
6387 0
6388 0
6389 0
6390 0
6391 0
6392 0
6393 0
6394 0
6395 0
6396 0
6397 0
6398 0
6399 0
6400 0
6401 0
6402 0
6403 0
6404 0
6405 0
6406 0
6407 0
6408 0
6409 0
6410 0
6411 0
6412 0
6413 0
6414 0
6415 0
6416 0
6417 0
6418 0
6419 0
6420 0
6421 0
6422 0
6423 0
6424 0
6425 0
6426 0
6427 0
6428 0
6429 0
6430 0
6431 0
6432 0
6433 0
6434 0
6435 0
6436 0
6437 0
6438 0
6439 0
6440 0
6441 0
6442 0
6443 0
6444 0
6445 0
6446 0
6447 0
6448 0
6449 0
6450 0
6451 0
6452 0
6453 0
6454 0
6455 0
6456 0
6457 0
6458 0
6459 0
6460 0
6461 0
6462 0
6463 0
6464 0
6465 0
6466 0
6467 0
6468 0
6469 0
6470 0
6471 0
6472 0
6473 0
6474 0
6475 0
6476 0
6477 0
6478 0
6479 0
6480 0
6481 0
6482 0
6483 0
6484 0
6485 0
6486 0
6487 0
6488 0
6489 0
6490 0
6491 0
6492 0
6493 0
6494 0
6495 0
6496 0
6497 0
6498 0
6499 0
6500 0
6501 0
6502 0
6503 0
6504 0
6505 0
6506 0
6507 0
6508 0
6509 0
6510 0
6511 0
6512 0
6513 0
6514 0
6515 0
6516 0
6517 0
6518 0
6519 0
6520 0
6521 0
6522 0
6523 0
6524 0
6525 0
6526 0
6527 0
6528 0
6529 0
6530 0
6531 0
6532 0
6533 0
6534 0
6535 0
6536 0
6537 0
6538 0
6539 0
6540 0
6541 0
6542 0
6543 0
6544 0
6545 0
6546 0
6547 0
6548 0
6549 0
6550 0
6551 0
6552 0
6553 0
6554 0
6555 0
6556 0
6557 0
6558 0
6559 0
6560 0
6561 0
6562 0
6563 0
6564 0
6565 0
6566 0
6567 0
6568 0
6569 0
6570 0
6571 0
6572 0
6573 0
6574 0
6575 0
6576 0
6577 0
6578 0
6579 0
6580 0
6581 0
6582 0
6583 0
6584 0
6585 0
6586 0
6587 0
6588 0
6589 0
6590 0
6591 0
6592 0
6593 0
6594 0
6595 0
6596 0
6597 0
6598 0
6599 0
6600 0
6601 0
6602 0
6603 0
6604 0
6605 0
6606 0
6607 0
6608 0
6609 0
6610 0
6611 0
6612 0
6613 0
6614 0
6615 0
6616 0
6617 0
6618 0
6619 0
6620 0
6621 0
6622 0
6623 0
6624 0
6625 0
6626 0
6627 0
6628 0
6629 0
6630 0
6631 0
6632 0
6633 0
6634 0
6635 0
6636 0
6637 0
6638 0
6639 0
6640 0
6641 0
6642 0
6643 0
6644 0
6645 0
6646 0
6647 0
6648 0
6649 0
6650 0
6651 0
6652 0
6653 0
6654 0
6655 0
6656 0
6657 0
6658 0
6659 0
6660 0
6661 0
6662 0
6663 0
6664 0
6665 0
6666 0
6667 0
6668 0
6669 0
6670 0
6671 0
6672 0
6673 0
6674 0
6675 0
6676 0
6677 0
6678 0
6679 0
6680 0
6681 0
6682 0
6683 0
6684 0
6685 0
6686 0
6687 0
6688 0
6689 0
6690 0
6691 0
6692 0
6693 0
6694 0
6695 0
6696 0
6697 0
6698 0
6699 0
6700 0
6701 0
6702 0
6703 0
6704 0
6705 0
6706 0
6707 0
6708 0
6709 0
6710 0
6711 0
6712 0
6713 0
6714 0
6715 0
6716 0
6717 0
6718 0
6719 0
6720 0
6721 0
6722 0
6723 0
6724 0
6725 0
6726 0
6727 0
6728 0
6729 0
6730 0
6731 0
6732 0
6733 0
6734 0
6735 0
6736 0
6737 0
6738 0
6739 0
6740 0
6741 0
6742 0
6743 0
6744 0
6745 0
6746 0
6747 0
6748 0
6749 0
6750 0
6751 0
6752 0
6753 0
6754 0
6755 0
6756 0
6757 0
6758 0
6759 0
6760 0
6761 0
6762 0
6763 0
6764 0
6765 0
6766 0
6767 0
6768 0
6769 0
6770 0
6771 0
6772 0
6773 0
6774 0
6775 0
6776 0
6777 0
6778 0
6779 0
6780 0
6781 0
6782 0
6783 0
6784 0
6785 0
6786 0
6787 0
6788 0
6789 0
6790 0
6791 0
6792 0
6793 0
6794 0
6795 0
6796 0
6797 0
6798 0
6799 0
6800 0
6801 0
6802 0
6803 0
6804 0
6805 0
6806 0
6807 0
6808 0
6809 0
6810 0
6811 0
6812 0
6813 0
6814 0
6815 0
6816 0
6817 0
6818 0
6819 0
6820 0
6821 0
6822 0
6823 0
6824 0
6825 0
6826 0
6827 0
6828 0
6829 0
6830 0
6831 0
6832 0
6833 0
6834 0
6835 0
6836 0
6837 0
6838 0
6839 0
6840 0
6841 0
6842 0
6843 0
6844 0
6845 0
6846 0
6847 0
6848 0
6849 0
6850 0
6851 0
6852 0
6853 0
6854 0
6855 0
6856 0
6857 0
6858 0
6859 0
6860 0
6861 0
6862 0
6863 0
6864 0
6865 0
6866 0
6867 0
6868 0
6869 0
6870 0
6871 0
6872 0
6873 0
6874 0
6875 0
6876 0
6877 0
6878 0
6879 0
6880 0
6881 0
6882 0
6883 0
6884 0
6885 0
6886 0
6887 0
6888 0
6889 0
6890 0
6891 0
6892 0
6893 0
6894 0
6895 0
6896 0
6897 0
6898 0
6899 0
6900 0
6901 0
6902 0
6903 0
6904 0
6905 0
6906 0
6907 0
6908 0
6909 0
6910 0
6911 0
6912 0
6913 0
6914 0
6915 0
6916 0
6917 0
6918 0
6919 0
6920 0
6921 0
6922 0
6923 0
6924 0
6925 0
6926 0
6927 0
6928 0
6929 0
6930 0
6931 0
6932 0
6933 0
6934 0
6935 0
6936 0
6937 0
6938 0
6939 0
6940 0
6941 0
6942 0
6943 0
6944 0
6945 0
6946 0
6947 0
6948 0
6949 0
6950 0
6951 0
6952 0
6953 0
6954 0
6955 0
6956 0
6957 0
6958 0
6959 0
6960 0
6961 0
6962 0
6963 0
6964 0
6965 0
6966 0
6967 0
6968 0
6969 0
6970 0
6971 0
6972 0
6973 0
6974 0
6975 0
6976 0
6977 0
6978 0
6979 0
6980 0
6981 0
6982 0
6983 0
6984 0
6985 0
6986 0
6987 0
6988 0
6989 0
6990 0
6991 0
6992 0
6993 0
6994 0
6995 0
6996 0
6997 0
6998 0
6999 0
7000 0
7001 0
7002 0
7003 0
7004 0
7005 0
7006 0
7007 0
7008 0
7009 0
7010 0
7011 0
7012 0
7013 0
7014 0
7015 0
7016 0
7017 0
7018 0
7019 0
7020 0
7021 0
7022 0
7023 0
7024 0
7025 0
7026 0
7027 0
7028 0
7029 0
7030 0
7031 0
7032 0
7033 0
7034 0
7035 0
7036 0
7037 0
7038 0
7039 0
7040 0
7041 0
7042 0
7043 0
7044 0
7045 0
7046 0
7047 0
7048 0
7049 0
7050 0
7051 0
7052 0
7053 0
7054 0
7055 0
7056 0
