(0, 0.05, 0.0, 0.0, 0.01, 0.44134308165285807, 30.0, 60.0)
(1, 0.05, 0.0, 0.0, 0.01, 0.26791781845319984, 30.0, 60.0)
(2, 0.05, 0.0, 0.0, 0.01, 0.16263981566427013, 30.0, 60.0)
(3, 0.05, 0.0, 0.0, 0.01, 0.09873068462569749, 30.0, 60.0)
(4, 0.05, 0.0, 0.0, 0.01, 0.05993457411917371, 30.0, 60.0)
(5, 0.05, 0.0, 0.0, 0.01, 0.022086554637161186, 30.0, 60.0)
(6, 0.05, 0.0, 0.0, 0.01, 0.022086554637161207, 30.0, 60.0)
(7, 0.05, 0.0, 0.0, 0.01, 0.013407668051291665, 30.0, 60.0)
(8, 0.05, 0.0, 0.0, 0.01, 0.004940874233676069, 30.0, 60.0)
(9, 0.05, 0.0, 0.0, 0.01, 0.0011052986123933457, 30.0, 60.0)
(10, 0.05, 0.0, 0.0, 0.01, 0.002999363309334307, 30.0, 60.0)
(11, 0.05, 0.0, 0.0, 0.01, 0.0018207668999272585, 30.0, 60.0)
(12, 0.05, 0.0, 0.0, 0.01, 0.0006709727766950621, 30.0, 60.0)
(13, 0.05, 0.0, 0.0, 0.01, 0.00015010001144736385, 30.0, 60.0)
(14, 0.05, 0.0, 0.0, 0.01, 2.038364400703773e-05, 30.0, 60.0)
(15, 0.138, 3.53, 0.0009, 0.01, 0.44134308165285807, 30.0, 60.0)
(16, 0.104, 2.14, 0.0005, 0.01, 0.26791781845319984, 30.0, 60.0)
(17, 0.083, 1.3, 0.0003, 0.01, 0.16263981566427013, 30.0, 60.0)
(18, 0.07, 0.79, 0.0002, 0.01, 0.09873068462569749, 30.0, 60.0)
(19, 0.062, 0.48, 0.0001, 0.01, 0.05993457411917371, 30.0, 60.0)
(20, 0.054, 0.18, 0.0, 0.01, 0.022086554637161186, 30.0, 60.0)
(21, 0.054, 0.18, 0.0, 0.01, 0.022086554637161207, 30.0, 60.0)
(22, 0.053, 0.11, 0.0, 0.01, 0.013407668051291665, 30.0, 60.0)
(23, 0.051, 0.04, 0.0, 0.01, 0.004940874233676069, 30.0, 60.0)
(24, 0.05, 0.01, 0.0, 0.01, 0.0011052986123933457, 30.0, 60.0)
(25, 0.051, 0.02, 0.0, 0.01, 0.002999363309334307, 30.0, 60.0)
(26, 0.05, 0.01, 0.0, 0.01, 0.0018207668999272585, 30.0, 60.0)
(27, 0.05, 0.01, 0.0, 0.01, 0.0006709727766950621, 30.0, 60.0)
(28, 0.05, 0.0, 0.0, 0.01, 0.00015010001144736385, 30.0, 60.0)
(29, 0.05, 0.0, 0.0, 0.01, 2.038364400703773e-05, 30.0, 60.0)
(30, 0.227, 7.06, 0.0018, 0.01, 0.44134308165285807, 30.0, 60.0)
(31, 0.157, 4.29, 0.0011, 0.01, 0.26791781845319984, 30.0, 60.0)
(32, 0.115, 2.6, 0.0007, 0.01, 0.16263981566427013, 30.0, 60.0)
(33, 0.089, 1.58, 0.0004, 0.01, 0.09873068462569749, 30.0, 60.0)
(34, 0.074, 0.96, 0.0002, 0.01, 0.05993457411917371, 30.0, 60.0)
(35, 0.059, 0.35, 0.0001, 0.01, 0.022086554637161186, 30.0, 60.0)
(36, 0.059, 0.35, 0.0001, 0.01, 0.022086554637161207, 30.0, 60.0)
(37, 0.055, 0.21, 0.0001, 0.01, 0.013407668051291665, 30.0, 60.0)
(38, 0.052, 0.08, 0.0, 0.01, 0.004940874233676069, 30.0, 60.0)
(39, 0.05, 0.02, 0.0, 0.01, 0.0011052986123933457, 30.0, 60.0)
(40, 0.051, 0.05, 0.0, 0.01, 0.002999363309334307, 30.0, 60.0)
(41, 0.051, 0.03, 0.0, 0.01, 0.0018207668999272585, 30.0, 60.0)
(42, 0.05, 0.01, 0.0, 0.01, 0.0006709727766950621, 30.0, 60.0)
(43, 0.05, 0.0, 0.0, 0.01, 0.00015010001144736385, 30.0, 60.0)
(44, 0.05, 0.0, 0.0, 0.01, 2.038364400703773e-05, 30.0, 60.0)
(45, 0.315, 10.59, 0.0026, 0.01, 0.44134308165285807, 30.0, 60.0)
(46, 0.211, 6.43, 0.0016, 0.01, 0.26791781845319984, 30.0, 60.0)
(47, 0.148, 3.9, 0.001, 0.01, 0.16263981566427013, 30.0, 60.0)
(48, 0.109, 2.37, 0.0006, 0.01, 0.09873068462569749, 30.0, 60.0)
(49, 0.086, 1.44, 0.0004, 0.01, 0.05993457411917371, 30.0, 60.0)
(50, 0.063, 0.53, 0.0001, 0.01, 0.022086554637161186, 30.0, 60.0)
(51, 0.063, 0.53, 0.0001, 0.01, 0.022086554637161207, 30.0, 60.0)
(52, 0.058, 0.32, 0.0001, 0.01, 0.013407668051291665, 30.0, 60.0)
(53, 0.053, 0.12, 0.0, 0.01, 0.004940874233676069, 30.0, 60.0)
(54, 0.051, 0.03, 0.0, 0.01, 0.0011052986123933457, 30.0, 60.0)
(55, 0.052, 0.07, 0.0, 0.01, 0.002999363309334307, 30.0, 60.0)
(56, 0.051, 0.04, 0.0, 0.01, 0.0018207668999272585, 30.0, 60.0)
(57, 0.05, 0.02, 0.0, 0.01, 0.0006709727766950621, 30.0, 60.0)
(58, 0.05, 0.0, 0.0, 0.01, 0.00015010001144736385, 30.0, 60.0)
(59, 0.05, 0.0, 0.0, 0.01, 2.038364400703773e-05, 30.0, 60.0)
(60, 0.403, 14.12, 0.0035, 0.01, 0.44134308165285807, 30.0, 60.0)
(61, 0.264, 8.57, 0.0021, 0.01, 0.26791781845319984, 30.0, 60.0)
(62, 0.18, 5.2, 0.0013, 0.01, 0.16263981566427013, 30.0, 60.0)
(63, 0.129, 3.16, 0.0008, 0.01, 0.09873068462569749, 30.0, 60.0)
(64, 0.098, 1.92, 0.0005, 0.01, 0.05993457411917371, 30.0, 60.0)
(65, 0.068, 0.71, 0.0002, 0.01, 0.022086554637161186, 30.0, 60.0)
(66, 0.068, 0.71, 0.0002, 0.01, 0.022086554637161207, 30.0, 60.0)
(67, 0.061, 0.43, 0.0001, 0.01, 0.013407668051291665, 30.0, 60.0)
(68, 0.054, 0.16, 0.0, 0.01, 0.004940874233676069, 30.0, 60.0)
(69, 0.051, 0.04, 0.0, 0.01, 0.0011052986123933457, 30.0, 60.0)
(70, 0.052, 0.1, 0.0, 0.01, 0.002999363309334307, 30.0, 60.0)
(71, 0.051, 0.06, 0.0, 0.01, 0.0018207668999272585, 30.0, 60.0)
(72, 0.051, 0.02, 0.0, 0.01, 0.0006709727766950621, 30.0, 60.0)
(73, 0.05, 0.0, 0.0, 0.01, 0.00015010001144736385, 30.0, 60.0)
(74, 0.05, 0.0, 0.0, 0.01, 2.038364400703773e-05, 30.0, 60.0)
(75, 0.491, 17.65, 0.0044, 0.01, 0.44134308165285807, 30.0, 60.0)
(76, 0.318, 10.72, 0.0027, 0.01, 0.26791781845319984, 30.0, 60.0)
(77, 0.213, 6.51, 0.0016, 0.01, 0.16263981566427013, 30.0, 60.0)
(78, 0.149, 3.95, 0.001, 0.01, 0.09873068462569749, 30.0, 60.0)
(79, 0.11, 2.4, 0.0006, 0.01, 0.05993457411917371, 30.0, 60.0)
(80, 0.072, 0.88, 0.0002, 0.01, 0.022086554637161186, 30.0, 60.0)
(81, 0.072, 0.88, 0.0002, 0.01, 0.022086554637161207, 30.0, 60.0)
(82, 0.063, 0.54, 0.0001, 0.01, 0.013407668051291665, 30.0, 60.0)
(83, 0.055, 0.2, 0.0, 0.01, 0.004940874233676069, 30.0, 60.0)
(84, 0.051, 0.04, 0.0, 0.01, 0.0011052986123933457, 30.0, 60.0)
(85, 0.053, 0.12, 0.0, 0.01, 0.002999363309334307, 30.0, 60.0)
(86, 0.052, 0.07, 0.0, 0.01, 0.0018207668999272585, 30.0, 60.0)
(87, 0.051, 0.03, 0.0, 0.01, 0.0006709727766950621, 30.0, 60.0)
(88, 0.05, 0.01, 0.0, 0.01, 0.00015010001144736385, 30.0, 60.0)
(89, 0.05, 0.0, 0.0, 0.01, 2.038364400703773e-05, 30.0, 60.0)
(90, 0.58, 21.18, 0.0053, 0.01, 0.44134308165285807, 30.0, 60.0)
(91, 0.372, 12.86, 0.0032, 0.01, 0.26791781845319984, 30.0, 60.0)
(92, 0.245, 7.81, 0.002, 0.01, 0.16263981566427013, 30.0, 60.0)
(93, 0.168, 4.74, 0.0012, 0.01, 0.09873068462569749, 30.0, 60.0)
(94, 0.122, 2.88, 0.0007, 0.01, 0.05993457411917371, 30.0, 60.0)
(95, 0.077, 1.06, 0.0003, 0.01, 0.022086554637161186, 30.0, 60.0)
(96, 0.077, 1.06, 0.0003, 0.01, 0.022086554637161207, 30.0, 60.0)
(97, 0.066, 0.64, 0.0002, 0.01, 0.013407668051291665, 30.0, 60.0)
(98, 0.056, 0.24, 0.0001, 0.01, 0.004940874233676069, 30.0, 60.0)
(99, 0.051, 0.05, 0.0, 0.01, 0.0011052986123933457, 30.0, 60.0)
(100, 0.054, 0.14, 0.0, 0.01, 0.002999363309334307, 30.0, 60.0)
(101, 0.052, 0.09, 0.0, 0.01, 0.0018207668999272585, 30.0, 60.0)
(102, 0.051, 0.03, 0.0, 0.01, 0.0006709727766950621, 30.0, 60.0)
(103, 0.05, 0.01, 0.0, 0.01, 0.00015010001144736385, 30.0, 60.0)
(104, 0.05, 0.0, 0.0, 0.01, 2.038364400703773e-05, 30.0, 60.0)
(105, 0.668, 24.72, 0.0062, 0.01, 0.44134308165285807, 30.0, 60.0)
(106, 0.425, 15.0, 0.0038, 0.01, 0.26791781845319984, 30.0, 60.0)
(107, 0.278, 9.11, 0.0023, 0.01, 0.16263981566427013, 30.0, 60.0)
(108, 0.188, 5.53, 0.0014, 0.01, 0.09873068462569749, 30.0, 60.0)
(109, 0.134, 3.36, 0.0008, 0.01, 0.05993457411917371, 30.0, 60.0)
(110, 0.081, 1.24, 0.0003, 0.01, 0.022086554637161186, 30.0, 60.0)
(111, 0.081, 1.24, 0.0003, 0.01, 0.022086554637161207, 30.0, 60.0)
(112, 0.069, 0.75, 0.0002, 0.01, 0.013407668051291665, 30.0, 60.0)
(113, 0.057, 0.28, 0.0001, 0.01, 0.004940874233676069, 30.0, 60.0)
(114, 0.052, 0.06, 0.0, 0.01, 0.0011052986123933457, 30.0, 60.0)
(115, 0.054, 0.17, 0.0, 0.01, 0.002999363309334307, 30.0, 60.0)
(116, 0.053, 0.1, 0.0, 0.01, 0.0018207668999272585, 30.0, 60.0)
(117, 0.051, 0.04, 0.0, 0.01, 0.0006709727766950621, 30.0, 60.0)
(118, 0.05, 0.01, 0.0, 0.01, 0.00015010001144736385, 30.0, 60.0)
(119, 0.05, 0.0, 0.0, 0.01, 2.038364400703773e-05, 30.0, 60.0)
(120, 0.756, 28.25, 0.0071, 0.01, 0.44134308165285807, 30.0, 60.0)
(121, 0.479, 17.15, 0.0043, 0.01, 0.26791781845319984, 30.0, 60.0)
(122, 0.31, 10.41, 0.0026, 0.01, 0.16263981566427013, 30.0, 60.0)
(123, 0.208, 6.32, 0.0016, 0.01, 0.09873068462569749, 30.0, 60.0)
(124, 0.146, 3.84, 0.001, 0.01, 0.05993457411917371, 30.0, 60.0)
(125, 0.085, 1.41, 0.0004, 0.01, 0.022086554637161186, 30.0, 60.0)
(126, 0.085, 1.41, 0.0004, 0.01, 0.022086554637161207, 30.0, 60.0)
(127, 0.071, 0.86, 0.0002, 0.01, 0.013407668051291665, 30.0, 60.0)
(128, 0.058, 0.32, 0.0001, 0.01, 0.004940874233676069, 30.0, 60.0)
(129, 0.052, 0.07, 0.0, 0.01, 0.0011052986123933457, 30.0, 60.0)
(130, 0.055, 0.19, 0.0, 0.01, 0.002999363309334307, 30.0, 60.0)
(131, 0.053, 0.12, 0.0, 0.01, 0.0018207668999272585, 30.0, 60.0)
(132, 0.051, 0.04, 0.0, 0.01, 0.0006709727766950621, 30.0, 60.0)
(133, 0.05, 0.01, 0.0, 0.01, 0.00015010001144736385, 30.0, 60.0)
(134, 0.05, 0.0, 0.0, 0.01, 2.038364400703773e-05, 30.0, 60.0)
(135, 0.844, 31.78, 0.0079, 0.01, 0.44134308165285807, 30.0, 60.0)
(136, 0.532, 19.29, 0.0048, 0.01, 0.26791781845319984, 30.0, 60.0)
(137, 0.343, 11.71, 0.0029, 0.01, 0.16263981566427013, 30.0, 60.0)
(138, 0.228, 7.11, 0.0018, 0.01, 0.09873068462569749, 30.0, 60.0)
(139, 0.158, 4.32, 0.0011, 0.01, 0.05993457411917371, 30.0, 60.0)
(140, 0.09, 1.59, 0.0004, 0.01, 0.022086554637161186, 30.0, 60.0)
(141, 0.09, 1.59, 0.0004, 0.01, 0.022086554637161207, 30.0, 60.0)
(142, 0.074, 0.97, 0.0002, 0.01, 0.013407668051291665, 30.0, 60.0)
(143, 0.059, 0.36, 0.0001, 0.01, 0.004940874233676069, 30.0, 60.0)
(144, 0.052, 0.08, 0.0, 0.01, 0.0011052986123933457, 30.0, 60.0)
(145, 0.055, 0.22, 0.0001, 0.01, 0.002999363309334307, 30.0, 60.0)
(146, 0.053, 0.13, 0.0, 0.01, 0.0018207668999272585, 30.0, 60.0)
(147, 0.051, 0.05, 0.0, 0.01, 0.0006709727766950621, 30.0, 60.0)
(148, 0.05, 0.01, 0.0, 0.01, 0.00015010001144736385, 30.0, 60.0)
(149, 0.05, 0.0, 0.0, 0.01, 2.038364400703773e-05, 30.0, 60.0)
