0 43.3857
1 43.3836
2 43.3815
3 43.3793
4 43.377
5 43.3745
6 43.3718
7 43.3688
8 43.3655
9 43.3619
10 43.3579
11 43.3535
12 43.3486
13 43.3432
14 43.3373
15 43.3307
16 43.3236
17 43.3158
18 43.3074
19 43.2984
20 43.2889
21 43.2788
22 43.2681
23 43.2569
24 43.2452
25 43.233
26 43.2202
27 43.2069
28 43.1932
29 43.179
30 43.1643
31 43.1492
32 43.1336
33 43.1175
34 43.101
35 43.0841
36 43.0666
37 43.0487
38 43.0304
39 43.0115
40 42.9922
41 42.9725
42 42.9522
43 42.9315
44 42.9103
45 42.8887
46 42.8665
47 42.8439
48 42.8209
49 42.7973
50 42.7733
51 42.7488
52 42.7239
53 42.6985
54 42.6726
55 42.6462
56 42.6194
57 42.5921
58 42.5644
59 42.5361
60 42.5075
61 42.4783
62 42.4487
63 42.4187
64 42.3882
65 42.3572
66 42.3258
67 42.2939
68 42.2616
69 42.2289
70 42.1957
71 42.162
72 42.1279
73 42.0934
74 42.0585
75 42.0231
76 41.9873
77 41.951
78 41.9143
79 41.8772
80 41.8397
81 41.8018
82 41.7634
83 41.7246
84 41.6854
85 41.6458
86 41.6057
87 41.5653
88 41.5244
89 41.4831
90 41.4414
91 41.3993
92 41.3568
93 41.3139
94 41.2706
95 41.2269
96 41.1828
97 41.1383
98 41.0933
99 41.048
100 41.0023
101 40.9562
102 40.9097
103 40.8628
104 40.8156
105 40.7679
106 40.7198
107 40.6714
108 40.6226
109 40.5734
110 40.5238
111 40.4739
112 40.4235
113 40.3729
114 40.3218
115 40.2704
116 40.2186
117 40.1665
118 40.114
119 40.0612
120 40.008
121 39.9544
122 39.9005
123 39.8463
124 39.7917
125 39.7368
126 39.6816
127 39.626
128 39.5701
129 39.5138
130 39.4572
131 39.4003
132 39.3431
133 39.2855
134 39.2276
135 39.1694
136 39.1109
137 39.0521
138 38.9929
139 38.9335
140 38.8737
141 38.8137
142 38.7533
143 38.6926
144 38.6317
145 38.5704
146 38.5088
147 38.447
148 38.3848
149 38.3224
150 38.2597
151 38.1967
152 38.1334
153 38.0699
154 38.0061
155 37.942
156 37.8776
157 37.813
158 37.7481
159 37.683
160 37.6176
161 37.5519
162 37.486
163 37.4198
164 37.3534
165 37.2868
166 37.2199
167 37.1528
168 37.0854
169 37.0178
170 36.9499
171 36.8819
172 36.8135
173 36.745
174 36.6762
175 36.6072
176 36.538
177 36.4686
178 36.3989
179 36.3291
180 36.259
181 36.1887
182 36.1182
183 36.0474
184 35.9765
185 35.9054
186 35.8341
187 35.7626
188 35.6909
189 35.619
190 35.547
191 35.4748
192 35.4023
193 35.3298
194 35.257
195 35.1841
196 35.111
197 35.0377
198 34.9643
199 34.8907
200 34.817
201 34.7431
202 34.669
203 34.5948
204 34.5204
205 34.4459
206 34.3712
207 34.2964
208 34.2214
209 34.1463
210 34.0711
211 33.9957
212 33.9201
213 33.8445
214 33.7687
215 33.6928
216 33.6167
217 33.5406
218 33.4643
219 33.3879
220 33.3115
221 33.2349
222 33.1582
223 33.0814
224 33.0045
225 32.9275
226 32.8505
227 32.7733
228 32.6961
229 32.6187
230 32.5413
231 32.4638
232 32.3862
233 32.3085
234 32.2308
235 32.1529
236 32.075
237 31.997
238 31.9189
239 31.8408
240 31.7626
241 31.6843
242 31.6059
243 31.5275
244 31.449
245 31.3705
246 31.2919
247 31.2132
248 31.1346
249 31.0558
250 30.977
251 30.8982
252 30.8194
253 30.7405
254 30.6616
255 30.5827
256 30.5037
257 30.4247
258 30.3457
259 30.2667
260 30.1876
261 30.1086
262 30.0295
263 29.9504
264 29.8712
265 29.7921
266 29.7129
267 29.6338
268 29.5546
269 29.4754
270 29.3962
271 29.317
272 29.2378
273 29.1587
274 29.0795
275 29.0003
276 28.9211
277 28.8419
278 28.7628
279 28.6837
280 28.6046
281 28.5255
282 28.4464
283 28.3674
284 28.2884
285 28.2094
286 28.1305
287 28.0516
288 27.9727
289 27.8939
290 27.8151
291 27.7363
292 27.6576
293 27.579
294 27.5003
295 27.4217
296 27.3432
297 27.2647
298 27.1863
299 27.1079
300 27.0295
301 26.9512
302 26.873
303 26.7948
304 26.7167
305 26.6386
306 26.5606
307 26.4826
308 26.4048
309 26.3269
310 26.2492
311 26.1715
312 26.0939
313 26.0164
314 25.9389
315 25.8615
316 25.7842
317 25.707
318 25.6299
319 25.5528
320 25.4759
321 25.399
322 25.3222
323 25.2455
324 25.1689
325 25.0923
326 25.0159
327 24.9396
328 24.8634
329 24.7872
330 24.7112
331 24.6353
332 24.5594
333 24.4837
334 24.4081
335 24.3326
336 24.2572
337 24.1818
338 24.1066
339 24.0316
340 23.9566
341 23.8817
342 23.8069
343 23.7323
344 23.6577
345 23.5833
346 23.509
347 23.4348
348 23.3607
349 23.2867
350 23.2129
351 23.1392
352 23.0655
353 22.9921
354 22.9187
355 22.8455
356 22.7724
357 22.6994
358 22.6265
359 22.5538
360 22.4813
361 22.4088
362 22.3365
363 22.2644
364 22.1923
365 22.1204
366 22.0487
367 21.9771
368 21.9056
369 21.8343
370 21.7631
371 21.6921
372 21.6212
373 21.5504
374 21.4798
375 21.4093
376 21.339
377 21.2688
378 21.1988
379 21.1289
380 21.0591
381 20.9896
382 20.9201
383 20.8508
384 20.7817
385 20.7127
386 20.6438
387 20.5751
388 20.5066
389 20.4382
390 20.37
391 20.302
392 20.2341
393 20.1663
394 20.0988
395 20.0314
396 19.9641
397 19.897
398 19.8301
399 19.7634
400 19.6968
401 19.6303
402 19.5641
403 19.498
404 19.432
405 19.3662
406 19.3006
407 19.2352
408 19.1699
409 19.1047
410 19.0398
411 18.975
412 18.9103
413 18.8458
414 18.7815
415 18.7174
416 18.6534
417 18.5896
418 18.5259
419 18.4625
420 18.3992
421 18.336
422 18.2731
423 18.2103
424 18.1477
425 18.0852
426 18.023
427 17.9609
428 17.8989
429 17.8372
430 17.7756
431 17.7142
432 17.653
433 17.592
434 17.5311
435 17.4704
436 17.4098
437 17.3495
438 17.2893
439 17.2293
440 17.1695
441 17.1098
442 17.0503
443 16.991
444 16.9319
445 16.8729
446 16.8141
447 16.7555
448 16.6971
449 16.6388
450 16.5808
451 16.5229
452 16.4651
453 16.4076
454 16.3502
455 16.293
456 16.236
457 16.1792
458 16.1225
459 16.066
460 16.0097
461 15.9536
462 15.8976
463 15.8419
464 15.7863
465 15.7309
466 15.6756
467 15.6206
468 15.5657
469 15.511
470 15.4564
471 15.4021
472 15.3479
473 15.2939
474 15.2401
475 15.1864
476 15.1329
477 15.0796
478 15.0265
479 14.9735
480 14.9207
481 14.8681
482 14.8157
483 14.7635
484 14.7114
485 14.6595
486 14.6078
487 14.5562
488 14.5048
489 14.4537
490 14.4026
491 14.3518
492 14.3011
493 14.2506
494 14.2003
495 14.1502
496 14.1002
497 14.0504
498 14.0008
499 13.9514
500 13.9021
501 13.853
502 13.8041
503 13.7553
504 13.7067
505 13.6583
506 13.6101
507 13.562
508 13.5141
509 13.4664
510 13.4188
511 13.3714
512 13.3242
513 13.2771
514 13.2303
515 13.1835
516 13.137
517 13.0906
518 13.0444
519 12.9984
520 12.9525
521 12.9068
522 12.8613
523 12.8159
524 12.7707
525 12.7257
526 12.6808
527 12.6361
528 12.5916
529 12.5472
530 12.503
531 12.459
532 12.4151
533 12.3714
534 12.3279
535 12.2845
536 12.2413
537 12.1983
538 12.1554
539 12.1127
540 12.0701
541 12.0277
542 11.9855
543 11.9434
544 11.9015
545 11.8597
546 11.8181
547 11.7767
548 11.7354
549 11.6943
550 11.6533
551 11.6125
552 11.5718
553 11.5313
554 11.491
555 11.4508
556 11.4108
557 11.3709
558 11.3312
559 11.2916
560 11.2522
561 11.213
562 11.1739
563 11.1349
564 11.0961
565 11.0575
566 11.019
567 10.9807
568 10.9425
569 10.9045
570 10.8666
571 10.8289
572 10.7913
573 10.7539
574 10.7166
575 10.6794
576 10.6424
577 10.6056
578 10.5689
579 10.5324
580 10.496
581 10.4597
582 10.4236
583 10.3876
584 10.3518
585 10.3161
586 10.2806
587 10.2452
588 10.21
589 10.1749
590 10.1399
591 10.1051
592 10.0704
593 10.0359
594 10.0015
595 9.96725
596 9.93315
597 9.89918
598 9.86535
599 9.83166
600 9.79811
601 9.76469
602 9.73142
603 9.69828
604 9.66527
605 9.6324
606 9.59966
607 9.56706
608 9.53459
609 9.50226
610 9.47005
611 9.43798
612 9.40604
613 9.37423
614 9.34255
615 9.311
616 9.27958
617 9.2483
618 9.21714
619 9.18611
620 9.15521
621 9.12443
622 9.09379
623 9.06327
624 9.03288
625 9.00262
626 8.97249
627 8.94248
628 8.9126
629 8.88285
630 8.85322
631 8.82371
632 8.79433
633 8.76508
634 8.73594
635 8.70693
636 8.67804
637 8.64928
638 8.62063
639 8.5921
640 8.5637
641 8.53541
642 8.50724
643 8.4792
644 8.45126
645 8.42345
646 8.39575
647 8.36817
648 8.3407
649 8.31335
650 8.28612
651 8.259
652 8.23199
653 8.2051
654 8.17832
655 8.15166
656 8.1251
657 8.09867
658 8.07234
659 8.04612
660 8.02002
661 7.99403
662 7.96815
663 7.94238
664 7.91672
665 7.89117
666 7.86573
667 7.84039
668 7.81517
669 7.79005
670 7.76504
671 7.74014
672 7.71535
673 7.69066
674 7.66607
675 7.64159
676 7.61722
677 7.59295
678 7.56878
679 7.54471
680 7.52075
681 7.49689
682 7.47313
683 7.44947
684 7.42592
685 7.40246
686 7.3791
687 7.35584
688 7.33268
689 7.30962
690 7.28666
691 7.2638
692 7.24103
693 7.21837
694 7.1958
695 7.17332
696 7.15094
697 7.12866
698 7.10648
699 7.08439
700 7.06239
701 7.04049
702 7.01868
703 6.99697
704 6.97535
705 6.95383
706 6.93239
707 6.91105
708 6.8898
709 6.86864
710 6.84757
711 6.82659
712 6.8057
713 6.7849
714 6.76419
715 6.74357
716 6.72304
717 6.70259
718 6.68223
719 6.66196
720 6.64177
721 6.62167
722 6.60166
723 6.58173
724 6.56189
725 6.54213
726 6.52245
727 6.50286
728 6.48335
729 6.46393
730 6.44459
731 6.42533
732 6.40616
733 6.38706
734 6.36805
735 6.34912
736 6.33027
737 6.31151
738 6.29282
739 6.27421
740 6.25569
741 6.23724
742 6.21887
743 6.20059
744 6.18238
745 6.16424
746 6.14619
747 6.12821
748 6.11031
749 6.09248
750 6.07473
751 6.05706
752 6.03946
753 6.02194
754 6.00449
755 5.98711
756 5.96981
757 5.95258
758 5.93542
759 5.91833
760 5.90132
761 5.88438
762 5.86751
763 5.85071
764 5.83398
765 5.81733
766 5.80074
767 5.78422
768 5.76778
769 5.7514
770 5.73509
771 5.71886
772 5.70269
773 5.68659
774 5.67055
775 5.65459
776 5.63869
777 5.62286
778 5.6071
779 5.59141
780 5.57578
781 5.56022
782 5.54472
783 5.52929
784 5.51393
785 5.49862
786 5.48339
787 5.46821
788 5.45311
789 5.43806
790 5.42308
791 5.40816
792 5.3933
793 5.3785
794 5.36377
795 5.3491
796 5.33449
797 5.31993
798 5.30544
799 5.29101
800 5.27664
801 5.26233
802 5.24808
803 5.23388
804 5.21975
805 5.20567
806 5.19166
807 5.1777
808 5.1638
809 5.14995
810 5.13617
811 5.12244
812 5.10877
813 5.09516
814 5.0816
815 5.0681
816 5.05465
817 5.04126
818 5.02793
819 5.01465
820 5.00143
821 4.98826
822 4.97514
823 4.96208
824 4.94908
825 4.93612
826 4.92323
827 4.91038
828 4.89758
829 4.88484
830 4.87215
831 4.85952
832 4.84693
833 4.83439
834 4.82191
835 4.80948
836 4.79709
837 4.78476
838 4.77248
839 4.76024
840 4.74806
841 4.73592
842 4.72384
843 4.7118
844 4.69981
845 4.68787
846 4.67598
847 4.66413
848 4.65234
849 4.64059
850 4.62889
851 4.61723
852 4.60563
853 4.59407
854 4.58255
855 4.57109
856 4.55966
857 4.54829
858 4.53696
859 4.52568
860 4.51444
861 4.50324
862 4.49209
863 4.48099
864 4.46993
865 4.45891
866 4.44794
867 4.43701
868 4.42613
869 4.41528
870 4.40448
871 4.39373
872 4.38301
873 4.37234
874 4.36171
875 4.35112
876 4.34058
877 4.33007
878 4.31961
879 4.30918
880 4.2988
881 4.28846
882 4.27816
883 4.26789
884 4.25767
885 4.24749
886 4.23735
887 4.22725
888 4.21718
889 4.20716
890 4.19717
891 4.18723
892 4.17732
893 4.16745
894 4.15762
895 4.14782
896 4.13807
897 4.12835
898 4.11867
899 4.10903
900 4.09942
901 4.08986
902 4.08033
903 4.07083
904 4.06137
905 4.05195
906 4.04256
907 4.03321
908 4.0239
909 4.01462
910 4.00538
911 3.99617
912 3.987
913 3.97786
914 3.96875
915 3.95969
916 3.95065
917 3.94165
918 3.93268
919 3.92375
920 3.91485
921 3.90598
922 3.89714
923 3.88834
924 3.87958
925 3.87084
926 3.86214
927 3.85347
928 3.84483
929 3.83622
930 3.82765
931 3.8191
932 3.81059
933 3.80211
934 3.79367
935 3.78525
936 3.77687
937 3.76851
938 3.76019
939 3.75189
940 3.74363
941 3.7354
942 3.7272
943 3.71903
944 3.71088
945 3.70277
946 3.69469
947 3.68664
948 3.67861
949 3.67062
950 3.66265
951 3.65472
952 3.64681
953 3.63893
954 3.63108
955 3.62326
956 3.61546
957 3.6077
958 3.59996
959 3.59225
960 3.58457
961 3.57691
962 3.56929
963 3.56169
964 3.55411
965 3.54657
966 3.53905
967 3.53156
968 3.52409
969 3.51665
970 3.50924
971 3.50185
972 3.49449
973 3.48716
974 3.47985
975 3.47256
976 3.46531
977 3.45807
978 3.45087
979 3.44368
980 3.43653
981 3.42939
982 3.42229
983 3.4152
984 3.40814
985 3.40111
986 3.3941
987 3.38711
988 3.38015
989 3.37321
990 3.3663
991 3.35941
992 3.35254
993 3.3457
994 3.33888
995 3.33208
996 3.32531
997 3.31856
998 3.31183
999 3.30513
1000 3.29845
1001 3.29179
1002 3.28515
1003 3.27854
1004 3.27195
1005 3.26538
1006 3.25884
1007 3.25232
1008 3.24582
1009 3.23934
1010 3.23288
1011 3.22645
1012 3.22003
1013 3.21364
1014 3.20727
1015 3.20093
1016 3.1946
1017 3.18829
1018 3.18201
1019 3.17574
1020 3.1695
1021 3.16328
1022 3.15707
1023 3.15089
1024 3.14473
1025 3.13859
1026 3.13247
1027 3.12636
1028 3.12028
1029 3.11422
1030 3.10817
1031 3.10215
1032 3.09614
1033 3.09016
1034 3.08419
1035 3.07824
1036 3.07231
1037 3.0664
1038 3.06051
1039 3.05464
1040 3.04878
1041 3.04295
1042 3.03713
1043 3.03133
1044 3.02555
1045 3.01979
1046 3.01405
1047 3.00833
1048 3.00262
1049 2.99693
1050 2.99126
1051 2.98561
1052 2.97998
1053 2.97436
1054 2.96877
1055 2.96319
1056 2.95762
1057 2.95208
1058 2.94655
1059 2.94104
1060 2.93555
1061 2.93008
1062 2.92462
1063 2.91918
1064 2.91376
1065 2.90835
1066 2.90296
1067 2.89759
1068 2.89224
1069 2.8869
1070 2.88157
1071 2.87627
1072 2.87098
1073 2.8657
1074 2.86044
1075 2.8552
1076 2.84998
1077 2.84477
1078 2.83957
1079 2.83439
1080 2.82923
1081 2.82408
1082 2.81895
1083 2.81383
1084 2.80873
1085 2.80364
1086 2.79857
1087 2.79351
1088 2.78847
1089 2.78344
1090 2.77843
1091 2.77343
1092 2.76845
1093 2.76348
1094 2.75853
1095 2.75359
1096 2.74867
1097 2.74376
1098 2.73886
1099 2.73398
1100 2.72911
1101 2.72426
1102 2.71942
1103 2.71459
1104 2.70978
1105 2.70498
1106 2.7002
1107 2.69542
1108 2.69067
1109 2.68592
1110 2.68119
1111 2.67648
1112 2.67178
1113 2.66709
1114 2.66241
1115 2.65775
1116 2.6531
1117 2.64846
1118 2.64384
1119 2.63923
1120 2.63464
1121 2.63005
1122 2.62548
1123 2.62093
1124 2.61638
1125 2.61185
1126 2.60734
1127 2.60283
1128 2.59834
1129 2.59386
1130 2.58939
1131 2.58494
1132 2.5805
1133 2.57607
1134 2.57165
1135 2.56725
1136 2.56285
1137 2.55847
1138 2.55411
1139 2.54975
1140 2.54541
1141 2.54108
1142 2.53676
1143 2.53245
1144 2.52815
1145 2.52387
1146 2.5196
1147 2.51534
1148 2.51109
1149 2.50685
1150 2.50262
1151 2.49841
1152 2.4942
1153 2.49001
1154 2.48583
1155 2.48166
1156 2.4775
1157 2.47335
1158 2.46922
1159 2.46509
1160 2.46097
1161 2.45687
1162 2.45278
1163 2.4487
1164 2.44462
1165 2.44056
1166 2.43651
1167 2.43247
1168 2.42844
1169 2.42443
1170 2.42042
1171 2.41642
1172 2.41243
1173 2.40846
1174 2.40449
1175 2.40054
1176 2.39659
1177 2.39266
1178 2.38873
1179 2.38482
1180 2.38091
1181 2.37702
1182 2.37313
1183 2.36926
1184 2.36539
1185 2.36154
1186 2.35769
1187 2.35386
1188 2.35003
1189 2.34622
1190 2.34241
1191 2.33862
1192 2.33483
1193 2.33105
1194 2.32729
1195 2.32353
1196 2.31978
1197 2.31604
1198 2.31231
1199 2.30859
1200 2.30488
1201 2.30118
1202 2.29749
1203 2.29381
1204 2.29014
1205 2.28647
1206 2.28282
1207 2.27917
1208 2.27553
1209 2.27191
1210 2.26829
1211 2.26468
1212 2.26108
1213 2.25748
1214 2.2539
1215 2.25033
1216 2.24676
1217 2.2432
1218 2.23966
1219 2.23612
1220 2.23258
1221 2.22906
1222 2.22555
1223 2.22204
1224 2.21854
1225 2.21505
1226 2.21157
1227 2.2081
1228 2.20464
1229 2.20118
1230 2.19773
1231 2.19429
1232 2.19086
1233 2.18744
1234 2.18402
1235 2.18061
1236 2.17721
1237 2.17382
1238 2.17044
1239 2.16706
1240 2.16369
1241 2.16033
1242 2.15698
1243 2.15364
1244 2.1503
1245 2.14697
1246 2.14365
1247 2.14034
1248 2.13703
1249 2.13373
1250 2.13044
1251 2.12716
1252 2.12389
1253 2.12062
1254 2.11736
1255 2.11411
1256 2.11086
1257 2.10763
1258 2.1044
1259 2.10118
1260 2.09796
1261 2.09476
1262 2.09156
1263 2.08836
1264 2.08518
1265 2.082
1266 2.07883
1267 2.07567
1268 2.07251
1269 2.06937
1270 2.06622
1271 2.06309
1272 2.05996
1273 2.05684
1274 2.05373
1275 2.05062
1276 2.04753
1277 2.04443
1278 2.04135
1279 2.03827
1280 2.0352
1281 2.03213
1282 2.02907
1283 2.02602
1284 2.02298
1285 2.01994
1286 2.01691
1287 2.01388
1288 2.01087
1289 2.00786
1290 2.00485
1291 2.00185
1292 1.99886
1293 1.99587
1294 1.9929
1295 1.98992
1296 1.98696
1297 1.984
1298 1.98104
1299 1.9781
1300 1.97516
1301 1.97222
1302 1.96929
1303 1.96637
1304 1.96346
1305 1.96055
1306 1.95765
1307 1.95475
1308 1.95186
1309 1.94898
1310 1.9461
1311 1.94323
1312 1.94036
1313 1.9375
1314 1.93465
1315 1.9318
1316 1.92896
1317 1.92612
1318 1.92329
1319 1.92047
1320 1.91765
1321 1.91484
1322 1.91203
1323 1.90923
1324 1.90644
1325 1.90365
1326 1.90087
1327 1.89809
1328 1.89532
1329 1.89256
1330 1.8898
1331 1.88704
1332 1.8843
1333 1.88155
1334 1.87882
1335 1.87609
1336 1.87336
1337 1.87064
1338 1.86793
1339 1.86522
1340 1.86251
1341 1.85982
1342 1.85712
1343 1.85444
1344 1.85175
1345 1.84908
1346 1.84641
1347 1.84374
1348 1.84108
1349 1.83843
1350 1.83578
1351 1.83314
1352 1.8305
1353 1.82787
1354 1.82524
1355 1.82262
1356 1.82
1357 1.81739
1358 1.81478
1359 1.81218
1360 1.80958
1361 1.80699
1362 1.80441
1363 1.80183
1364 1.79925
1365 1.79668
1366 1.79412
1367 1.79156
1368 1.789
1369 1.78645
1370 1.78391
1371 1.78137
1372 1.77884
1373 1.77631
1374 1.77378
1375 1.77126
1376 1.76875
1377 1.76624
1378 1.76374
1379 1.76124
1380 1.75874
1381 1.75626
1382 1.75377
1383 1.75129
1384 1.74882
1385 1.74635
1386 1.74388
1387 1.74142
1388 1.73897
1389 1.73652
1390 1.73407
1391 1.73163
1392 1.72919
1393 1.72676
1394 1.72434
1395 1.72191
1396 1.71949
1397 1.71708
1398 1.71467
1399 1.71227
1400 1.70987
1401 1.70747
1402 1.70508
1403 1.7027
1404 1.70031
1405 1.69794
1406 1.69556
1407 1.6932
1408 1.69083
1409 1.68847
1410 1.68612
1411 1.68377
1412 1.68142
1413 1.67908
1414 1.67674
1415 1.67441
1416 1.67208
1417 1.66975
1418 1.66743
1419 1.66512
1420 1.6628
1421 1.6605
1422 1.65819
1423 1.65589
1424 1.6536
1425 1.65131
1426 1.64902
1427 1.64674
1428 1.64446
1429 1.64219
1430 1.63992
1431 1.63766
1432 1.63539
1433 1.63314
1434 1.63089
1435 1.62864
1436 1.62639
1437 1.62415
1438 1.62192
1439 1.61969
1440 1.61746
1441 1.61523
1442 1.61301
1443 1.6108
1444 1.60859
1445 1.60638
1446 1.60418
1447 1.60198
1448 1.59978
1449 1.59759
1450 1.59541
1451 1.59322
1452 1.59104
1453 1.58887
1454 1.5867
1455 1.58453
1456 1.58237
1457 1.58021
1458 1.57805
1459 1.5759
1460 1.57375
1461 1.57161
1462 1.56947
1463 1.56733
1464 1.5652
1465 1.56307
1466 1.56094
1467 1.55882
1468 1.55671
1469 1.55459
1470 1.55248
1471 1.55038
1472 1.54827
1473 1.54618
1474 1.54408
1475 1.54199
1476 1.5399
1477 1.53782
1478 1.53574
1479 1.53366
1480 1.53159
1481 1.52952
1482 1.52746
1483 1.52539
1484 1.52334
1485 1.52128
1486 1.51923
1487 1.51718
1488 1.51514
1489 1.5131
1490 1.51106
1491 1.50903
1492 1.507
1493 1.50497
1494 1.50295
1495 1.50093
1496 1.49892
1497 1.4969
1498 1.4949
1499 1.49289
1500 1.49089
1501 1.48889
1502 1.4869
1503 1.4849
1504 1.48292
1505 1.48093
1506 1.47895
1507 1.47697
1508 1.475
1509 1.47303
1510 1.47106
1511 1.4691
1512 1.46713
1513 1.46518
1514 1.46322
1515 1.46127
1516 1.45932
1517 1.45738
1518 1.45544
1519 1.4535
1520 1.45157
1521 1.44964
1522 1.44771
1523 1.44578
1524 1.44386
1525 1.44195
1526 1.44003
1527 1.43812
1528 1.43621
1529 1.43431
1530 1.43241
1531 1.43051
1532 1.42861
1533 1.42672
1534 1.42483
1535 1.42294
1536 1.42106
1537 1.41918
1538 1.41731
1539 1.41543
1540 1.41356
1541 1.4117
1542 1.40983
1543 1.40797
1544 1.40612
1545 1.40426
1546 1.40241
1547 1.40056
1548 1.39872
1549 1.39687
1550 1.39504
1551 1.3932
1552 1.39137
1553 1.38954
1554 1.38771
1555 1.38589
1556 1.38407
1557 1.38225
1558 1.38044
1559 1.37862
1560 1.37682
1561 1.37501
1562 1.37321
1563 1.37141
1564 1.36961
1565 1.36782
1566 1.36603
1567 1.36424
1568 1.36245
1569 1.36067
1570 1.35889
1571 1.35712
1572 1.35535
1573 1.35358
1574 1.35181
1575 1.35004
1576 1.34828
1577 1.34652
1578 1.34477
1579 1.34302
1580 1.34127
1581 1.33952
1582 1.33778
1583 1.33603
1584 1.3343
1585 1.33256
1586 1.33083
1587 1.3291
1588 1.32737
1589 1.32565
1590 1.32392
1591 1.32221
1592 1.32049
1593 1.31878
1594 1.31707
1595 1.31536
1596 1.31365
1597 1.31195
1598 1.31025
1599 1.30856
1600 1.30686
1601 1.30517
1602 1.30348
1603 1.3018
1604 1.30011
1605 1.29843
1606 1.29676
1607 1.29508
1608 1.29341
1609 1.29174
1610 1.29007
1611 1.28841
1612 1.28675
1613 1.28509
1614 1.28343
1615 1.28178
1616 1.28013
1617 1.27848
1618 1.27684
1619 1.27519
1620 1.27355
1621 1.27192
1622 1.27028
1623 1.26865
1624 1.26702
1625 1.26539
1626 1.26377
1627 1.26214
1628 1.26053
1629 1.25891
1630 1.25729
1631 1.25568
1632 1.25407
1633 1.25247
1634 1.25086
1635 1.24926
1636 1.24766
1637 1.24606
1638 1.24447
1639 1.24288
1640 1.24129
1641 1.2397
1642 1.23812
1643 1.23654
1644 1.23496
1645 1.23338
1646 1.23181
1647 1.23024
1648 1.22867
1649 1.2271
1650 1.22553
1651 1.22397
1652 1.22241
1653 1.22086
1654 1.2193
1655 1.21775
1656 1.2162
1657 1.21465
1658 1.21311
1659 1.21156
1660 1.21002
1661 1.20849
1662 1.20695
1663 1.20542
1664 1.20389
1665 1.20236
1666 1.20083
1667 1.19931
1668 1.19779
1669 1.19627
1670 1.19475
1671 1.19324
1672 1.19173
1673 1.19022
1674 1.18871
1675 1.1872
1676 1.1857
1677 1.1842
1678 1.1827
1679 1.18121
1680 1.17971
1681 1.17822
1682 1.17673
1683 1.17525
1684 1.17376
1685 1.17228
1686 1.1708
1687 1.16932
1688 1.16785
1689 1.16638
1690 1.16491
1691 1.16344
1692 1.16197
1693 1.16051
1694 1.15905
1695 1.15759
1696 1.15613
1697 1.15467
1698 1.15322
1699 1.15177
1700 1.15032
1701 1.14888
1702 1.14743
1703 1.14599
1704 1.14455
1705 1.14312
1706 1.14168
1707 1.14025
1708 1.13882
1709 1.13739
1710 1.13596
1711 1.13454
1712 1.13312
1713 1.1317
1714 1.13028
1715 1.12886
1716 1.12745
1717 1.12604
1718 1.12463
1719 1.12322
1720 1.12182
1721 1.12042
1722 1.11902
1723 1.11762
1724 1.11622
1725 1.11483
1726 1.11344
1727 1.11205
1728 1.11066
1729 1.10927
1730 1.10789
1731 1.10651
1732 1.10513
1733 1.10375
1734 1.10238
1735 1.101
1736 1.09963
1737 1.09826
1738 1.0969
1739 1.09553
1740 1.09417
1741 1.09281
1742 1.09145
1743 1.09009
1744 1.08874
1745 1.08738
1746 1.08603
1747 1.08469
1748 1.08334
1749 1.08199
1750 1.08065
1751 1.07931
1752 1.07797
1753 1.07664
1754 1.0753
1755 1.07397
1756 1.07264
1757 1.07131
1758 1.06998
1759 1.06866
1760 1.06734
1761 1.06602
1762 1.0647
1763 1.06338
1764 1.06207
1765 1.06075
1766 1.05944
1767 1.05813
1768 1.05683
1769 1.05552
1770 1.05422
1771 1.05292
1772 1.05162
1773 1.05032
1774 1.04903
1775 1.04773
1776 1.04644
1777 1.04515
1778 1.04386
1779 1.04258
1780 1.04129
1781 1.04001
1782 1.03873
1783 1.03745
1784 1.03618
1785 1.0349
1786 1.03363
1787 1.03236
1788 1.03109
1789 1.02983
1790 1.02856
1791 1.0273
1792 1.02604
1793 1.02478
1794 1.02352
1795 1.02226
1796 1.02101
1797 1.01976
1798 1.01851
1799 1.01726
1800 1.01601
1801 1.01477
1802 1.01353
1803 1.01229
1804 1.01105
1805 1.00981
1806 1.00858
1807 1.00734
1808 1.00611
1809 1.00488
1810 1.00365
1811 1.00243
1812 1.0012
1813 0.99998
1814 0.998759
1815 0.99754
1816 0.996323
1817 0.995107
1818 0.993894
1819 0.992682
1820 0.991472
1821 0.990263
1822 0.989057
1823 0.987852
1824 0.986649
1825 0.985448
1826 0.984248
1827 0.98305
1828 0.981854
1829 0.98066
1830 0.979467
1831 0.978276
1832 0.977087
1833 0.9759
1834 0.974714
1835 0.97353
1836 0.972348
1837 0.971168
1838 0.969989
1839 0.968812
1840 0.967637
1841 0.966463
1842 0.965291
1843 0.964121
1844 0.962952
1845 0.961785
1846 0.96062
1847 0.959457
1848 0.958295
1849 0.957135
1850 0.955976
1851 0.954819
1852 0.953664
1853 0.952511
1854 0.951359
1855 0.950209
1856 0.949061
1857 0.947914
1858 0.946769
1859 0.945625
1860 0.944483
1861 0.943343
1862 0.942205
1863 0.941068
1864 0.939933
1865 0.938799
1866 0.937667
1867 0.936537
1868 0.935408
1869 0.934281
1870 0.933155
1871 0.932031
1872 0.930909
1873 0.929788
1874 0.928669
1875 0.927552
1876 0.926436
1877 0.925321
1878 0.924209
1879 0.923098
1880 0.921988
1881 0.92088
1882 0.919774
1883 0.918669
1884 0.917566
1885 0.916464
1886 0.915364
1887 0.914266
1888 0.913169
1889 0.912074
1890 0.91098
1891 0.909888
1892 0.908797
1893 0.907708
1894 0.90662
1895 0.905535
1896 0.90445
1897 0.903367
1898 0.902286
1899 0.901206
1900 0.900128
1901 0.899051
1902 0.897976
1903 0.896902
1904 0.89583
1905 0.89476
1906 0.893691
1907 0.892623
1908 0.891557
1909 0.890493
1910 0.88943
1911 0.888368
1912 0.887309
1913 0.88625
1914 0.885193
1915 0.884138
1916 0.883084
1917 0.882032
1918 0.880981
1919 0.879931
1920 0.878883
1921 0.877837
1922 0.876792
1923 0.875748
1924 0.874706
1925 0.873666
1926 0.872627
1927 0.871589
1928 0.870553
1929 0.869519
1930 0.868486
1931 0.867454
1932 0.866424
1933 0.865395
1934 0.864368
1935 0.863342
1936 0.862318
1937 0.861295
1938 0.860273
1939 0.859253
1940 0.858235
1941 0.857218
1942 0.856202
1943 0.855188
1944 0.854175
1945 0.853164
1946 0.852154
1947 0.851145
1948 0.850138
1949 0.849132
1950 0.848128
1951 0.847125
1952 0.846124
1953 0.845124
1954 0.844125
1955 0.843128
1956 0.842132
1957 0.841138
1958 0.840145
1959 0.839154
1960 0.838163
1961 0.837175
1962 0.836187
1963 0.835201
1964 0.834217
1965 0.833234
1966 0.832252
1967 0.831271
1968 0.830292
1969 0.829315
1970 0.828338
1971 0.827364
1972 0.82639
1973 0.825418
1974 0.824447
1975 0.823478
1976 0.82251
1977 0.821543
1978 0.820577
1979 0.819613
1980 0.818651
1981 0.817689
1982 0.816729
1983 0.815771
1984 0.814814
1985 0.813858
1986 0.812903
1987 0.81195
1988 0.810998
1989 0.810047
1990 0.809098
1991 0.80815
1992 0.807203
1993 0.806258
1994 0.805314
1995 0.804371
1996 0.80343
1997 0.80249
1998 0.801551
1999 0.800614
2000 0.799677
2001 0.798743
2002 0.797809
2003 0.796877
2004 0.795946
2005 0.795016
2006 0.794088
2007 0.793161
2008 0.792235
2009 0.79131
2010 0.790387
2011 0.789465
2012 0.788544
2013 0.787625
2014 0.786707
2015 0.78579
2016 0.784874
2017 0.78396
2018 0.783047
2019 0.782135
2020 0.781225
2021 0.780315
2022 0.779407
2023 0.778501
2024 0.777595
2025 0.776691
2026 0.775788
2027 0.774886
2028 0.773985
2029 0.773086
2030 0.772188
2031 0.771291
2032 0.770396
2033 0.769501
2034 0.768608
2035 0.767717
2036 0.766826
2037 0.765937
2038 0.765048
2039 0.764161
2040 0.763276
2041 0.762391
2042 0.761508
2043 0.760626
2044 0.759745
2045 0.758866
2046 0.757987
2047 0.75711
2048 0.756234
2049 0.755359
2050 0.754486
2051 0.753613
2052 0.752742
2053 0.751872
2054 0.751004
2055 0.750136
2056 0.74927
2057 0.748405
2058 0.747541
2059 0.746678
2060 0.745817
2061 0.744956
2062 0.744097
2063 0.743239
2064 0.742382
2065 0.741527
2066 0.740672
2067 0.739819
2068 0.738967
2069 0.738116
2070 0.737266
2071 0.736418
2072 0.73557
2073 0.734724
2074 0.733879
2075 0.733035
2076 0.732192
2077 0.731351
2078 0.73051
2079 0.729671
2080 0.728833
2081 0.727996
2082 0.72716
2083 0.726325
2084 0.725492
2085 0.724659
2086 0.723828
2087 0.722998
2088 0.722169
2089 0.721341
2090 0.720515
2091 0.719689
2092 0.718865
2093 0.718042
2094 0.717219
2095 0.716398
2096 0.715579
2097 0.71476
2098 0.713942
2099 0.713126
2100 0.71231
2101 0.711496
2102 0.710683
2103 0.709871
2104 0.70906
2105 0.70825
2106 0.707441
2107 0.706634
2108 0.705827
2109 0.705022
2110 0.704218
2111 0.703414
2112 0.702612
2113 0.701811
2114 0.701011
2115 0.700213
2116 0.699415
2117 0.698618
2118 0.697823
2119 0.697028
2120 0.696235
2121 0.695443
2122 0.694651
2123 0.693861
2124 0.693072
2125 0.692284
2126 0.691497
2127 0.690712
2128 0.689927
2129 0.689143
2130 0.68836
2131 0.687579
2132 0.686798
2133 0.686019
2134 0.68524
2135 0.684463
2136 0.683687
2137 0.682912
2138 0.682137
2139 0.681364
2140 0.680592
2141 0.679821
2142 0.679051
2143 0.678282
2144 0.677514
2145 0.676747
2146 0.675981
2147 0.675217
2148 0.674453
2149 0.67369
2150 0.672928
2151 0.672168
2152 0.671408
2153 0.670649
2154 0.669892
2155 0.669135
2156 0.668379
2157 0.667625
2158 0.666871
2159 0.666119
2160 0.665367
2161 0.664616
2162 0.663867
2163 0.663118
2164 0.662371
2165 0.661624
2166 0.660879
2167 0.660134
2168 0.659391
2169 0.658648
2170 0.657907
2171 0.657166
2172 0.656426
2173 0.655688
2174 0.65495
2175 0.654214
2176 0.653478
2177 0.652743
2178 0.65201
2179 0.651277
2180 0.650545
2181 0.649815
2182 0.649085
2183 0.648356
2184 0.647629
2185 0.646902
2186 0.646176
2187 0.645451
2188 0.644727
2189 0.644004
2190 0.643283
2191 0.642562
2192 0.641842
2193 0.641123
2194 0.640405
2195 0.639687
2196 0.638971
2197 0.638256
2198 0.637542
2199 0.636829
2200 0.636116
2201 0.635405
2202 0.634695
2203 0.633985
2204 0.633277
2205 0.632569
2206 0.631863
2207 0.631157
2208 0.630452
2209 0.629749
2210 0.629046
2211 0.628344
2212 0.627643
2213 0.626943
2214 0.626244
2215 0.625546
2216 0.624849
2217 0.624153
2218 0.623457
2219 0.622763
2220 0.62207
2221 0.621377
2222 0.620686
2223 0.619995
2224 0.619305
2225 0.618617
2226 0.617929
2227 0.617242
2228 0.616556
2229 0.615871
2230 0.615186
2231 0.614503
2232 0.613821
2233 0.613139
2234 0.612459
2235 0.611779
2236 0.611101
2237 0.610423
2238 0.609746
2239 0.60907
2240 0.608395
2241 0.60772
2242 0.607047
2243 0.606375
2244 0.605703
2245 0.605032
2246 0.604363
2247 0.603694
2248 0.603026
2249 0.602359
2250 0.601692
2251 0.601027
2252 0.600363
2253 0.599699
2254 0.599036
2255 0.598375
2256 0.597714
2257 0.597054
2258 0.596394
2259 0.595736
2260 0.595079
2261 0.594422
2262 0.593766
2263 0.593111
2264 0.592457
2265 0.591804
2266 0.591152
2267 0.5905
2268 0.58985
2269 0.5892
2270 0.588551
2271 0.587903
2272 0.587256
2273 0.58661
2274 0.585964
2275 0.58532
2276 0.584676
2277 0.584033
2278 0.583391
2279 0.582749
2280 0.582109
2281 0.581469
2282 0.580831
2283 0.580193
2284 0.579556
2285 0.578919
2286 0.578284
2287 0.57765
2288 0.577016
2289 0.576383
2290 0.575751
2291 0.57512
2292 0.574489
2293 0.57386
2294 0.573231
2295 0.572603
2296 0.571976
2297 0.57135
2298 0.570724
2299 0.5701
2300 0.569476
2301 0.568853
2302 0.568231
2303 0.56761
2304 0.566989
2305 0.566369
2306 0.565751
2307 0.565133
2308 0.564515
2309 0.563899
2310 0.563283
2311 0.562669
2312 0.562055
2313 0.561442
2314 0.560829
2315 0.560218
2316 0.559607
2317 0.558997
2318 0.558388
2319 0.55778
2320 0.557173
2321 0.556566
2322 0.55596
2323 0.555355
2324 0.554751
2325 0.554147
2326 0.553545
2327 0.552943
2328 0.552342
2329 0.551742
2330 0.551142
2331 0.550544
2332 0.549946
2333 0.549349
2334 0.548753
2335 0.548157
2336 0.547563
2337 0.546969
2338 0.546376
2339 0.545783
2340 0.545192
2341 0.544601
2342 0.544011
2343 0.543422
2344 0.542834
2345 0.542246
2346 0.541659
2347 0.541073
2348 0.540488
2349 0.539903
2350 0.539319
2351 0.538736
2352 0.538154
2353 0.537572
2354 0.536992
2355 0.536412
2356 0.535832
2357 0.535254
2358 0.534676
2359 0.534099
2360 0.533523
2361 0.532947
2362 0.532372
2363 0.531798
2364 0.531225
2365 0.530652
2366 0.53008
2367 0.529509
2368 0.528938
2369 0.528368
2370 0.527799
2371 0.527231
2372 0.526663
2373 0.526096
2374 0.52553
2375 0.524965
2376 0.5244
2377 0.523836
2378 0.523272
2379 0.52271
2380 0.522148
2381 0.521586
2382 0.521026
2383 0.520466
2384 0.519906
2385 0.519348
2386 0.51879
2387 0.518233
2388 0.517676
2389 0.51712
2390 0.516565
2391 0.516011
2392 0.515457
2393 0.514904
2394 0.514351
2395 0.513799
2396 0.513248
2397 0.512698
2398 0.512148
2399 0.511599
2400 0.51105
2401 0.510503
2402 0.509956
2403 0.509409
2404 0.508864
2405 0.508319
2406 0.507774
2407 0.507231
2408 0.506688
2409 0.506146
2410 0.505604
2411 0.505064
2412 0.504523
2413 0.503984
2414 0.503446
2415 0.502908
2416 0.502371
2417 0.501834
2418 0.501298
2419 0.500763
2420 0.500229
2421 0.499696
2422 0.499163
2423 0.498631
2424 0.498099
2425 0.497569
2426 0.497039
2427 0.49651
2428 0.495981
2429 0.495454
2430 0.494927
2431 0.494401
2432 0.493876
2433 0.493351
2434 0.492827
2435 0.492304
2436 0.491782
2437 0.49126
2438 0.49074
2439 0.49022
2440 0.4897
2441 0.489182
2442 0.488664
2443 0.488147
2444 0.487631
2445 0.487116
2446 0.486601
2447 0.486088
2448 0.485575
2449 0.485063
2450 0.484551
2451 0.484041
2452 0.483531
2453 0.483022
2454 0.482514
2455 0.482007
2456 0.4815
2457 0.480994
2458 0.480489
2459 0.479985
2460 0.479482
2461 0.478979
2462 0.478477
2463 0.477976
2464 0.477476
2465 0.476976
2466 0.476477
2467 0.475979
2468 0.475481
2469 0.474984
2470 0.474488
2471 0.473992
2472 0.473497
2473 0.473002
2474 0.472508
2475 0.472015
2476 0.471522
2477 0.47103
2478 0.470539
2479 0.470047
2480 0.469557
2481 0.469067
2482 0.468577
2483 0.468088
2484 0.4676
2485 0.467112
2486 0.466624
2487 0.466137
2488 0.46565
2489 0.465164
2490 0.464678
2491 0.464193
2492 0.463708
2493 0.463223
2494 0.462738
2495 0.462254
2496 0.461771
2497 0.461287
2498 0.460804
2499 0.460322
2500 0.459839
2501 0.459357
2502 0.458875
2503 0.458394
2504 0.457912
2505 0.457431
2506 0.45695
2507 0.456469
2508 0.455989
2509 0.455509
2510 0.455028
2511 0.454548
2512 0.454069
2513 0.453589
2514 0.453109
2515 0.45263
2516 0.45215
2517 0.451671
2518 0.451192
2519 0.450713
2520 0.450234
2521 0.449755
2522 0.449276
2523 0.448797
2524 0.448318
2525 0.447839
2526 0.44736
2527 0.446881
2528 0.446402
2529 0.445923
2530 0.445444
2531 0.444966
2532 0.444487
2533 0.444008
2534 0.443529
2535 0.443051
2536 0.442572
2537 0.442093
2538 0.441615
2539 0.441136
2540 0.440657
2541 0.440179
2542 0.4397
2543 0.439222
2544 0.438743
2545 0.438264
2546 0.437786
2547 0.437307
2548 0.436829
2549 0.436351
2550 0.435872
2551 0.435394
2552 0.434915
2553 0.434437
2554 0.433959
2555 0.43348
2556 0.433002
2557 0.432524
2558 0.432046
2559 0.431567
2560 0.431089
2561 0.430611
2562 0.430133
2563 0.429655
2564 0.429177
2565 0.428698
2566 0.42822
2567 0.427742
2568 0.427264
2569 0.426786
2570 0.426308
2571 0.42583
2572 0.425352
2573 0.424874
2574 0.424396
2575 0.423918
2576 0.423441
2577 0.422963
2578 0.422485
2579 0.422007
2580 0.421529
2581 0.421052
2582 0.420574
2583 0.420096
2584 0.419618
2585 0.419141
2586 0.418663
2587 0.418185
2588 0.417708
2589 0.41723
2590 0.416753
2591 0.416275
2592 0.415797
2593 0.41532
2594 0.414842
2595 0.414365
2596 0.413887
2597 0.41341
2598 0.412933
2599 0.412455
2600 0.411978
2601 0.4115
2602 0.411023
2603 0.410546
2604 0.410069
2605 0.409591
2606 0.409114
2607 0.408637
2608 0.40816
2609 0.407682
2610 0.407205
2611 0.406728
2612 0.406251
2613 0.405774
2614 0.405297
2615 0.40482
2616 0.404343
2617 0.403866
2618 0.403389
2619 0.402912
2620 0.402435
2621 0.401958
2622 0.401481
2623 0.401004
2624 0.400527
2625 0.40005
2626 0.399573
2627 0.399097
2628 0.39862
2629 0.398143
2630 0.397666
2631 0.397189
2632 0.396713
2633 0.396236
2634 0.395759
2635 0.395283
2636 0.394806
2637 0.39433
2638 0.393853
2639 0.393376
2640 0.3929
2641 0.392423
2642 0.391947
2643 0.39147
2644 0.390994
2645 0.390517
2646 0.390041
2647 0.389565
2648 0.389088
2649 0.388612
2650 0.388135
2651 0.387659
2652 0.387183
2653 0.386707
2654 0.38623
2655 0.385754
2656 0.385278
2657 0.384802
2658 0.384326
2659 0.383849
2660 0.383373
2661 0.382897
2662 0.382421
2663 0.381945
2664 0.381469
2665 0.380993
2666 0.380517
2667 0.380041
2668 0.379565
2669 0.379089
2670 0.378613
2671 0.378137
2672 0.377661
2673 0.377185
2674 0.37671
2675 0.376234
2676 0.375758
2677 0.375282
2678 0.374807
2679 0.374331
2680 0.373855
2681 0.373379
2682 0.372904
2683 0.372428
2684 0.371952
2685 0.371477
2686 0.371001
2687 0.370526
2688 0.37005
2689 0.369575
2690 0.369099
2691 0.368624
2692 0.368148
2693 0.367673
2694 0.367197
2695 0.366722
2696 0.366246
2697 0.365771
2698 0.365296
2699 0.36482
2700 0.364345
2701 0.36387
2702 0.363395
2703 0.362919
2704 0.362444
2705 0.361969
2706 0.361494
2707 0.361019
2708 0.360544
2709 0.360068
2710 0.359593
2711 0.359118
2712 0.358643
2713 0.358168
2714 0.357693
2715 0.357218
2716 0.356743
2717 0.356268
2718 0.355793
2719 0.355318
2720 0.354844
2721 0.354369
2722 0.353894
2723 0.353419
2724 0.352944
2725 0.352469
2726 0.351995
2727 0.35152
2728 0.351045
2729 0.350571
2730 0.350096
2731 0.349621
2732 0.349147
2733 0.348672
2734 0.348197
2735 0.347723
2736 0.347248
2737 0.346774
2738 0.346299
2739 0.345825
2740 0.34535
2741 0.344876
2742 0.344401
2743 0.343927
2744 0.343453
2745 0.342978
2746 0.342504
2747 0.34203
2748 0.341555
2749 0.341081
2750 0.340607
2751 0.340132
2752 0.339658
2753 0.339184
2754 0.33871
2755 0.338236
2756 0.337762
2757 0.337287
2758 0.336813
2759 0.336339
2760 0.335865
2761 0.335391
2762 0.334917
2763 0.334443
2764 0.333969
2765 0.333495
2766 0.333021
2767 0.332547
2768 0.332074
2769 0.3316
2770 0.331126
2771 0.330652
2772 0.330178
2773 0.329704
2774 0.329231
2775 0.328757
2776 0.328283
2777 0.32781
2778 0.327336
2779 0.326862
2780 0.326389
2781 0.325915
2782 0.325441
2783 0.324968
2784 0.324494
2785 0.324021
2786 0.323547
2787 0.323074
2788 0.3226
2789 0.322127
2790 0.321653
2791 0.32118
2792 0.320707
2793 0.320233
2794 0.31976
2795 0.319287
2796 0.318813
2797 0.31834
2798 0.317867
2799 0.317393
2800 0.31692
2801 0.316447
2802 0.315974
2803 0.315501
2804 0.315028
2805 0.314554
2806 0.314081
2807 0.313608
2808 0.313135
2809 0.312662
2810 0.312189
2811 0.311716
2812 0.311243
2813 0.31077
2814 0.310297
2815 0.309824
2816 0.309351
2817 0.308879
2818 0.308406
2819 0.307933
2820 0.30746
2821 0.306987
2822 0.306515
2823 0.306042
2824 0.305569
2825 0.305096
2826 0.304624
2827 0.304151
2828 0.303678
2829 0.303206
2830 0.302733
2831 0.302261
2832 0.301788
2833 0.301316
2834 0.300843
2835 0.300371
2836 0.299898
2837 0.299426
2838 0.298953
2839 0.298481
2840 0.298008
2841 0.297536
2842 0.297064
2843 0.296591
2844 0.296119
2845 0.295647
2846 0.295174
2847 0.294702
2848 0.29423
2849 0.293758
2850 0.293286
2851 0.292813
2852 0.292341
2853 0.291869
2854 0.291397
2855 0.290925
2856 0.290453
2857 0.289981
2858 0.289509
2859 0.289037
2860 0.288565
2861 0.288093
2862 0.287621
2863 0.287149
2864 0.286677
2865 0.286205
2866 0.285733
2867 0.285262
2868 0.28479
2869 0.284318
2870 0.283846
2871 0.283374
2872 0.282903
2873 0.282431
2874 0.281959
2875 0.281488
2876 0.281016
2877 0.280544
2878 0.280073
2879 0.279601
2880 0.27913
2881 0.278658
2882 0.278187
2883 0.277715
2884 0.277244
2885 0.276772
2886 0.276301
2887 0.275829
2888 0.275358
2889 0.274886
2890 0.274415
2891 0.273944
2892 0.273472
2893 0.273001
2894 0.27253
2895 0.272059
2896 0.271587
2897 0.271116
2898 0.270645
2899 0.270174
2900 0.269703
2901 0.269232
2902 0.26876
2903 0.268289
2904 0.267818
2905 0.267347
2906 0.266876
2907 0.266405
2908 0.265934
2909 0.265463
2910 0.264992
2911 0.264521
2912 0.264051
2913 0.26358
2914 0.263109
2915 0.262638
2916 0.262167
2917 0.261696
2918 0.261226
2919 0.260755
2920 0.260284
2921 0.259813
2922 0.259343
2923 0.258872
2924 0.258401
2925 0.257931
2926 0.25746
2927 0.25699
2928 0.256519
2929 0.256048
2930 0.255578
2931 0.255107
2932 0.254637
2933 0.254166
2934 0.253696
2935 0.253226
2936 0.252755
2937 0.252285
2938 0.251814
2939 0.251344
2940 0.250874
2941 0.250403
2942 0.249933
2943 0.249463
2944 0.248993
2945 0.248522
2946 0.248052
2947 0.247582
2948 0.247112
2949 0.246642
2950 0.246172
2951 0.245702
2952 0.245231
2953 0.244761
2954 0.244291
2955 0.243821
2956 0.243351
2957 0.242881
2958 0.242411
2959 0.241942
2960 0.241472
2961 0.241002
2962 0.240532
2963 0.240062
2964 0.239592
2965 0.239122
2966 0.238653
2967 0.238183
2968 0.237713
2969 0.237243
2970 0.236774
2971 0.236304
2972 0.235834
2973 0.235365
2974 0.234895
2975 0.234426
2976 0.233956
2977 0.233486
2978 0.233017
2979 0.232547
2980 0.232078
2981 0.231608
2982 0.231139
2983 0.23067
2984 0.2302
2985 0.229731
2986 0.229261
2987 0.228792
2988 0.228323
2989 0.227853
2990 0.227384
2991 0.226915
2992 0.226446
2993 0.225976
2994 0.225507
2995 0.225038
2996 0.224569
2997 0.2241
2998 0.223631
2999 0.223161
3000 0.222692
3001 0.222223
3002 0.221754
3003 0.221285
3004 0.220816
3005 0.220347
3006 0.219878
3007 0.219409
3008 0.21894
3009 0.218472
3010 0.218003
3011 0.217534
3012 0.217065
3013 0.216596
3014 0.216127
3015 0.215659
3016 0.21519
3017 0.214721
3018 0.214252
3019 0.213784
3020 0.213315
3021 0.212846
3022 0.212378
3023 0.211909
3024 0.211441
3025 0.210972
3026 0.210504
3027 0.210035
3028 0.209567
3029 0.209098
3030 0.20863
3031 0.208161
3032 0.207693
3033 0.207224
3034 0.206756
3035 0.206288
3036 0.205819
3037 0.205351
3038 0.204883
3039 0.204414
3040 0.203946
3041 0.203478
3042 0.20301
3043 0.202541
3044 0.202073
3045 0.201605
3046 0.201137
3047 0.200669
3048 0.200201
3049 0.199733
3050 0.199265
3051 0.198797
3052 0.198329
3053 0.197861
3054 0.197393
3055 0.196925
3056 0.196457
3057 0.195989
3058 0.195521
3059 0.195053
3060 0.194585
3061 0.194118
3062 0.19365
3063 0.193182
3064 0.192714
3065 0.192247
3066 0.191779
3067 0.191311
3068 0.190843
3069 0.190376
3070 0.189908
3071 0.189441
3072 0.188973
3073 0.188505
3074 0.188038
3075 0.18757
3076 0.187103
3077 0.186635
3078 0.186168
3079 0.1857
3080 0.185233
3081 0.184766
3082 0.184298
3083 0.183831
3084 0.183363
3085 0.182896
3086 0.182429
3087 0.181962
3088 0.181494
3089 0.181027
3090 0.18056
3091 0.180093
3092 0.179625
3093 0.179158
3094 0.178691
3095 0.178224
3096 0.177757
3097 0.17729
3098 0.176823
3099 0.176356
3100 0.175889
3101 0.175422
3102 0.174955
3103 0.174488
3104 0.174021
3105 0.173554
3106 0.173087
3107 0.17262
3108 0.172153
3109 0.171687
3110 0.17122
3111 0.170753
3112 0.170286
3113 0.16982
3114 0.169353
3115 0.168886
3116 0.168419
3117 0.167953
3118 0.167486
3119 0.167019
3120 0.166553
3121 0.166086
3122 0.16562
3123 0.165153
3124 0.164687
3125 0.16422
3126 0.163754
3127 0.163287
3128 0.162821
3129 0.162354
3130 0.161888
3131 0.161422
3132 0.160955
3133 0.160489
3134 0.160023
3135 0.159556
3136 0.15909
3137 0.158624
3138 0.158158
3139 0.157691
3140 0.157225
3141 0.156759
3142 0.156293
3143 0.155827
3144 0.155361
3145 0.154895
3146 0.154429
3147 0.153963
3148 0.153496
3149 0.15303
3150 0.152565
3151 0.152099
3152 0.151633
3153 0.151167
3154 0.150701
3155 0.150235
3156 0.149769
3157 0.149303
3158 0.148837
3159 0.148372
3160 0.147906
3161 0.14744
3162 0.146974
3163 0.146509
3164 0.146043
3165 0.145577
3166 0.145112
3167 0.144646
3168 0.14418
3169 0.143715
3170 0.143249
3171 0.142784
3172 0.142318
3173 0.141853
3174 0.141387
3175 0.140922
3176 0.140456
3177 0.139991
3178 0.139525
3179 0.13906
3180 0.138595
3181 0.138129
3182 0.137664
3183 0.137199
3184 0.136733
3185 0.136268
3186 0.135803
3187 0.135338
3188 0.134873
3189 0.134407
3190 0.133942
3191 0.133477
3192 0.133012
3193 0.132547
3194 0.132082
3195 0.131617
3196 0.131152
3197 0.130687
3198 0.130222
3199 0.129757
3200 0.129292
3201 0.128827
3202 0.128362
3203 0.127897
3204 0.127432
3205 0.126967
3206 0.126503
3207 0.126038
3208 0.125573
3209 0.125108
3210 0.124643
3211 0.124179
3212 0.123714
3213 0.123249
3214 0.122785
3215 0.12232
3216 0.121855
3217 0.121391
3218 0.120926
3219 0.120462
3220 0.119997
3221 0.119533
3222 0.119068
3223 0.118604
3224 0.118139
3225 0.117675
3226 0.11721
3227 0.116746
3228 0.116282
3229 0.115817
3230 0.115353
3231 0.114889
3232 0.114424
3233 0.11396
3234 0.113496
3235 0.113032
3236 0.112567
3237 0.112103
3238 0.111639
3239 0.111175
3240 0.110711
3241 0.110247
3242 0.109783
3243 0.109318
3244 0.108854
3245 0.10839
3246 0.107926
3247 0.107462
3248 0.106998
3249 0.106535
3250 0.106071
3251 0.105607
3252 0.105143
3253 0.104679
3254 0.104215
3255 0.103751
3256 0.103288
3257 0.102824
3258 0.10236
3259 0.101896
3260 0.101433
3261 0.100969
3262 0.100505
3263 0.100042
3264 0.0995779
3265 0.0991143
3266 0.0986507
3267 0.0981872
3268 0.0977236
3269 0.0972601
3270 0.0967966
3271 0.0963331
3272 0.0958696
3273 0.0954062
3274 0.0949428
3275 0.0944794
3276 0.094016
3277 0.0935526
3278 0.0930893
3279 0.092626
3280 0.0921627
3281 0.0916994
3282 0.0912361
3283 0.0907729
3284 0.0903097
3285 0.0898465
3286 0.0893833
3287 0.0889201
3288 0.088457
3289 0.0879939
3290 0.0875308
3291 0.0870677
3292 0.0866047
3293 0.0861416
3294 0.0856786
3295 0.0852156
3296 0.0847527
3297 0.0842897
3298 0.0838268
3299 0.0833639
3300 0.082901
3301 0.0824381
3302 0.0819753
3303 0.0815124
3304 0.0810496
3305 0.0805869
3306 0.0801241
3307 0.0796613
3308 0.0791986
3309 0.0787359
3310 0.0782732
3311 0.0778106
3312 0.0773479
3313 0.0768853
3314 0.0764227
3315 0.0759601
3316 0.0754976
3317 0.075035
3318 0.0745725
3319 0.07411
3320 0.0736475
3321 0.0731851
3322 0.0727227
3323 0.0722602
3324 0.0717978
3325 0.0713355
3326 0.0708731
3327 0.0704108
3328 0.0699485
3329 0.0694862
3330 0.0690239
3331 0.0685617
3332 0.0680994
3333 0.0676372
3334 0.067175
3335 0.0667129
3336 0.0662507
3337 0.0657886
3338 0.0653265
3339 0.0648644
3340 0.0644023
3341 0.0639403
3342 0.0634783
3343 0.0630163
3344 0.0625543
3345 0.0620923
3346 0.0616304
3347 0.0611685
3348 0.0607066
3349 0.0602447
3350 0.0597828
3351 0.059321
3352 0.0588592
3353 0.0583974
3354 0.0579356
3355 0.0574738
3356 0.0570121
3357 0.0565504
3358 0.0560887
3359 0.055627
3360 0.0551654
3361 0.0547037
3362 0.0542421
3363 0.0537805
3364 0.053319
3365 0.0528574
3366 0.0523959
3367 0.0519344
3368 0.0514729
3369 0.0510114
3370 0.05055
3371 0.0500885
3372 0.0496271
3373 0.0491657
3374 0.0487044
3375 0.048243
3376 0.0477817
3377 0.0473204
3378 0.0468591
3379 0.0463979
3380 0.0459366
3381 0.0454754
3382 0.0450142
3383 0.044553
3384 0.0440918
3385 0.0436307
3386 0.0431696
3387 0.0427085
3388 0.0422474
3389 0.0417864
3390 0.0413253
3391 0.0408643
3392 0.0404033
3393 0.0399423
3394 0.0394814
3395 0.0390204
3396 0.0385595
3397 0.0380986
3398 0.0376378
3399 0.0371769
3400 0.0367161
3401 0.0362553
3402 0.0357945
3403 0.0353337
3404 0.034873
3405 0.0344122
3406 0.0339515
3407 0.0334909
3408 0.0330302
3409 0.0325695
3410 0.0321089
3411 0.0316483
3412 0.0311877
3413 0.0307272
3414 0.0302666
3415 0.0298061
3416 0.0293456
3417 0.0288851
3418 0.0284247
3419 0.0279642
3420 0.0275038
3421 0.0270434
3422 0.026583
3423 0.0261227
3424 0.0256623
3425 0.025202
3426 0.0247417
3427 0.0242814
3428 0.0238212
3429 0.0233609
3430 0.0229007
3431 0.0224405
3432 0.0219804
3433 0.0215202
3434 0.0210601
3435 0.0206
3436 0.0201399
3437 0.0196798
3438 0.0192198
3439 0.0187597
3440 0.0182997
3441 0.0178397
3442 0.0173798
3443 0.0169198
3444 0.0164599
3445 0.016
3446 0.0155401
3447 0.0150802
3448 0.0146204
3449 0.0141606
3450 0.0137008
3451 0.013241
3452 0.0127812
3453 0.0123215
3454 0.0118618
3455 0.0114021
3456 0.0109424
3457 0.0104827
3458 0.0100231
3459 0.00956346
3460 0.00910386
3461 0.00864428
3462 0.00818473
3463 0.00772519
3464 0.00726567
3465 0.00680618
3466 0.00634671
3467 0.00588725
3468 0.00542782
3469 0.00496841
3470 0.00450901
3471 0.00404964
3472 0.00359029
3473 0.00313096
3474 0.00267165
3475 0.00221236
3476 0.00175309
3477 0.00129384
3478 0.000834615
3479 0.000375407
3480 0
3481 0
3482 0
3483 0
3484 0
3485 0
3486 0
3487 0
3488 0
3489 0
3490 0
3491 0
3492 0
3493 0
3494 0
3495 0
3496 0
3497 0
3498 0
3499 0
3500 0
3501 0
3502 0
3503 0
3504 0
3505 0
3506 0
3507 0
3508 0
3509 0
3510 0
3511 0
3512 0
3513 0
3514 0
3515 0
3516 0
3517 0
3518 0
3519 0
3520 0
3521 0
3522 0
3523 0
3524 0
3525 0
3526 0
3527 0
3528 0
3529 0
3530 0
3531 0
3532 0
3533 0
3534 0
3535 0
3536 0
3537 0
3538 0
3539 0
3540 0
3541 0
3542 0
3543 0
3544 0
3545 0
3546 0
3547 0
3548 0
3549 0
3550 0
3551 0
3552 0
3553 0
3554 0
3555 0
3556 0
3557 0
3558 0
3559 0
3560 0
3561 0
3562 0
3563 0
3564 0
3565 0
3566 0
3567 0
3568 0
3569 0
3570 0
3571 0
3572 0
3573 0
3574 0
3575 0
3576 0
3577 0
3578 0
3579 0
3580 0
3581 0
3582 0
3583 0
3584 0
3585 0
3586 0
3587 0
3588 0
3589 0
3590 0
3591 0
3592 0
3593 0
3594 0
3595 0
3596 0
3597 0
3598 0
3599 0
3600 0
3601 0
3602 0
3603 0
3604 0
3605 0
3606 0
3607 0
3608 0
3609 0
3610 0
3611 0
3612 0
3613 0
3614 0
3615 0
3616 0
3617 0
3618 0
3619 0
3620 0
3621 0
3622 0
3623 0
3624 0
3625 0
3626 0
3627 0
3628 0
3629 0
3630 0
3631 0
3632 0
3633 0
3634 0
3635 0
3636 0
3637 0
3638 0
3639 0
3640 0
3641 0
3642 0
3643 0
3644 0
3645 0
3646 0
3647 0
3648 0
3649 0
3650 0
3651 0
3652 0
3653 0
3654 0
3655 0
3656 0
3657 0
3658 0
3659 0
3660 0
3661 0
3662 0
3663 0
3664 0
3665 0
3666 0
3667 0
3668 0
3669 0
3670 0
3671 0
3672 0
3673 0
3674 0
3675 0
3676 0
3677 0
3678 0
3679 0
3680 0
3681 0
3682 0
3683 0
3684 0
3685 0
3686 0
3687 0
3688 0
3689 0
3690 0
3691 0
3692 0
3693 0
3694 0
3695 0
3696 0
3697 0
3698 0
3699 0
3700 0
3701 0
3702 0
3703 0
3704 0
3705 0
3706 0
3707 0
3708 0
3709 0
3710 0
3711 0
3712 0
3713 0
3714 0
3715 0
3716 0
3717 0
3718 0
3719 0
3720 0
3721 0
3722 0
3723 0
3724 0
3725 0
3726 0
3727 0
3728 0
3729 0
3730 0
3731 0
3732 0
3733 0
3734 0
3735 0
3736 0
3737 0
3738 0
3739 0
3740 0
3741 0
3742 0
3743 0
3744 0
3745 0
3746 0
3747 0
3748 0
3749 0
3750 0
3751 0
3752 0
3753 0
3754 0
3755 0
3756 0
3757 0
3758 0
3759 0
3760 0
3761 0
3762 0
3763 0
3764 0
3765 0
3766 0
3767 0
3768 0
3769 0
3770 0
3771 0
3772 0
3773 0
3774 0
3775 0
3776 0
3777 0
3778 0
3779 0
3780 0
3781 0
3782 0
3783 0
3784 0
3785 0
3786 0
3787 0
3788 0
3789 0
3790 0
3791 0
3792 0
3793 0
3794 0
3795 0
3796 0
3797 0
3798 0
3799 0
3800 0
3801 0
3802 0
3803 0
3804 0
3805 0
3806 0
3807 0
3808 0
3809 0
3810 0
3811 0
3812 0
3813 0
3814 0
3815 0
3816 0
3817 0
3818 0
3819 0
3820 0
3821 0
3822 0
3823 0
3824 0
3825 0
3826 0
3827 0
3828 0
3829 0
3830 0
3831 0
3832 0
3833 0
3834 0
3835 0
3836 0
3837 0
3838 0
3839 0
3840 0
3841 0
3842 0
3843 0
3844 0
3845 0
3846 0
3847 0
3848 0
3849 0
3850 0
3851 0
3852 0
3853 0
3854 0
3855 0
3856 0
3857 0
3858 0
3859 0
3860 0
3861 0
3862 0
3863 0
3864 0
3865 0
3866 0
3867 0
3868 0
3869 0
3870 0
3871 0
3872 0
3873 0
3874 0
3875 0
3876 0
3877 0
3878 0
3879 0
3880 0
3881 0
3882 0
3883 0
3884 0
3885 0
3886 0
3887 0
3888 0
3889 0
3890 0
3891 0
3892 0
3893 0
3894 0
3895 0
3896 0
3897 0
3898 0
3899 0
3900 0
3901 0
3902 0
3903 0
3904 0
3905 0
3906 0
3907 0
3908 0
3909 0
3910 0
3911 0
3912 0
3913 0
3914 0
3915 0
3916 0
3917 0
3918 0
3919 0
3920 0
3921 0
3922 0
3923 0
3924 0
3925 0
3926 0
3927 0
3928 0
3929 0
3930 0
3931 0
3932 0
3933 0
3934 0
3935 0
3936 0
3937 0
3938 0
3939 0
3940 0
3941 0
3942 0
3943 0
3944 0
3945 0
3946 0
3947 0
3948 0
3949 0
3950 0
3951 0
3952 0
3953 0
3954 0
3955 0
3956 0
3957 0
3958 0
3959 0
3960 0
3961 0
3962 0
3963 0
3964 0
3965 0
3966 0
3967 0
3968 0
3969 0
3970 0
3971 0
3972 0
3973 0
3974 0
3975 0
3976 0
3977 0
3978 0
3979 0
3980 0
3981 0
3982 0
3983 0
3984 0
3985 0
3986 0
3987 0
3988 0
3989 0
3990 0
3991 0
3992 0
3993 0
3994 0
3995 0
3996 0
3997 0
3998 0
3999 0
4000 0
4001 0
4002 0
4003 0
4004 0
4005 0
4006 0
4007 0
4008 0
4009 0
4010 0
4011 0
4012 0
4013 0
4014 0
4015 0
4016 0
4017 0
4018 0
4019 0
4020 0
4021 0
4022 0
4023 0
4024 0
4025 0
4026 0
4027 0
4028 0
4029 0
4030 0
4031 0
4032 0
4033 0
4034 0
4035 0
4036 0
4037 0
4038 0
4039 0
4040 0
4041 0
4042 0
4043 0
4044 0
4045 0
4046 0
4047 0
4048 0
4049 0
4050 0
4051 0
4052 0
4053 0
4054 0
4055 0
4056 0
4057 0
4058 0
4059 0
4060 0
4061 0
4062 0
4063 0
4064 0
4065 0
4066 0
4067 0
4068 0
4069 0
4070 0
4071 0
4072 0
4073 0
4074 0
4075 0
4076 0
4077 0
4078 0
4079 0
4080 0
4081 0
4082 0
4083 0
4084 0
4085 0
4086 0
4087 0
4088 0
4089 0
4090 0
4091 0
4092 0
4093 0
4094 0
4095 0
4096 0
4097 0
4098 0
4099 0
4100 0
4101 0
4102 0
4103 0
4104 0
4105 0
4106 0
4107 0
4108 0
4109 0
4110 0
4111 0
4112 0
4113 0
4114 0
4115 0
4116 0
4117 0
4118 0
4119 0
4120 0
4121 0
4122 0
4123 0
4124 0
4125 0
4126 0
4127 0
4128 0
4129 0
4130 0
4131 0
4132 0
4133 0
4134 0
4135 0
4136 0
4137 0
4138 0
4139 0
4140 0
4141 0
4142 0
4143 0
4144 0
4145 0
4146 0
4147 0
4148 0
4149 0
4150 0
4151 0
4152 0
4153 0
4154 0
4155 0
4156 0
4157 0
4158 0
4159 0
4160 0
4161 0
4162 0
4163 0
4164 0
4165 0
4166 0
4167 0
4168 0
4169 0
4170 0
4171 0
4172 0
4173 0
4174 0
4175 0
4176 0
4177 0
4178 0
4179 0
4180 0
4181 0
4182 0
4183 0
4184 0
4185 0
4186 0
4187 0
4188 0
4189 0
4190 0
4191 0
4192 0
4193 0
4194 0
4195 0
4196 0
4197 0
4198 0
4199 0
4200 0
4201 0
4202 0
4203 0
4204 0
4205 0
4206 0
4207 0
4208 0
4209 0
4210 0
4211 0
4212 0
4213 0
4214 0
4215 0
4216 0
4217 0
4218 0
4219 0
4220 0
4221 0
4222 0
4223 0
4224 0
4225 0
4226 0
4227 0
4228 0
4229 0
4230 0
4231 0
4232 0
4233 0
4234 0
4235 0
4236 0
4237 0
4238 0
4239 0
4240 0
4241 0
4242 0
4243 0
4244 0
4245 0
4246 0
4247 0
4248 0
4249 0
4250 0
4251 0
4252 0
4253 0
4254 0
4255 0
4256 0
4257 0
4258 0
4259 0
4260 0
4261 0
4262 0
4263 0
4264 0
4265 0
4266 0
4267 0
4268 0
4269 0
4270 0
4271 0
4272 0
4273 0
4274 0
4275 0
4276 0
4277 0
4278 0
4279 0
4280 0
4281 0
4282 0
4283 0
4284 0
4285 0
4286 0
4287 0
4288 0
4289 0
4290 0
4291 0
4292 0
4293 0
4294 0
4295 0
4296 0
4297 0
4298 0
4299 0
4300 0
4301 0
4302 0
4303 0
4304 0
4305 0
4306 0
4307 0
4308 0
4309 0
4310 0
4311 0
4312 0
4313 0
4314 0
4315 0
4316 0
4317 0
4318 0
4319 0
4320 0
4321 0
4322 0
4323 0
4324 0
4325 0
4326 0
4327 0
4328 0
4329 0
4330 0
4331 0
4332 0
4333 0
4334 0
4335 0
4336 0
4337 0
4338 0
4339 0
4340 0
4341 0
4342 0
4343 0
4344 0
4345 0
4346 0
4347 0
4348 0
4349 0
4350 0
4351 0
4352 0
4353 0
4354 0
4355 0
4356 0
4357 0
4358 0
4359 0
4360 0
4361 0
4362 0
4363 0
4364 0
4365 0
4366 0
4367 0
4368 0
4369 0
4370 0
4371 0
4372 0
4373 0
4374 0
4375 0
4376 0
4377 0
4378 0
4379 0
4380 0
4381 0
4382 0
4383 0
4384 0
4385 0
4386 0
4387 0
4388 0
4389 0
4390 0
4391 0
4392 0
4393 0
4394 0
4395 0
4396 0
4397 0
4398 0
4399 0
4400 0
4401 0
4402 0
4403 0
4404 0
4405 0
4406 0
4407 0
4408 0
4409 0
4410 0
4411 0
4412 0
4413 0
4414 0
4415 0
4416 0
4417 0
4418 0
4419 0
4420 0
4421 0
4422 0
4423 0
4424 0
4425 0
4426 0
4427 0
4428 0
4429 0
4430 0
4431 0
4432 0
4433 0
4434 0
4435 0
4436 0
4437 0
4438 0
4439 0
4440 0
4441 0
4442 0
4443 0
4444 0
4445 0
4446 0
4447 0
4448 0
4449 0
4450 0
4451 0
4452 0
4453 0
4454 0
4455 0
4456 0
4457 0
4458 0
4459 0
4460 0
4461 0
4462 0
4463 0
4464 0
4465 0
4466 0
4467 0
4468 0
4469 0
4470 0
4471 0
4472 0
4473 0
4474 0
4475 0
4476 0
4477 0
4478 0
4479 0
4480 0
4481 0
4482 0
4483 0
4484 0
4485 0
4486 0
4487 0
4488 0
4489 0
4490 0
4491 0
4492 0
4493 0
4494 0
4495 0
4496 0
4497 0
4498 0
4499 0
4500 0
4501 0
4502 0
4503 0
4504 0
4505 0
4506 0
4507 0
4508 0
4509 0
4510 0
4511 0
4512 0
4513 0
4514 0
4515 0
4516 0
4517 0
4518 0
4519 0
4520 0
4521 0
4522 0
4523 0
4524 0
4525 0
4526 0
4527 0
4528 0
4529 0
4530 0
4531 0
4532 0
4533 0
4534 0
4535 0
4536 0
4537 0
4538 0
4539 0
4540 0
4541 0
4542 0
4543 0
4544 0
4545 0
4546 0
4547 0
4548 0
4549 0
4550 0
4551 0
4552 0
4553 0
4554 0
4555 0
4556 0
4557 0
4558 0
4559 0
4560 0
4561 0
4562 0
4563 0
4564 0
4565 0
4566 0
4567 0
4568 0
4569 0
4570 0
4571 0
4572 0
4573 0
4574 0
4575 0
4576 0
4577 0
4578 0
4579 0
4580 0
4581 0
4582 0
4583 0
4584 0
4585 0
4586 0
4587 0
4588 0
4589 0
4590 0
4591 0
4592 0
4593 0
4594 0
4595 0
4596 0
4597 0
4598 0
4599 0
4600 0
4601 0
4602 0
4603 0
4604 0
4605 0
4606 0
4607 0
4608 0
4609 0
4610 0
4611 0
4612 0
4613 0
4614 0
4615 0
4616 0
4617 0
4618 0
4619 0
4620 0
4621 0
4622 0
4623 0
4624 0
4625 0
4626 0
4627 0
4628 0
4629 0
4630 0
4631 0
4632 0
4633 0
4634 0
4635 0
4636 0
4637 0
4638 0
4639 0
4640 0
4641 0
4642 0
4643 0
4644 0
4645 0
4646 0
4647 0
4648 0
4649 0
4650 0
4651 0
4652 0
4653 0
4654 0
4655 0
4656 0
4657 0
4658 0
4659 0
4660 0
4661 0
4662 0
4663 0
4664 0
4665 0
4666 0
4667 0
4668 0
4669 0
4670 0
4671 0
4672 0
4673 0
4674 0
4675 0
4676 0
4677 0
4678 0
4679 0
4680 0
4681 0
4682 0
4683 0
4684 0
4685 0
4686 0
4687 0
4688 0
4689 0
4690 0
4691 0
4692 0
4693 0
4694 0
4695 0
4696 0
4697 0
4698 0
4699 0
4700 0
4701 0
4702 0
4703 0
4704 0
4705 0
4706 0
4707 0
4708 0
4709 0
4710 0
4711 0
4712 0
4713 0
4714 0
4715 0
4716 0
4717 0
4718 0
4719 0
4720 0
4721 0
4722 0
4723 0
4724 0
4725 0
4726 0
4727 0
4728 0
4729 0
4730 0
4731 0
4732 0
4733 0
4734 0
4735 0
4736 0
4737 0
4738 0
4739 0
4740 0
4741 0
4742 0
4743 0
4744 0
4745 0
4746 0
4747 0
4748 0
4749 0
4750 0
4751 0
4752 0
4753 0
4754 0
4755 0
4756 0
4757 0
4758 0
4759 0
4760 0
4761 0
4762 0
4763 0
4764 0
4765 0
4766 0
4767 0
4768 0
4769 0
4770 0
4771 0
4772 0
4773 0
4774 0
4775 0
4776 0
4777 0
4778 0
4779 0
4780 0
4781 0
4782 0
4783 0
4784 0
4785 0
4786 0
4787 0
4788 0
4789 0
4790 0
4791 0
4792 0
4793 0
4794 0
4795 0
4796 0
4797 0
4798 0
4799 0
4800 0
4801 0
4802 0
4803 0
4804 0
4805 0
4806 0
4807 0
4808 0
4809 0
4810 0
4811 0
4812 0
4813 0
4814 0
4815 0
4816 0
4817 0
4818 0
4819 0
4820 0
4821 0
4822 0
4823 0
4824 0
4825 0
4826 0
4827 0
4828 0
4829 0
4830 0
4831 0
4832 0
4833 0
4834 0
4835 0
4836 0
4837 0
4838 0
4839 0
4840 0
4841 0
4842 0
4843 0
4844 0
4845 0
4846 0
4847 0
4848 0
4849 0
4850 0
4851 0
4852 0
4853 0
4854 0
4855 0
4856 0
4857 0
4858 0
4859 0
4860 0
4861 0
4862 0
4863 0
4864 0
4865 0
4866 0
4867 0
4868 0
4869 0
4870 0
4871 0
4872 0
4873 0
4874 0
4875 0
4876 0
4877 0
4878 0
4879 0
4880 0
4881 0
4882 0
4883 0
4884 0
4885 0
4886 0
4887 0
4888 0
4889 0
4890 0
4891 0
4892 0
4893 0
4894 0
4895 0
4896 0
4897 0
4898 0
4899 0
4900 0
4901 0
4902 0
4903 0
4904 0
4905 0
4906 0
4907 0
4908 0
4909 0
4910 0
4911 0
4912 0
4913 0
4914 0
4915 0
4916 0
4917 0
4918 0
4919 0
4920 0
4921 0
4922 0
4923 0
4924 0
4925 0
4926 0
4927 0
4928 0
4929 0
4930 0
4931 0
4932 0
4933 0
4934 0
4935 0
4936 0
4937 0
4938 0
4939 0
4940 0
4941 0
4942 0
4943 0
4944 0
4945 0
4946 0
4947 0
4948 0
4949 0
4950 0
4951 0
4952 0
4953 0
4954 0
4955 0
4956 0
4957 0
4958 0
4959 0
4960 0
4961 0
4962 0
4963 0
4964 0
4965 0
4966 0
4967 0
4968 0
4969 0
4970 0
4971 0
4972 0
4973 0
4974 0
4975 0
4976 0
4977 0
4978 0
4979 0
4980 0
4981 0
4982 0
4983 0
4984 0
4985 0
4986 0
4987 0
4988 0
4989 0
4990 0
4991 0
4992 0
4993 0
4994 0
4995 0
4996 0
4997 0
4998 0
4999 0
5000 0
5001 0
5002 0
5003 0
5004 0
5005 0
5006 0
5007 0
5008 0
5009 0
5010 0
5011 0
5012 0
5013 0
5014 0
5015 0
5016 0
5017 0
5018 0
5019 0
5020 0
5021 0
5022 0
5023 0
5024 0
5025 0
5026 0
5027 0
5028 0
5029 0
5030 0
5031 0
5032 0
5033 0
5034 0
5035 0
5036 0
5037 0
5038 0
5039 0
5040 0
5041 0
5042 0
5043 0
5044 0
5045 0
5046 0
5047 0
5048 0
5049 0
5050 0
5051 0
5052 0
5053 0
5054 0
5055 0
5056 0
5057 0
5058 0
5059 0
5060 0
5061 0
5062 0
5063 0
5064 0
5065 0
5066 0
5067 0
5068 0
5069 0
5070 0
5071 0
5072 0
5073 0
5074 0
5075 0
5076 0
5077 0
5078 0
5079 0
5080 0
5081 0
5082 0
5083 0
5084 0
5085 0
5086 0
5087 0
5088 0
5089 0
5090 0
5091 0
5092 0
5093 0
5094 0
5095 0
5096 0
5097 0
5098 0
5099 0
5100 0
5101 0
5102 0
5103 0
5104 0
5105 0
5106 0
5107 0
5108 0
5109 0
5110 0
5111 0
5112 0
5113 0
5114 0
5115 0
5116 0
5117 0
5118 0
5119 0
5120 0
5121 0
5122 0
5123 0
5124 0
5125 0
5126 0
5127 0
5128 0
5129 0
5130 0
5131 0
5132 0
5133 0
5134 0
5135 0
5136 0
5137 0
5138 0
5139 0
5140 0
5141 0
5142 0
5143 0
5144 0
5145 0
5146 0
5147 0
5148 0
5149 0
5150 0
5151 0
5152 0
5153 0
5154 0
5155 0
5156 0
5157 0
5158 0
5159 0
5160 0
5161 0
5162 0
5163 0
5164 0
5165 0
5166 0
5167 0
5168 0
5169 0
5170 0
5171 0
5172 0
5173 0
5174 0
5175 0
5176 0
5177 0
5178 0
5179 0
5180 0
5181 0
5182 0
5183 0
5184 0
5185 0
5186 0
5187 0
5188 0
5189 0
5190 0
5191 0
5192 0
5193 0
5194 0
5195 0
5196 0
5197 0
5198 0
5199 0
5200 0
5201 0
5202 0
5203 0
5204 0
5205 0
5206 0
5207 0
5208 0
5209 0
5210 0
5211 0
5212 0
5213 0
5214 0
5215 0
5216 0
5217 0
5218 0
5219 0
5220 0
5221 0
5222 0
5223 0
5224 0
5225 0
5226 0
5227 0
5228 0
5229 0
5230 0
5231 0
5232 0
5233 0
5234 0
5235 0
5236 0
5237 0
5238 0
5239 0
5240 0
5241 0
5242 0
5243 0
5244 0
5245 0
5246 0
5247 0
5248 0
5249 0
5250 0
5251 0
5252 0
5253 0
5254 0
5255 0
5256 0
5257 0
5258 0
5259 0
5260 0
5261 0
5262 0
5263 0
5264 0
5265 0
5266 0
5267 0
5268 0
5269 0
5270 0
5271 0
5272 0
5273 0
5274 0
5275 0
5276 0
5277 0
5278 0
5279 0
5280 0
5281 0
5282 0
5283 0
5284 0
5285 0
5286 0
5287 0
5288 0
5289 0
5290 0
5291 0
5292 0
5293 0
5294 0
5295 0
5296 0
5297 0
5298 0
5299 0
5300 0
5301 0
5302 0
5303 0
5304 0
5305 0
5306 0
5307 0
5308 0
5309 0
5310 0
5311 0
5312 0
5313 0
5314 0
5315 0
5316 0
5317 0
5318 0
5319 0
5320 0
5321 0
5322 0
5323 0
5324 0
5325 0
5326 0
5327 0
5328 0
5329 0
5330 0
5331 0
5332 0
5333 0
5334 0
5335 0
5336 0
5337 0
5338 0
5339 0
5340 0
5341 0
5342 0
5343 0
5344 0
5345 0
5346 0
5347 0
5348 0
5349 0
5350 0
5351 0
5352 0
5353 0
5354 0
5355 0
5356 0
5357 0
5358 0
5359 0
5360 0
5361 0
5362 0
5363 0
5364 0
5365 0
5366 0
5367 0
5368 0
5369 0
5370 0
5371 0
5372 0
5373 0
5374 0
5375 0
5376 0
5377 0
5378 0
5379 0
5380 0
5381 0
5382 0
5383 0
5384 0
5385 0
5386 0
5387 0
5388 0
5389 0
5390 0
5391 0
5392 0
5393 0
5394 0
5395 0
5396 0
5397 0
5398 0
5399 0
5400 0
5401 0
5402 0
5403 0
5404 0
5405 0
5406 0
5407 0
5408 0
5409 0
5410 0
5411 0
5412 0
5413 0
5414 0
5415 0
5416 0
5417 0
5418 0
5419 0
5420 0
5421 0
5422 0
5423 0
5424 0
5425 0
5426 0
5427 0
5428 0
5429 0
5430 0
5431 0
5432 0
5433 0
5434 0
5435 0
5436 0
5437 0
5438 0
5439 0
5440 0
5441 0
5442 0
5443 0
5444 0
5445 0
5446 0
5447 0
5448 0
5449 0
5450 0
5451 0
5452 0
5453 0
5454 0
5455 0
5456 0
5457 0
5458 0
5459 0
5460 0
5461 0
5462 0
5463 0
5464 0
5465 0
5466 0
5467 0
5468 0
5469 0
5470 0
5471 0
5472 0
5473 0
5474 0
5475 0
5476 0
5477 0
5478 0
5479 0
5480 0
5481 0
5482 0
5483 0
5484 0
5485 0
5486 0
5487 0
5488 0
5489 0
5490 0
5491 0
5492 0
5493 0
5494 0
5495 0
5496 0
5497 0
5498 0
5499 0
5500 0
5501 0
5502 0
5503 0
5504 0
5505 0
5506 0
5507 0
5508 0
5509 0
5510 0
5511 0
5512 0
5513 0
5514 0
5515 0
5516 0
5517 0
5518 0
5519 0
5520 0
5521 0
5522 0
5523 0
5524 0
5525 0
5526 0
5527 0
5528 0
5529 0
5530 0
5531 0
5532 0
5533 0
5534 0
5535 0
5536 0
5537 0
5538 0
5539 0
5540 0
5541 0
5542 0
5543 0
5544 0
5545 0
5546 0
5547 0
5548 0
5549 0
5550 0
5551 0
5552 0
5553 0
5554 0
5555 0
5556 0
5557 0
5558 0
5559 0
5560 0
5561 0
5562 0
5563 0
5564 0
5565 0
5566 0
5567 0
5568 0
5569 0
5570 0
5571 0
5572 0
5573 0
5574 0
5575 0
5576 0
5577 0
5578 0
5579 0
5580 0
5581 0
5582 0
5583 0
5584 0
5585 0
5586 0
5587 0
5588 0
5589 0
5590 0
5591 0
5592 0
5593 0
5594 0
5595 0
5596 0
5597 0
5598 0
5599 0
5600 0
5601 0
5602 0
5603 0
5604 0
5605 0
5606 0
5607 0
5608 0
5609 0
5610 0
5611 0
5612 0
5613 0
5614 0
5615 0
5616 0
5617 0
5618 0
5619 0
5620 0
5621 0
5622 0
5623 0
5624 0
5625 0
5626 0
5627 0
5628 0
5629 0
5630 0
5631 0
5632 0
5633 0
5634 0
5635 0
5636 0
5637 0
5638 0
5639 0
5640 0
5641 0
5642 0
5643 0
5644 0
5645 0
5646 0
5647 0
5648 0
5649 0
5650 0
5651 0
5652 0
5653 0
5654 0
5655 0
5656 0
5657 0
5658 0
5659 0
5660 0
5661 0
5662 0
5663 0
5664 0
5665 0
5666 0
5667 0
5668 0
5669 0
5670 0
5671 0
5672 0
5673 0
5674 0
5675 0
5676 0
5677 0
5678 0
5679 0
5680 0
5681 0
5682 0
5683 0
5684 0
5685 0
5686 0
5687 0
5688 0
5689 0
5690 0
5691 0
5692 0
5693 0
5694 0
5695 0
5696 0
5697 0
5698 0
5699 0
5700 0
5701 0
5702 0
5703 0
5704 0
5705 0
5706 0
5707 0
5708 0
5709 0
5710 0
5711 0
5712 0
5713 0
5714 0
5715 0
5716 0
5717 0
5718 0
5719 0
5720 0
5721 0
5722 0
5723 0
5724 0
5725 0
5726 0
5727 0
5728 0
5729 0
5730 0
5731 0
5732 0
5733 0
5734 0
5735 0
5736 0
5737 0
5738 0
5739 0
5740 0
5741 0
5742 0
5743 0
5744 0
5745 0
5746 0
5747 0
5748 0
5749 0
5750 0
5751 0
5752 0
5753 0
5754 0
5755 0
5756 0
5757 0
5758 0
5759 0
5760 0
5761 0
5762 0
5763 0
5764 0
5765 0
5766 0
5767 0
5768 0
5769 0
5770 0
5771 0
5772 0
5773 0
5774 0
5775 0
5776 0
5777 0
5778 0
5779 0
5780 0
5781 0
5782 0
5783 0
5784 0
5785 0
5786 0
5787 0
5788 0
5789 0
5790 0
5791 0
5792 0
5793 0
5794 0
5795 0
5796 0
5797 0
5798 0
5799 0
5800 0
5801 0
5802 0
5803 0
5804 0
5805 0
5806 0
5807 0
5808 0
5809 0
5810 0
5811 0
5812 0
5813 0
5814 0
5815 0
5816 0
5817 0
5818 0
5819 0
5820 0
5821 0
5822 0
5823 0
5824 0
5825 0
5826 0
5827 0
5828 0
5829 0
5830 0
5831 0
5832 0
5833 0
5834 0
5835 0
5836 0
5837 0
5838 0
5839 0
5840 0
5841 0
5842 0
5843 0
5844 0
5845 0
5846 0
5847 0
5848 0
5849 0
5850 0
5851 0
5852 0
5853 0
5854 0
5855 0
5856 0
5857 0
5858 0
5859 0
5860 0
5861 0
5862 0
5863 0
5864 0
5865 0
5866 0
5867 0
5868 0
5869 0
5870 0
5871 0
5872 0
5873 0
5874 0
5875 0
5876 0
5877 0
5878 0
5879 0
5880 0
5881 0
5882 0
5883 0
5884 0
5885 0
5886 0
5887 0
5888 0
5889 0
5890 0
5891 0
5892 0
5893 0
5894 0
5895 0
5896 0
5897 0
5898 0
5899 0
5900 0
5901 0
5902 0
5903 0
5904 0
5905 0
5906 0
5907 0
5908 0
5909 0
5910 0
5911 0
5912 0
5913 0
5914 0
5915 0
5916 0
5917 0
5918 0
5919 0
5920 0
5921 0
5922 0
5923 0
5924 0
5925 0
5926 0
5927 0
5928 0
5929 0
5930 0
5931 0
5932 0
5933 0
5934 0
5935 0
5936 0
5937 0
5938 0
5939 0
5940 0
5941 0
5942 0
5943 0
5944 0
5945 0
5946 0
5947 0
5948 0
5949 0
5950 0
5951 0
5952 0
5953 0
5954 0
5955 0
5956 0
5957 0
5958 0
5959 0
5960 0
5961 0
5962 0
5963 0
5964 0
5965 0
5966 0
5967 0
5968 0
5969 0
5970 0
5971 0
5972 0
5973 0
5974 0
5975 0
5976 0
5977 0
5978 0
5979 0
5980 0
5981 0
5982 0
5983 0
5984 0
5985 0
5986 0
5987 0
5988 0
5989 0
5990 0
5991 0
5992 0
5993 0
5994 0
5995 0
5996 0
5997 0
5998 0
5999 0
6000 0
6001 0
6002 0
6003 0
6004 0
6005 0
6006 0
6007 0
6008 0
6009 0
6010 0
6011 0
6012 0
6013 0
6014 0
6015 0
6016 0
6017 0
6018 0
6019 0
6020 0
6021 0
6022 0
6023 0
6024 0
6025 0
6026 0
6027 0
6028 0
6029 0
6030 0
6031 0
6032 0
6033 0
6034 0
6035 0
6036 0
6037 0
6038 0
6039 0
6040 0
6041 0
6042 0
6043 0
6044 0
6045 0
6046 0
6047 0
6048 0
6049 0
6050 0
6051 0
6052 0
6053 0
6054 0
6055 0
6056 0
6057 0
6058 0
6059 0
6060 0
6061 0
6062 0
6063 0
6064 0
6065 0
6066 0
6067 0
6068 0
6069 0
6070 0
6071 0
6072 0
6073 0
6074 0
6075 0
6076 0
6077 0
6078 0
6079 0
6080 0
6081 0
6082 0
6083 0
6084 0
6085 0
6086 0
6087 0
6088 0
6089 0
6090 0
6091 0
6092 0
6093 0
6094 0
6095 0
6096 0
6097 0
6098 0
6099 0
6100 0
6101 0
6102 0
6103 0
6104 0
6105 0
6106 0
6107 0
6108 0
6109 0
6110 0
6111 0
6112 0
6113 0
6114 0
6115 0
6116 0
6117 0
6118 0
6119 0
6120 0
6121 0
6122 0
6123 0
6124 0
6125 0
6126 0
6127 0
6128 0
6129 0
6130 0
6131 0
6132 0
6133 0
6134 0
6135 0
6136 0
6137 0
6138 0
6139 0
6140 0
6141 0
6142 0
6143 0
6144 0
6145 0
6146 0
6147 0
6148 0
6149 0
6150 0
6151 0
6152 0
6153 0
6154 0
6155 0
6156 0
6157 0
6158 0
6159 0
6160 0
6161 0
6162 0
6163 0
6164 0
6165 0
6166 0
6167 0
6168 0
6169 0
6170 0
6171 0
6172 0
6173 0
6174 0
6175 0
6176 0
6177 0
6178 0
6179 0
6180 0
6181 0
6182 0
6183 0
6184 0
6185 0
6186 0
6187 0
6188 0
6189 0
6190 0
6191 0
6192 0
6193 0
6194 0
6195 0
6196 0
6197 0
6198 0
6199 0
6200 0
6201 0
6202 0
6203 0
6204 0
6205 0
6206 0
6207 0
6208 0
6209 0
6210 0
6211 0
6212 0
6213 0
6214 0
6215 0
6216 0
6217 0
6218 0
6219 0
6220 0
6221 0
6222 0
6223 0
6224 0
6225 0
6226 0
6227 0
6228 0
6229 0
6230 0
6231 0
6232 0
6233 0
6234 0
6235 0
6236 0
6237 0
6238 0
6239 0
6240 0
6241 0
6242 0
6243 0
6244 0
6245 0
6246 0
6247 0
6248 0
6249 0
6250 0
6251 0
6252 0
6253 0
6254 0
6255 0
6256 0
6257 0
6258 0
6259 0
6260 0
6261 0
6262 0
6263 0
6264 0
6265 0
6266 0
6267 0
6268 0
6269 0
6270 0
6271 0
6272 0
6273 0
6274 0
6275 0
6276 0
6277 0
6278 0
6279 0
6280 0
6281 0
6282 0
6283 0
6284 0
6285 0
6286 0
6287 0
6288 0
6289 0
6290 0
6291 0
6292 0
6293 0
6294 0
6295 0
6296 0
6297 0
6298 0
6299 0
6300 0
6301 0
6302 0
6303 0
6304 0
6305 0
6306 0
6307 0
6308 0
6309 0
6310 0
6311 0
6312 0
6313 0
6314 0
6315 0
6316 0
6317 0
6318 0
6319 0
6320 0
6321 0
6322 0
6323 0
6324 0
6325 0
6326 0
6327 0
6328 0
6329 0
6330 0
6331 0
6332 0
6333 0
6334 0
6335 0
6336 0
6337 0
6338 0
6339 0
6340 0
6341 0
6342 0
6343 0
6344 0
6345 0
6346 0
6347 0
6348 0
6349 0
6350 0
6351 0
6352 0
6353 0
6354 0
6355 0
6356 0
6357 0
6358 0
6359 0
6360 0
6361 0
6362 0
6363 0
6364 0
6365 0
6366 0
6367 0
6368 0
6369 0
6370 0
6371 0
6372 0
6373 0
6374 0
6375 0
6376 0
6377 0
6378 0
6379 0
6380 0
6381 0
6382 0
6383 0
6384 0
6385 0
6386 0
6387 0
6388 0
6389 0
6390 0
6391 0
6392 0
6393 0
6394 0
6395 0
6396 0
6397 0
6398 0
6399 0
6400 0
6401 0
6402 0
6403 0
6404 0
6405 0
6406 0
6407 0
6408 0
6409 0
6410 0
6411 0
6412 0
6413 0
6414 0
6415 0
6416 0
6417 0
6418 0
6419 0
6420 0
6421 0
6422 0
6423 0
6424 0
6425 0
6426 0
6427 0
6428 0
6429 0
6430 0
6431 0
6432 0
6433 0
6434 0
6435 0
6436 0
6437 0
6438 0
6439 0
6440 0
6441 0
6442 0
6443 0
6444 0
6445 0
6446 0
6447 0
6448 0
6449 0
6450 0
6451 0
6452 0
6453 0
6454 0
6455 0
6456 0
6457 0
6458 0
6459 0
6460 0
6461 0
6462 0
6463 0
6464 0
6465 0
6466 0
6467 0
6468 0
6469 0
6470 0
6471 0
6472 0
6473 0
6474 0
6475 0
6476 0
6477 0
6478 0
6479 0
6480 0
6481 0
6482 0
6483 0
6484 0
6485 0
6486 0
6487 0
6488 0
6489 0
6490 0
6491 0
6492 0
6493 0
6494 0
6495 0
6496 0
6497 0
6498 0
6499 0
6500 0
6501 0
6502 0
6503 0
6504 0
6505 0
6506 0
6507 0
6508 0
6509 0
6510 0
6511 0
6512 0
6513 0
6514 0
6515 0
6516 0
6517 0
6518 0
6519 0
6520 0
6521 0
6522 0
6523 0
6524 0
6525 0
6526 0
6527 0
6528 0
6529 0
6530 0
6531 0
6532 0
6533 0
6534 0
6535 0
6536 0
6537 0
6538 0
6539 0
6540 0
6541 0
6542 0
6543 0
6544 0
6545 0
6546 0
6547 0
6548 0
6549 0
6550 0
6551 0
6552 0
6553 0
6554 0
6555 0
6556 0
6557 0
6558 0
6559 0
6560 0
6561 0
6562 0
6563 0
6564 0
6565 0
6566 0
6567 0
6568 0
6569 0
6570 0
6571 0
6572 0
6573 0
6574 0
6575 0
6576 0
6577 0
6578 0
6579 0
6580 0
6581 0
6582 0
6583 0
6584 0
6585 0
6586 0
6587 0
6588 0
6589 0
6590 0
6591 0
6592 0
6593 0
6594 0
6595 0
6596 0
6597 0
6598 0
6599 0
6600 0
6601 0
6602 0
6603 0
6604 0
6605 0
6606 0
6607 0
6608 0
6609 0
6610 0
6611 0
6612 0
6613 0
6614 0
6615 0
6616 0
6617 0
6618 0
6619 0
6620 0
6621 0
6622 0
6623 0
6624 0
6625 0
6626 0
6627 0
6628 0
6629 0
6630 0
6631 0
6632 0
6633 0
6634 0
6635 0
6636 0
6637 0
6638 0
6639 0
6640 0
6641 0
6642 0
6643 0
6644 0
6645 0
6646 0
6647 0
6648 0
6649 0
6650 0
6651 0
6652 0
6653 0
6654 0
6655 0
6656 0
6657 0
6658 0
6659 0
6660 0
6661 0
6662 0
6663 0
6664 0
6665 0
6666 0
6667 0
6668 0
6669 0
6670 0
6671 0
6672 0
6673 0
6674 0
6675 0
6676 0
6677 0
6678 0
6679 0
6680 0
6681 0
6682 0
6683 0
6684 0
6685 0
6686 0
6687 0
6688 0
6689 0
6690 0
6691 0
6692 0
6693 0
6694 0
6695 0
6696 0
6697 0
6698 0
6699 0
6700 0
6701 0
6702 0
6703 0
6704 0
6705 0
6706 0
6707 0
6708 0
6709 0
6710 0
6711 0
6712 0
6713 0
6714 0
6715 0
6716 0
6717 0
6718 0
6719 0
6720 0
6721 0
6722 0
6723 0
6724 0
6725 0
6726 0
6727 0
6728 0
6729 0
6730 0
6731 0
6732 0
6733 0
6734 0
6735 0
6736 0
6737 0
6738 0
6739 0
6740 0
6741 0
6742 0
6743 0
6744 0
6745 0
6746 0
6747 0
6748 0
6749 0
6750 0
6751 0
6752 0
6753 0
6754 0
6755 0
6756 0
6757 0
6758 0
6759 0
6760 0
6761 0
6762 0
6763 0
6764 0
6765 0
6766 0
6767 0
6768 0
6769 0
6770 0
6771 0
6772 0
6773 0
6774 0
6775 0
6776 0
6777 0
6778 0
6779 0
6780 0
6781 0
6782 0
6783 0
6784 0
6785 0
6786 0
6787 0
6788 0
6789 0
6790 0
6791 0
6792 0
6793 0
6794 0
6795 0
6796 0
6797 0
6798 0
6799 0
6800 0
6801 0
6802 0
6803 0
6804 0
6805 0
6806 0
6807 0
6808 0
6809 0
6810 0
6811 0
6812 0
6813 0
6814 0
6815 0
6816 0
6817 0
6818 0
6819 0
6820 0
6821 0
6822 0
6823 0
6824 0
6825 0
6826 0
6827 0
6828 0
6829 0
6830 0
6831 0
6832 0
6833 0
6834 0
6835 0
6836 0
6837 0
6838 0
6839 0
6840 0
6841 0
6842 0
6843 0
6844 0
6845 0
6846 0
6847 0
6848 0
6849 0
6850 0
6851 0
6852 0
6853 0
6854 0
6855 0
6856 0
6857 0
6858 0
6859 0
6860 0
6861 0
6862 0
6863 0
6864 0
6865 0
6866 0
6867 0
6868 0
6869 0
6870 0
6871 0
6872 0
6873 0
6874 0
6875 0
6876 0
6877 0
6878 0
6879 0
6880 0
6881 0
6882 0
6883 0
6884 0
6885 0
6886 0
6887 0
6888 0
6889 0
6890 0
6891 0
6892 0
6893 0
6894 0
6895 0
6896 0
6897 0
6898 0
6899 0
6900 0
6901 0
6902 0
6903 0
6904 0
6905 0
6906 0
6907 0
6908 0
6909 0
6910 0
6911 0
6912 0
6913 0
6914 0
6915 0
6916 0
6917 0
6918 0
6919 0
6920 0
6921 0
6922 0
6923 0
6924 0
6925 0
6926 0
6927 0
6928 0
6929 0
6930 0
6931 0
6932 0
6933 0
6934 0
6935 0
6936 0
6937 0
6938 0
6939 0
6940 0
6941 0
6942 0
6943 0
6944 0
6945 0
6946 0
6947 0
6948 0
6949 0
6950 0
6951 0
6952 0
6953 0
6954 0
6955 0
6956 0
6957 0
6958 0
6959 0
6960 0
6961 0
6962 0
6963 0
6964 0
6965 0
6966 0
6967 0
6968 0
6969 0
6970 0
6971 0
6972 0
6973 0
6974 0
6975 0
6976 0
6977 0
6978 0
6979 0
6980 0
6981 0
6982 0
6983 0
6984 0
6985 0
6986 0
6987 0
6988 0
6989 0
6990 0
6991 0
6992 0
6993 0
6994 0
6995 0
6996 0
6997 0
6998 0
6999 0
7000 0
7001 0
7002 0
7003 0
7004 0
7005 0
7006 0
7007 0
7008 0
7009 0
7010 0
7011 0
7012 0
7013 0
7014 0
7015 0
7016 0
7017 0
7018 0
7019 0
7020 0
7021 0
7022 0
7023 0
7024 0
7025 0
7026 0
7027 0
7028 0
7029 0
7030 0
7031 0
7032 0
7033 0
7034 0
7035 0
7036 0
7037 0
7038 0
7039 0
7040 0
7041 0
7042 0
7043 0
7044 0
7045 0
7046 0
7047 0
7048 0
7049 0
7050 0
7051 0
7052 0
7053 0
7054 0
7055 0
7056 0
