0 3.22539
1 3.2256
2 3.22582
3 3.22602
4 3.22622
5 3.22644
6 3.22663
7 3.22683
8 3.22704
9 3.22724
10 3.22743
11 3.22764
12 3.22782
13 3.22802
14 3.22819
15 3.22837
16 3.22855
17 3.22874
18 3.22891
19 3.22908
20 3.22926
21 3.22943
22 3.2296
23 3.22977
24 3.22992
25 3.23009
26 3.23026
27 3.23041
28 3.23057
29 3.23073
30 3.23089
31 3.23104
32 3.23118
33 3.23134
34 3.23149
35 3.23164
36 3.23178
37 3.23192
38 3.23207
39 3.23221
40 3.23234
41 3.23249
42 3.23262
43 3.23276
44 3.2329
45 3.23304
46 3.23318
47 3.23332
48 3.23345
49 3.23359
50 3.23373
51 3.23386
52 3.23399
53 3.23411
54 3.23425
55 3.23439
56 3.23453
57 3.23465
58 3.23478
59 3.23493
60 3.23507
61 3.2352
62 3.23534
63 3.23548
64 3.23563
65 3.23577
66 3.23594
67 3.23607
68 3.23622
69 3.23639
70 3.23655
71 3.23671
72 3.23686
73 3.23704
74 3.2372
75 3.23739
76 3.23756
77 3.23777
78 3.23794
79 3.23814
80 3.23836
81 3.23857
82 3.2388
83 3.23902
84 3.23923
85 3.2395
86 3.23974
87 3.24
88 3.24027
89 3.24056
90 3.24086
91 3.24117
92 3.24147
93 3.24181
94 3.24216
95 3.24252
96 3.24289
97 3.24329
98 3.24369
99 3.24411
100 3.24457
101 3.24503
102 3.24552
103 3.24602
104 3.24654
105 3.2471
106 3.24769
107 3.2483
108 3.24892
109 3.24958
110 3.25027
111 3.25099
112 3.25173
113 3.25252
114 3.25333
115 3.25419
116 3.25509
117 3.256
118 3.25699
119 3.258
120 3.25905
121 3.26017
122 3.26131
123 3.2625
124 3.26376
125 3.26508
126 3.26644
127 3.26784
128 3.26932
129 3.27085
130 3.27247
131 3.27413
132 3.27588
133 3.27766
134 3.27954
135 3.2815
136 3.28352
137 3.28563
138 3.28781
139 3.2901
140 3.29245
141 3.29491
142 3.29746
143 3.3001
144 3.30283
145 3.30567
146 3.30862
147 3.31166
148 3.31484
149 3.31812
150 3.32149
151 3.32501
152 3.32864
153 3.33241
154 3.33629
155 3.3403
156 3.34446
157 3.34875
158 3.35318
159 3.35776
160 3.36249
161 3.36736
162 3.3724
163 3.37758
164 3.38295
165 3.38845
166 3.39415
167 3.39999
168 3.40602
169 3.41223
170 3.41863
171 3.42519
172 3.43196
173 3.43893
174 3.44606
175 3.45342
176 3.46096
177 3.46873
178 3.47669
179 3.48487
180 3.49325
181 3.50186
182 3.51069
183 3.51974
184 3.52901
185 3.53851
186 3.54825
187 3.55824
188 3.56843
189 3.57888
190 3.58959
191 3.60053
192 3.61172
193 3.62314
194 3.63484
195 3.64677
196 3.65899
197 3.67146
198 3.68419
199 3.69717
200 3.71044
201 3.72397
202 3.73777
203 3.75181
204 3.76615
205 3.78077
206 3.79566
207 3.81083
208 3.82627
209 3.84199
210 3.85801
211 3.8743
212 3.89086
213 3.90772
214 3.92486
215 3.9423
216 3.96
217 3.978
218 3.99627
219 4.01485
220 4.03372
221 4.05287
222 4.07231
223 4.09204
224 4.11205
225 4.13237
226 4.15298
227 4.17388
228 4.19508
229 4.21656
230 4.23833
231 4.2604
232 4.28273
233 4.3054
234 4.32835
235 4.35159
236 4.3751
237 4.39894
238 4.42307
239 4.44751
240 4.47221
241 4.49724
242 4.52256
243 4.54818
244 4.57408
245 4.60032
246 4.62686
247 4.65371
248 4.68085
249 4.70828
250 4.73606
251 4.76413
252 4.79253
253 4.82125
254 4.85031
255 4.87967
256 4.90937
257 4.93943
258 4.96979
259 5.00051
260 5.03157
261 5.06298
262 5.09475
263 5.1269
264 5.15937
265 5.19227
266 5.22555
267 5.25918
268 5.29321
269 5.32768
270 5.3625
271 5.3978
272 5.43348
273 5.46963
274 5.50619
275 5.54324
276 5.58073
277 5.61871
278 5.65715
279 5.69609
280 5.73553
281 5.77552
282 5.81602
283 5.85706
284 5.89866
285 5.94084
286 5.98358
287 6.02693
288 6.07092
289 6.11547
290 6.1607
291 6.20657
292 6.2531
293 6.30035
294 6.34826
295 6.39692
296 6.44628
297 6.49644
298 6.54733
299 6.59902
300 6.6515
301 6.70486
302 6.75898
303 6.81398
304 6.86989
305 6.92662
306 6.98439
307 7.04297
308 7.10256
309 7.16309
310 7.22463
311 7.28698
312 7.35053
313 7.41516
314 7.48079
315 7.5476
316 7.61547
317 7.68444
318 7.7546
319 7.82583
320 7.8983
321 7.97197
322 8.04685
323 8.12296
324 8.20033
325 8.27902
326 8.35892
327 8.44015
328 8.52268
329 8.60662
330 8.69186
331 8.77844
332 8.86648
333 8.95586
334 9.04667
335 9.13884
336 9.23257
337 9.32774
338 9.42428
339 9.52239
340 9.62189
341 9.72297
342 9.82521
343 9.9293
344 10.0349
345 10.1419
346 10.2506
347 10.3608
348 10.4726
349 10.5858
350 10.7008
351 10.8171
352 10.9352
353 11.0546
354 11.1757
355 11.2983
356 11.4225
357 11.5481
358 11.6753
359 11.804
360 11.9343
361 12.066
362 12.1993
363 12.334
364 12.4702
365 12.6079
366 12.7469
367 12.8875
368 13.0295
369 13.1728
370 13.3175
371 13.4634
372 13.6108
373 13.7589
374 13.9088
375 14.0598
376 14.2122
377 14.3656
378 14.5202
379 14.6759
380 14.8328
381 14.9906
382 15.1493
383 15.3093
384 15.4699
385 15.6313
386 15.7939
387 15.957
388 16.121
389 16.2856
390 16.4508
391 16.6167
392 16.7831
393 16.9499
394 17.1174
395 17.2851
396 17.453
397 17.6215
398 17.79
399 17.9586
400 18.1274
401 18.2963
402 18.465
403 18.6338
404 18.8024
405 18.9703
406 19.1384
407 19.3062
408 19.4735
409 19.6405
410 19.8069
411 19.9727
412 20.1379
413 20.3022
414 20.4658
415 20.6285
416 20.7904
417 20.9512
418 21.111
419 21.2697
420 21.427
421 21.5833
422 21.7381
423 21.8916
424 22.0435
425 22.1941
426 22.343
427 22.4903
428 22.6356
429 22.7794
430 22.9213
431 23.0613
432 23.1992
433 23.3354
434 23.4693
435 23.601
436 23.7306
437 23.8576
438 23.9826
439 24.1052
440 24.2255
441 24.3434
442 24.4586
443 24.5715
444 24.6817
445 24.7891
446 24.894
447 24.9962
448 25.0955
449 25.192
450 25.2858
451 25.3766
452 25.4645
453 25.5496
454 25.6315
455 25.7107
456 25.7867
457 25.8598
458 25.9298
459 25.9966
460 26.0604
461 26.1211
462 26.1786
463 26.233
464 26.2843
465 26.3324
466 26.3773
467 26.4192
468 26.4578
469 26.4931
470 26.5255
471 26.5546
472 26.5807
473 26.6036
474 26.6234
475 26.64
476 26.6536
477 26.6641
478 26.6715
479 26.6759
480 26.6772
481 26.6756
482 26.6709
483 26.6634
484 26.6528
485 26.6395
486 26.6233
487 26.6041
488 26.5823
489 26.5577
490 26.5303
491 26.5004
492 26.4676
493 26.4324
494 26.3946
495 26.3543
496 26.3114
497 26.2663
498 26.2187
499 26.1689
500 26.1166
501 26.0622
502 26.0058
503 25.9471
504 25.8863
505 25.8235
506 25.7588
507 25.6922
508 25.6238
509 25.5534
510 25.4814
511 25.4077
512 25.3323
513 25.2553
514 25.1769
515 25.0971
516 25.0157
517 24.9331
518 24.8491
519 24.764
520 24.6776
521 24.5902
522 24.5018
523 24.4123
524 24.3218
525 24.2305
526 24.1383
527 24.0454
528 23.9517
529 23.8574
530 23.7625
531 23.6671
532 23.571
533 23.4746
534 23.3778
535 23.2809
536 23.1835
537 23.0859
538 22.988
539 22.8899
540 22.7917
541 22.6936
542 22.5954
543 22.4973
544 22.3993
545 22.3015
546 22.2038
547 22.1062
548 22.009
549 21.9121
550 21.8155
551 21.7193
552 21.6235
553 21.5282
554 21.4334
555 21.339
556 21.2453
557 21.1521
558 21.0595
559 20.9677
560 20.8765
561 20.786
562 20.6963
563 20.6073
564 20.5192
565 20.4319
566 20.3454
567 20.2598
568 20.175
569 20.0914
570 20.0085
571 19.9265
572 19.8456
573 19.7655
574 19.6866
575 19.6086
576 19.5316
577 19.4557
578 19.3809
579 19.3071
580 19.2344
581 19.1627
582 19.0922
583 19.0228
584 18.9545
585 18.8872
586 18.8212
587 18.7562
588 18.6925
589 18.6297
590 18.5682
591 18.5078
592 18.4485
593 18.3904
594 18.3333
595 18.2775
596 18.2228
597 18.1693
598 18.1168
599 18.0655
600 18.0152
601 17.9661
602 17.9182
603 17.8713
604 17.8255
605 17.7807
606 17.7372
607 17.6946
608 17.6531
609 17.6126
610 17.5731
611 17.5347
612 17.4973
613 17.4609
614 17.4255
615 17.3911
616 17.3577
617 17.3251
618 17.2936
619 17.2629
620 17.2331
621 17.2042
622 17.1762
623 17.1491
624 17.1228
625 17.0973
626 17.0726
627 17.0487
628 17.0256
629 17.0032
630 16.9816
631 16.9608
632 16.9405
633 16.9209
634 16.902
635 16.8838
636 16.8661
637 16.8491
638 16.8326
639 16.8168
640 16.8014
641 16.7865
642 16.7722
643 16.7582
644 16.7448
645 16.7318
646 16.7192
647 16.7071
648 16.6952
649 16.6837
650 16.6725
651 16.6616
652 16.6511
653 16.6407
654 16.6306
655 16.6207
656 16.611
657 16.6016
658 16.5922
659 16.583
660 16.5739
661 16.565
662 16.556
663 16.5471
664 16.5382
665 16.5293
666 16.5204
667 16.5115
668 16.5026
669 16.4935
670 16.4844
671 16.4752
672 16.4657
673 16.4562
674 16.4466
675 16.4366
676 16.4266
677 16.4162
678 16.4056
679 16.3949
680 16.3838
681 16.3723
682 16.3606
683 16.3486
684 16.3362
685 16.3235
686 16.3104
687 16.2969
688 16.283
689 16.2687
690 16.2539
691 16.2387
692 16.223
693 16.207
694 16.1904
695 16.1732
696 16.1557
697 16.1375
698 16.1189
699 16.0997
700 16.08
701 16.0598
702 16.0389
703 16.0174
704 15.9955
705 15.9728
706 15.9496
707 15.9258
708 15.9014
709 15.8763
710 15.8507
711 15.8245
712 15.7976
713 15.77
714 15.7419
715 15.713
716 15.6835
717 15.6535
718 15.6228
719 15.5913
720 15.5592
721 15.5266
722 15.4932
723 15.4593
724 15.4245
725 15.3892
726 15.3533
727 15.3167
728 15.2794
729 15.2415
730 15.203
731 15.1638
732 15.124
733 15.0836
734 15.0426
735 15.0009
736 14.9586
737 14.9157
738 14.8721
739 14.8281
740 14.7834
741 14.7382
742 14.6924
743 14.6459
744 14.599
745 14.5514
746 14.5034
747 14.4548
748 14.4058
749 14.3562
750 14.306
751 14.2554
752 14.2043
753 14.1527
754 14.1005
755 14.048
756 13.995
757 13.9416
758 13.8877
759 13.8335
760 13.7787
761 13.7237
762 13.6682
763 13.6124
764 13.5561
765 13.4997
766 13.4427
767 13.3856
768 13.3281
769 13.2703
770 13.2122
771 13.1538
772 13.0952
773 13.0363
774 12.9771
775 12.9177
776 12.8581
777 12.7984
778 12.7384
779 12.6783
780 12.6179
781 12.5575
782 12.4968
783 12.4361
784 12.3752
785 12.3142
786 12.2532
787 12.1922
788 12.1309
789 12.0696
790 12.0083
791 11.9469
792 11.8856
793 11.8242
794 11.7627
795 11.7013
796 11.64
797 11.5785
798 11.5173
799 11.456
800 11.3948
801 11.3337
802 11.2726
803 11.2116
804 11.1508
805 11.09
806 11.0295
807 10.9689
808 10.9086
809 10.8484
810 10.7884
811 10.7285
812 10.6687
813 10.6093
814 10.5499
815 10.4908
816 10.4319
817 10.3732
818 10.3147
819 10.2565
820 10.1984
821 10.1407
822 10.0832
823 10.0259
824 9.96898
825 9.91225
826 9.85601
827 9.79982
828 9.74402
829 9.68844
830 9.63317
831 9.57819
832 9.52354
833 9.46924
834 9.41524
835 9.36156
836 9.30819
837 9.25522
838 9.20249
839 9.15017
840 9.09818
841 9.04653
842 8.99526
843 8.94434
844 8.89377
845 8.84356
846 8.79372
847 8.74424
848 8.69516
849 8.64642
850 8.59809
851 8.5501
852 8.50248
853 8.45527
854 8.40847
855 8.362
856 8.31594
857 8.27028
858 8.225
859 8.18009
860 8.13561
861 8.09145
862 8.04772
863 8.0044
864 7.96145
865 7.9189
866 7.87689
867 7.83513
868 7.79374
869 7.75277
870 7.71217
871 7.67196
872 7.63213
873 7.59273
874 7.55371
875 7.51507
876 7.47683
877 7.43895
878 7.40146
879 7.36438
880 7.32766
881 7.29131
882 7.25539
883 7.21983
884 7.18463
885 7.14981
886 7.11539
887 7.08133
888 7.04762
889 7.01432
890 6.98139
891 6.94879
892 6.91657
893 6.88474
894 6.85324
895 6.82209
896 6.7913
897 6.76088
898 6.73081
899 6.70107
900 6.67168
901 6.64269
902 6.614
903 6.58562
904 6.55762
905 6.52995
906 6.50261
907 6.47561
908 6.44901
909 6.42263
910 6.39661
911 6.3709
912 6.34548
913 6.32039
914 6.29564
915 6.27117
916 6.24702
917 6.22316
918 6.19959
919 6.17635
920 6.15339
921 6.13074
922 6.10835
923 6.08627
924 6.06447
925 6.04295
926 6.02171
927 6.00074
928 5.98006
929 5.95964
930 5.93948
931 5.91959
932 5.89996
933 5.8806
934 5.8615
935 5.84263
936 5.82403
937 5.80568
938 5.78756
939 5.7697
940 5.75209
941 5.73468
942 5.71751
943 5.70062
944 5.6839
945 5.66745
946 5.6512
947 5.63516
948 5.61936
949 5.60378
950 5.58845
951 5.57326
952 5.55829
953 5.54355
954 5.52901
955 5.51465
956 5.50048
957 5.48652
958 5.47275
959 5.45917
960 5.44578
961 5.43254
962 5.41953
963 5.40667
964 5.394
965 5.3815
966 5.36918
967 5.35702
968 5.34503
969 5.33322
970 5.32155
971 5.31006
972 5.29871
973 5.28751
974 5.27649
975 5.2656
976 5.25488
977 5.24428
978 5.23385
979 5.22354
980 5.21337
981 5.20336
982 5.19346
983 5.18371
984 5.17409
985 5.16461
986 5.15524
987 5.14598
988 5.13687
989 5.12788
990 5.119
991 5.11025
992 5.10161
993 5.09309
994 5.08468
995 5.07636
996 5.06817
997 5.06008
998 5.05208
999 5.0442
1000 5.03643
1001 5.02873
1002 5.02116
1003 5.01367
1004 5.00625
1005 4.99895
1006 4.99175
1007 4.9846
1008 4.97758
1009 4.97062
1010 4.96373
1011 4.95694
1012 4.95026
1013 4.94362
1014 4.93711
1015 4.93061
1016 4.92423
1017 4.91788
1018 4.91162
1019 4.90546
1020 4.89937
1021 4.89333
1022 4.88734
1023 4.88143
1024 4.87558
1025 4.86979
1026 4.86409
1027 4.85841
1028 4.85283
1029 4.84728
1030 4.8418
1031 4.83638
1032 4.83095
1033 4.82566
1034 4.82037
1035 4.81515
1036 4.80998
1037 4.80485
1038 4.79981
1039 4.79478
1040 4.7898
1041 4.78484
1042 4.77994
1043 4.77508
1044 4.77029
1045 4.7655
1046 4.76075
1047 4.75605
1048 4.75141
1049 4.74679
1050 4.7422
1051 4.73764
1052 4.73314
1053 4.72866
1054 4.72417
1055 4.71977
1056 4.71538
1057 4.71103
1058 4.70668
1059 4.70239
1060 4.6981
1061 4.69387
1062 4.68962
1063 4.68544
1064 4.68126
1065 4.67711
1066 4.67297
1067 4.66884
1068 4.66478
1069 4.66072
1070 4.65665
1071 4.65263
1072 4.64863
1073 4.64462
1074 4.64068
1075 4.63672
1076 4.63278
1077 4.62886
1078 4.62496
1079 4.62107
1080 4.6172
1081 4.61333
1082 4.60948
1083 4.60564
1084 4.60182
1085 4.59802
1086 4.59419
1087 4.59039
1088 4.58664
1089 4.5829
1090 4.5791
1091 4.57535
1092 4.57161
1093 4.56788
1094 4.56414
1095 4.56042
1096 4.5567
1097 4.55303
1098 4.54931
1099 4.5456
1100 4.54194
1101 4.53823
1102 4.53459
1103 4.53089
1104 4.52721
1105 4.52355
1106 4.51989
1107 4.51624
1108 4.51256
1109 4.5089
1110 4.50527
1111 4.50161
1112 4.49797
1113 4.49432
1114 4.49067
1115 4.487
1116 4.48337
1117 4.47975
1118 4.47608
1119 4.47244
1120 4.4688
1121 4.46515
1122 4.46151
1123 4.45786
1124 4.45421
1125 4.45055
1126 4.4469
1127 4.44325
1128 4.43958
1129 4.43594
1130 4.43226
1131 4.42862
1132 4.42495
1133 4.42128
1134 4.41762
1135 4.41391
1136 4.41026
1137 4.40656
1138 4.40287
1139 4.3992
1140 4.39551
1141 4.3918
1142 4.38811
1143 4.38439
1144 4.38069
1145 4.37697
1146 4.37323
1147 4.36952
1148 4.36579
1149 4.36206
1150 4.3583
1151 4.35457
1152 4.35083
1153 4.34708
1154 4.3433
1155 4.33956
1156 4.33576
1157 4.33199
1158 4.32821
1159 4.32441
1160 4.32063
1161 4.31683
1162 4.31302
1163 4.30921
1164 4.3054
1165 4.30155
1166 4.29772
1167 4.29391
1168 4.29006
1169 4.28621
1170 4.28234
1171 4.27849
1172 4.27462
1173 4.27071
1174 4.26684
1175 4.26297
1176 4.25907
1177 4.25516
1178 4.25124
1179 4.24733
1180 4.24342
1181 4.23948
1182 4.23557
1183 4.23161
1184 4.22767
1185 4.22369
1186 4.21974
1187 4.21579
1188 4.2118
1189 4.20781
1190 4.20381
1191 4.19981
1192 4.19579
1193 4.19181
1194 4.18778
1195 4.18378
1196 4.17972
1197 4.1757
1198 4.17166
1199 4.1676
1200 4.16352
1201 4.15946
1202 4.15539
1203 4.15131
1204 4.14724
1205 4.14315
1206 4.13903
1207 4.13496
1208 4.13082
1209 4.12672
1210 4.12256
1211 4.11843
1212 4.11432
1213 4.11017
1214 4.106
1215 4.10184
1216 4.09769
1217 4.09351
1218 4.08933
1219 4.08513
1220 4.08097
1221 4.07675
1222 4.07256
1223 4.06833
1224 4.06413
1225 4.05987
1226 4.05565
1227 4.05142
1228 4.04718
1229 4.04293
1230 4.03867
1231 4.03445
1232 4.03014
1233 4.0259
1234 4.02159
1235 4.01732
1236 4.01305
1237 4.00875
1238 4.00443
1239 4.00013
1240 3.99582
1241 3.99151
1242 3.98718
1243 3.98284
1244 3.97851
1245 3.97416
1246 3.96984
1247 3.96546
1248 3.9611
1249 3.95676
1250 3.9524
1251 3.94797
1252 3.9436
1253 3.93926
1254 3.93485
1255 3.93045
1256 3.92603
1257 3.92166
1258 3.91724
1259 3.91283
1260 3.9084
1261 3.90398
1262 3.89956
1263 3.89511
1264 3.89066
1265 3.8862
1266 3.88179
1267 3.8773
1268 3.87288
1269 3.86841
1270 3.86393
1271 3.85948
1272 3.85498
1273 3.85052
1274 3.84604
1275 3.84152
1276 3.83704
1277 3.83253
1278 3.82805
1279 3.82355
1280 3.81904
1281 3.81453
1282 3.80998
1283 3.80547
1284 3.80096
1285 3.79645
1286 3.79191
1287 3.78737
1288 3.78283
1289 3.77828
1290 3.77372
1291 3.7692
1292 3.76464
1293 3.76009
1294 3.7555
1295 3.75095
1296 3.7464
1297 3.7418
1298 3.73723
1299 3.73266
1300 3.72809
1301 3.7235
1302 3.7189
1303 3.71435
1304 3.70975
1305 3.70513
1306 3.70057
1307 3.69594
1308 3.69136
1309 3.68672
1310 3.68213
1311 3.67754
1312 3.67293
1313 3.66832
1314 3.6637
1315 3.65908
1316 3.65443
1317 3.64981
1318 3.64521
1319 3.64056
1320 3.63592
1321 3.6313
1322 3.62667
1323 3.62205
1324 3.6174
1325 3.61274
1326 3.60811
1327 3.60346
1328 3.5988
1329 3.59415
1330 3.58951
1331 3.58488
1332 3.58024
1333 3.57556
1334 3.57092
1335 3.56625
1336 3.56158
1337 3.55692
1338 3.55228
1339 3.5476
1340 3.54297
1341 3.53827
1342 3.53362
1343 3.52896
1344 3.52425
1345 3.51959
1346 3.51492
1347 3.51024
1348 3.50557
1349 3.50094
1350 3.49624
1351 3.49159
1352 3.48689
1353 3.48224
1354 3.47754
1355 3.47288
1356 3.46818
1357 3.4635
1358 3.45882
1359 3.45415
1360 3.44947
1361 3.44478
1362 3.4401
1363 3.43546
1364 3.43076
1365 3.42605
1366 3.4214
1367 3.4167
1368 3.41204
1369 3.40735
1370 3.40265
1371 3.39801
1372 3.3933
1373 3.38864
1374 3.38394
1375 3.37925
1376 3.37457
1377 3.36989
1378 3.36521
1379 3.36053
1380 3.35585
1381 3.35116
1382 3.34652
1383 3.34183
1384 3.33716
1385 3.33246
1386 3.32782
1387 3.3231
1388 3.31844
1389 3.31378
1390 3.30911
1391 3.30444
1392 3.29976
1393 3.29508
1394 3.29041
1395 3.28572
1396 3.28109
1397 3.2764
1398 3.27175
1399 3.26706
1400 3.26243
1401 3.25778
1402 3.25308
1403 3.24843
1404 3.24375
1405 3.23911
1406 3.23444
1407 3.22979
1408 3.22517
1409 3.22051
1410 3.21586
1411 3.21122
1412 3.20655
1413 3.20192
1414 3.19727
1415 3.19265
1416 3.18798
1417 3.18336
1418 3.1787
1419 3.17406
1420 3.16942
1421 3.16479
1422 3.16016
1423 3.15554
1424 3.15094
1425 3.14631
1426 3.14166
1427 3.13708
1428 3.13243
1429 3.12784
1430 3.12319
1431 3.11859
1432 3.114
1433 3.10939
1434 3.10479
1435 3.10019
1436 3.09558
1437 3.09097
1438 3.08637
1439 3.0818
1440 3.07719
1441 3.07261
1442 3.06801
1443 3.06344
1444 3.05886
1445 3.05425
1446 3.04969
1447 3.04511
1448 3.04054
1449 3.03596
1450 3.03139
1451 3.02687
1452 3.02229
1453 3.01772
1454 3.01316
1455 3.0086
1456 3.00407
1457 2.99949
1458 2.99498
1459 2.99042
1460 2.9859
1461 2.98136
1462 2.97682
1463 2.97229
1464 2.96776
1465 2.96324
1466 2.95872
1467 2.95423
1468 2.94969
1469 2.9452
1470 2.94067
1471 2.93617
1472 2.93168
1473 2.92719
1474 2.92268
1475 2.91818
1476 2.91369
1477 2.90921
1478 2.90477
1479 2.90027
1480 2.89579
1481 2.8913
1482 2.88685
1483 2.88237
1484 2.87793
1485 2.87344
1486 2.869
1487 2.86456
1488 2.86012
1489 2.85568
1490 2.85124
1491 2.8468
1492 2.84235
1493 2.83791
1494 2.8335
1495 2.82908
1496 2.82469
1497 2.82025
1498 2.81586
1499 2.81143
1500 2.80703
1501 2.80263
1502 2.79825
1503 2.79385
1504 2.78946
1505 2.78507
1506 2.78071
1507 2.77633
1508 2.77193
1509 2.7676
1510 2.76321
1511 2.75888
1512 2.75449
1513 2.75014
1514 2.74581
1515 2.74148
1516 2.7371
1517 2.73277
1518 2.72843
1519 2.72413
1520 2.71981
1521 2.71548
1522 2.71115
1523 2.70686
1524 2.70254
1525 2.69824
1526 2.69396
1527 2.68965
1528 2.68536
1529 2.68107
1530 2.67679
1531 2.67253
1532 2.66825
1533 2.66398
1534 2.65973
1535 2.65547
1536 2.6512
1537 2.64699
1538 2.64272
1539 2.63849
1540 2.63426
1541 2.62999
1542 2.62578
1543 2.62155
1544 2.61733
1545 2.61312
1546 2.60894
1547 2.60473
1548 2.60051
1549 2.59635
1550 2.59213
1551 2.58796
1552 2.58375
1553 2.57958
1554 2.57542
1555 2.57126
1556 2.56709
1557 2.56293
1558 2.55877
1559 2.55462
1560 2.55046
1561 2.54635
1562 2.5422
1563 2.53805
1564 2.53394
1565 2.52983
1566 2.52569
1567 2.52158
1568 2.51749
1569 2.51339
1570 2.50929
1571 2.50519
1572 2.5011
1573 2.49702
1574 2.49296
1575 2.48887
1576 2.48482
1577 2.48074
1578 2.47669
1579 2.47265
1580 2.46859
1581 2.46454
1582 2.46052
1583 2.45648
1584 2.45244
1585 2.44841
1586 2.44439
1587 2.4404
1588 2.43636
1589 2.43238
1590 2.42836
1591 2.42438
1592 2.4204
1593 2.41643
1594 2.41245
1595 2.40847
1596 2.4045
1597 2.40053
1598 2.39657
1599 2.39261
1600 2.38868
1601 2.38471
1602 2.3808
1603 2.37684
1604 2.37292
1605 2.36899
1606 2.36508
1607 2.36117
1608 2.35726
1609 2.35336
1610 2.34946
1611 2.34557
1612 2.34169
1613 2.33782
1614 2.33393
1615 2.33008
1616 2.32623
1617 2.32233
1618 2.31848
1619 2.31462
1620 2.31077
1621 2.30693
1622 2.30314
1623 2.29928
1624 2.29545
1625 2.29165
1626 2.28782
1627 2.28402
1628 2.28022
1629 2.27641
1630 2.27262
1631 2.26883
1632 2.26505
1633 2.26127
1634 2.25751
1635 2.25373
1636 2.24995
1637 2.24623
1638 2.24247
1639 2.23874
1640 2.23498
1641 2.23126
1642 2.2275
1643 2.22378
1644 2.22006
1645 2.21635
1646 2.21264
1647 2.20893
1648 2.20523
1649 2.20156
1650 2.19788
1651 2.19418
1652 2.19052
1653 2.18683
1654 2.18318
1655 2.17949
1656 2.17584
1657 2.17221
1658 2.16857
1659 2.16492
1660 2.16127
1661 2.15768
1662 2.15404
1663 2.15043
1664 2.1468
1665 2.14319
1666 2.13961
1667 2.13601
1668 2.13241
1669 2.1288
1670 2.12526
1671 2.12168
1672 2.11809
1673 2.11452
1674 2.11097
1675 2.10741
1676 2.10388
1677 2.10032
1678 2.09678
1679 2.09326
1680 2.08973
1681 2.08622
1682 2.08271
1683 2.0792
1684 2.07568
1685 2.07218
1686 2.0687
1687 2.06521
1688 2.06171
1689 2.05824
1690 2.05477
1691 2.0513
1692 2.04785
1693 2.04438
1694 2.04092
1695 2.03748
1696 2.03405
1697 2.0306
1698 2.02718
1699 2.02374
1700 2.02033
1701 2.01694
1702 2.0135
1703 2.01009
1704 2.0067
1705 2.00331
1706 1.99992
1707 1.99653
1708 1.99317
1709 1.98979
1710 1.98641
1711 1.98307
1712 1.97971
1713 1.97636
1714 1.97303
1715 1.96967
1716 1.96633
1717 1.96301
1718 1.95969
1719 1.95636
1720 1.95306
1721 1.94976
1722 1.94647
1723 1.94316
1724 1.93987
1725 1.93659
1726 1.93331
1727 1.93004
1728 1.92675
1729 1.92349
1730 1.92021
1731 1.91699
1732 1.91372
1733 1.91049
1734 1.90724
1735 1.90401
1736 1.9008
1737 1.89755
1738 1.89434
1739 1.89113
1740 1.88792
1741 1.88471
1742 1.88151
1743 1.87834
1744 1.87515
1745 1.87196
1746 1.8688
1747 1.86561
1748 1.86247
1749 1.85932
1750 1.85615
1751 1.853
1752 1.84986
1753 1.84672
1754 1.84359
1755 1.84048
1756 1.83736
1757 1.83425
1758 1.83113
1759 1.82801
1760 1.82492
1761 1.82182
1762 1.81873
1763 1.81566
1764 1.81258
1765 1.80949
1766 1.80642
1767 1.80337
1768 1.8003
1769 1.79724
1770 1.79421
1771 1.79117
1772 1.7881
1773 1.78507
1774 1.78205
1775 1.77904
1776 1.77603
1777 1.77301
1778 1.76999
1779 1.76699
1780 1.764
1781 1.76101
1782 1.75801
1783 1.75505
1784 1.75207
1785 1.74909
1786 1.74611
1787 1.74315
1788 1.7402
1789 1.73725
1790 1.73432
1791 1.73138
1792 1.72844
1793 1.72549
1794 1.72258
1795 1.71964
1796 1.71674
1797 1.71384
1798 1.71092
1799 1.70804
1800 1.70513
1801 1.70224
1802 1.69936
1803 1.69649
1804 1.69362
1805 1.69072
1806 1.68787
1807 1.68501
1808 1.68215
1809 1.6793
1810 1.67648
1811 1.67364
1812 1.67079
1813 1.66798
1814 1.66515
1815 1.66233
1816 1.6595
1817 1.6567
1818 1.6539
1819 1.65109
1820 1.64831
1821 1.6455
1822 1.64273
1823 1.63995
1824 1.63717
1825 1.6344
1826 1.63163
1827 1.62886
1828 1.62611
1829 1.62337
1830 1.62064
1831 1.61789
1832 1.61515
1833 1.61243
1834 1.6097
1835 1.60697
1836 1.60427
1837 1.60155
1838 1.59884
1839 1.59615
1840 1.59346
1841 1.59076
1842 1.58807
1843 1.58538
1844 1.58273
1845 1.58004
1846 1.57737
1847 1.57472
1848 1.57207
1849 1.5694
1850 1.56677
1851 1.56413
1852 1.56148
1853 1.55885
1854 1.5562
1855 1.55359
1856 1.55097
1857 1.54836
1858 1.54574
1859 1.54315
1860 1.54055
1861 1.53795
1862 1.53535
1863 1.53278
1864 1.53019
1865 1.52761
1866 1.52505
1867 1.52247
1868 1.51991
1869 1.51736
1870 1.51481
1871 1.51227
1872 1.50972
1873 1.50718
1874 1.50465
1875 1.50211
1876 1.49958
1877 1.49707
1878 1.49454
1879 1.49203
1880 1.48953
1881 1.48704
1882 1.48452
1883 1.48203
1884 1.47956
1885 1.47707
1886 1.4746
1887 1.47212
1888 1.46965
1889 1.46717
1890 1.46473
1891 1.46227
1892 1.45981
1893 1.45736
1894 1.45492
1895 1.45248
1896 1.45004
1897 1.44761
1898 1.44519
1899 1.44278
1900 1.44035
1901 1.43794
1902 1.43554
1903 1.43314
1904 1.43074
1905 1.42834
1906 1.42596
1907 1.42356
1908 1.42121
1909 1.41882
1910 1.41645
1911 1.41409
1912 1.41173
1913 1.40936
1914 1.40702
1915 1.40466
1916 1.40232
1917 1.39997
1918 1.39763
1919 1.39531
1920 1.39298
1921 1.39067
1922 1.38836
1923 1.38604
1924 1.38372
1925 1.38141
1926 1.37912
1927 1.37682
1928 1.37454
1929 1.37224
1930 1.36996
1931 1.36768
1932 1.3654
1933 1.36313
1934 1.36087
1935 1.3586
1936 1.35634
1937 1.35409
1938 1.35183
1939 1.34961
1940 1.34736
1941 1.34512
1942 1.34289
1943 1.34065
1944 1.33843
1945 1.33622
1946 1.334
1947 1.33179
1948 1.32957
1949 1.32737
1950 1.32517
1951 1.32299
1952 1.32079
1953 1.31861
1954 1.31642
1955 1.31425
1956 1.31208
1957 1.30989
1958 1.30774
1959 1.30557
1960 1.30342
1961 1.30125
1962 1.29911
1963 1.29696
1964 1.29482
1965 1.29268
1966 1.29055
1967 1.28842
1968 1.28629
1969 1.28417
1970 1.28207
1971 1.27994
1972 1.27784
1973 1.27573
1974 1.27364
1975 1.27152
1976 1.26943
1977 1.26736
1978 1.26526
1979 1.26318
1980 1.26111
1981 1.25903
1982 1.25697
1983 1.2549
1984 1.25283
1985 1.25077
1986 1.24873
1987 1.24667
1988 1.24461
1989 1.24258
1990 1.24056
1991 1.23851
1992 1.23649
1993 1.23446
1994 1.23244
1995 1.23042
1996 1.2284
1997 1.22639
1998 1.22438
1999 1.22238
2000 1.22038
2001 1.21839
2002 1.21639
2003 1.21441
2004 1.21241
2005 1.21044
2006 1.20847
2007 1.2065
2008 1.20452
2009 1.20255
2010 1.2006
2011 1.19864
2012 1.19668
2013 1.19472
2014 1.19279
2015 1.19085
2016 1.18892
2017 1.18697
2018 1.18504
2019 1.1831
2020 1.18119
2021 1.17927
2022 1.17735
2023 1.17543
2024 1.17352
2025 1.17162
2026 1.16972
2027 1.16781
2028 1.16594
2029 1.16404
2030 1.16215
2031 1.16027
2032 1.15839
2033 1.1565
2034 1.15462
2035 1.15277
2036 1.1509
2037 1.14905
2038 1.14718
2039 1.14532
2040 1.14346
2041 1.14163
2042 1.13978
2043 1.13794
2044 1.13609
2045 1.13427
2046 1.13244
2047 1.1306
2048 1.12878
2049 1.12697
2050 1.12515
2051 1.12333
2052 1.12153
2053 1.11973
2054 1.11792
2055 1.11612
2056 1.11432
2057 1.11252
2058 1.11074
2059 1.10896
2060 1.10716
2061 1.1054
2062 1.10362
2063 1.10185
2064 1.10007
2065 1.09831
2066 1.09655
2067 1.09479
2068 1.09305
2069 1.09129
2070 1.08954
2071 1.0878
2072 1.08606
2073 1.08433
2074 1.08259
2075 1.08084
2076 1.07913
2077 1.0774
2078 1.07568
2079 1.07397
2080 1.07226
2081 1.07055
2082 1.06882
2083 1.06712
2084 1.06542
2085 1.06373
2086 1.06204
2087 1.06033
2088 1.05865
2089 1.05697
2090 1.05528
2091 1.05361
2092 1.05194
2093 1.05026
2094 1.04859
2095 1.04693
2096 1.04527
2097 1.04361
2098 1.04195
2099 1.0403
2100 1.03864
2101 1.03701
2102 1.03536
2103 1.03371
2104 1.03208
2105 1.03044
2106 1.02882
2107 1.02719
2108 1.02556
2109 1.02394
2110 1.02232
2111 1.0207
2112 1.01909
2113 1.0175
2114 1.0159
2115 1.01429
2116 1.01269
2117 1.0111
2118 1.0095
2119 1.00792
2120 1.00632
2121 1.00474
2122 1.00316
2123 1.00159
2124 0.999998
2125 0.998426
2126 0.996869
2127 0.995303
2128 0.993736
2129 0.992173
2130 0.990627
2131 0.989063
2132 0.987519
2133 0.985961
2134 0.984425
2135 0.982886
2136 0.981332
2137 0.9798
2138 0.978268
2139 0.976738
2140 0.97521
2141 0.973683
2142 0.972175
2143 0.970651
2144 0.969129
2145 0.967632
2146 0.96611
2147 0.964611
2148 0.963103
2149 0.961602
2150 0.960107
2151 0.958617
2152 0.957123
2153 0.955632
2154 0.954145
2155 0.952655
2156 0.951179
2157 0.949706
2158 0.948221
2159 0.946756
2160 0.945284
2161 0.943819
2162 0.942362
2163 0.94089
2164 0.939432
2165 0.937977
2166 0.936526
2167 0.935075
2168 0.933628
2169 0.93218
2170 0.930751
2171 0.929307
2172 0.927864
2173 0.92644
2174 0.925
2175 0.923578
2176 0.922165
2177 0.92073
2178 0.919311
2179 0.917894
2180 0.916484
2181 0.915071
2182 0.913664
2183 0.912262
2184 0.910849
2185 0.909459
2186 0.908052
2187 0.906668
2188 0.905264
2189 0.903878
2190 0.902497
2191 0.901112
2192 0.899731
2193 0.898341
2194 0.896975
2195 0.895602
2196 0.894228
2197 0.892856
2198 0.891487
2199 0.89013
2200 0.888762
2201 0.887412
2202 0.886058
2203 0.884699
2204 0.883352
2205 0.882012
2206 0.880652
2207 0.879309
2208 0.877982
2209 0.876635
2210 0.875299
2211 0.873972
2212 0.872639
2213 0.871323
2214 0.869983
2215 0.868669
2216 0.867355
2217 0.866023
2218 0.864711
2219 0.863405
2220 0.862096
2221 0.860788
2222 0.859484
2223 0.858191
2224 0.856887
2225 0.855585
2226 0.8543
2227 0.853
2228 0.851714
2229 0.850418
2230 0.84914
2231 0.847864
2232 0.846572
2233 0.845293
2234 0.844033
2235 0.842754
2236 0.841482
2237 0.840219
2238 0.838952
2239 0.837683
2240 0.836428
2241 0.835169
2242 0.833909
2243 0.832659
2244 0.831411
2245 0.83016
2246 0.828916
2247 0.827672
2248 0.826429
2249 0.825188
2250 0.823946
2251 0.822721
2252 0.821487
2253 0.82026
2254 0.819027
2255 0.817801
2256 0.816578
2257 0.81536
2258 0.814143
2259 0.812922
2260 0.811708
2261 0.810506
2262 0.809295
2263 0.808084
2264 0.806882
2265 0.805678
2266 0.804485
2267 0.80328
2268 0.80209
2269 0.800895
2270 0.799706
2271 0.79852
2272 0.797334
2273 0.796149
2274 0.794966
2275 0.793787
2276 0.792608
2277 0.791429
2278 0.790263
2279 0.789084
2280 0.787928
2281 0.786752
2282 0.78559
2283 0.78443
2284 0.783266
2285 0.78211
2286 0.780954
2287 0.779811
2288 0.778652
2289 0.777501
2290 0.77636
2291 0.775217
2292 0.774072
2293 0.772938
2294 0.77179
2295 0.770656
2296 0.769524
2297 0.768393
2298 0.767267
2299 0.766137
2300 0.76501
2301 0.763886
2302 0.762774
2303 0.761653
2304 0.760529
2305 0.759423
2306 0.758305
2307 0.757199
2308 0.75609
2309 0.754984
2310 0.753879
2311 0.752779
2312 0.751676
2313 0.75058
2314 0.749482
2315 0.748389
2316 0.747299
2317 0.746214
2318 0.745119
2319 0.744038
2320 0.742956
2321 0.741867
2322 0.740786
2323 0.739708
2324 0.738635
2325 0.737559
2326 0.736498
2327 0.735427
2328 0.734355
2329 0.733289
2330 0.732228
2331 0.731172
2332 0.730104
2333 0.729057
2334 0.728
2335 0.726946
2336 0.725894
2337 0.724844
2338 0.723795
2339 0.722753
2340 0.721704
2341 0.72067
2342 0.719622
2343 0.718589
2344 0.717555
2345 0.716514
2346 0.715483
2347 0.714454
2348 0.713427
2349 0.712397
2350 0.711374
2351 0.71035
2352 0.709335
2353 0.708316
2354 0.707296
2355 0.706284
2356 0.705265
2357 0.704262
2358 0.703244
2359 0.702242
2360 0.701239
2361 0.700236
2362 0.699231
2363 0.698227
2364 0.697236
2365 0.696232
2366 0.695247
2367 0.694248
2368 0.69326
2369 0.692273
2370 0.691284
2371 0.690296
2372 0.689315
2373 0.688332
2374 0.687351
2375 0.686374
2376 0.6854
2377 0.684428
2378 0.683454
2379 0.682482
2380 0.681514
2381 0.680542
2382 0.679583
2383 0.678621
2384 0.677652
2385 0.676694
2386 0.675738
2387 0.674782
2388 0.673831
2389 0.672871
2390 0.671925
2391 0.670971
2392 0.670028
2393 0.669074
2394 0.668134
2395 0.667193
2396 0.666252
2397 0.665314
2398 0.664378
2399 0.663443
2400 0.662508
2401 0.661574
2402 0.660645
2403 0.659716
2404 0.658787
2405 0.657868
2406 0.656939
2407 0.65602
2408 0.655095
2409 0.654174
2410 0.653261
2411 0.652348
2412 0.651429
2413 0.650525
2414 0.64961
2415 0.648703
2416 0.647795
2417 0.646893
2418 0.645988
2419 0.645083
2420 0.644184
2421 0.643285
2422 0.64239
2423 0.641492
2424 0.640597
2425 0.639709
2426 0.638821
2427 0.63793
2428 0.63704
2429 0.636159
2430 0.635272
2431 0.634391
2432 0.633509
2433 0.632627
2434 0.631753
2435 0.63088
2436 0.63
2437 0.629132
2438 0.628259
2439 0.62739
2440 0.626519
2441 0.625656
2442 0.624793
2443 0.623923
2444 0.623064
2445 0.622203
2446 0.621346
2447 0.620488
2448 0.619633
2449 0.618779
2450 0.617932
2451 0.617077
2452 0.616222
2453 0.615384
2454 0.61453
2455 0.613689
2456 0.612849
2457 0.612007
2458 0.611165
2459 0.610328
2460 0.609492
2461 0.608656
2462 0.607823
2463 0.606988
2464 0.606159
2465 0.605332
2466 0.604502
2467 0.603671
2468 0.60285
2469 0.602025
2470 0.601202
2471 0.600382
2472 0.59956
2473 0.598751
2474 0.597933
2475 0.597113
2476 0.596305
2477 0.595491
2478 0.594682
2479 0.593868
2480 0.593065
2481 0.592257
2482 0.591451
2483 0.590651
2484 0.589849
2485 0.589049
2486 0.58825
2487 0.587457
2488 0.586654
2489 0.585862
2490 0.58507
2491 0.584277
2492 0.583491
2493 0.582702
2494 0.581913
2495 0.581128
2496 0.580341
2497 0.579557
2498 0.578773
2499 0.577997
2500 0.577212
2501 0.576439
2502 0.57566
2503 0.574888
2504 0.574112
2505 0.573339
2506 0.572572
2507 0.571799
2508 0.571034
2509 0.570264
2510 0.569504
2511 0.568736
2512 0.567972
2513 0.567215
2514 0.566456
2515 0.565697
2516 0.564942
2517 0.564184
2518 0.563429
2519 0.562676
2520 0.561923
2521 0.561171
2522 0.560424
2523 0.559681
2524 0.558937
2525 0.558193
2526 0.557449
2527 0.556706
2528 0.555962
2529 0.555219
2530 0.554475
2531 0.553731
2532 0.552988
2533 0.552245
2534 0.551501
2535 0.550758
2536 0.550014
2537 0.549271
2538 0.548528
2539 0.547784
2540 0.547041
2541 0.546298
2542 0.545555
2543 0.544812
2544 0.544069
2545 0.543326
2546 0.542583
2547 0.54184
2548 0.541097
2549 0.540354
2550 0.539611
2551 0.538868
2552 0.538125
2553 0.537382
2554 0.53664
2555 0.535897
2556 0.535154
2557 0.534411
2558 0.533669
2559 0.532926
2560 0.532184
2561 0.531441
2562 0.530698
2563 0.529956
2564 0.529214
2565 0.528471
2566 0.527729
2567 0.526986
2568 0.526244
2569 0.525502
2570 0.52476
2571 0.524017
2572 0.523275
2573 0.522533
2574 0.521791
2575 0.521049
2576 0.520307
2577 0.519565
2578 0.518823
2579 0.518081
2580 0.517339
2581 0.516597
2582 0.515855
2583 0.515113
2584 0.514371
2585 0.51363
2586 0.512888
2587 0.512146
2588 0.511405
2589 0.510663
2590 0.509921
2591 0.50918
2592 0.508438
2593 0.507697
2594 0.506955
2595 0.506214
2596 0.505472
2597 0.504731
2598 0.50399
2599 0.503248
2600 0.502507
2601 0.501766
2602 0.501025
2603 0.500283
2604 0.499542
2605 0.498801
2606 0.49806
2607 0.497319
2608 0.496578
2609 0.495837
2610 0.495096
2611 0.494355
2612 0.493614
2613 0.492873
2614 0.492132
2615 0.491392
2616 0.490651
2617 0.48991
2618 0.489169
2619 0.488429
2620 0.487688
2621 0.486948
2622 0.486207
2623 0.485466
2624 0.484726
2625 0.483986
2626 0.483245
2627 0.482505
2628 0.481764
2629 0.481024
2630 0.480284
2631 0.479543
2632 0.478803
2633 0.478063
2634 0.477323
2635 0.476583
2636 0.475842
2637 0.475102
2638 0.474362
2639 0.473622
2640 0.472882
2641 0.472142
2642 0.471402
2643 0.470663
2644 0.469923
2645 0.469183
2646 0.468443
2647 0.467703
2648 0.466964
2649 0.466224
2650 0.465484
2651 0.464745
2652 0.464005
2653 0.463265
2654 0.462526
2655 0.461786
2656 0.461047
2657 0.460307
2658 0.459568
2659 0.458829
2660 0.458089
2661 0.45735
2662 0.456611
2663 0.455872
2664 0.455132
2665 0.454393
2666 0.453654
2667 0.452915
2668 0.452176
2669 0.451437
2670 0.450698
2671 0.449959
2672 0.44922
2673 0.448481
2674 0.447742
2675 0.447003
2676 0.446264
2677 0.445526
2678 0.444787
2679 0.444048
2680 0.443309
2681 0.442571
2682 0.441832
2683 0.441094
2684 0.440355
2685 0.439616
2686 0.438878
2687 0.438139
2688 0.437401
2689 0.436663
2690 0.435924
2691 0.435186
2692 0.434448
2693 0.433709
2694 0.432971
2695 0.432233
2696 0.431495
2697 0.430757
2698 0.430018
2699 0.42928
2700 0.428542
2701 0.427804
2702 0.427066
2703 0.426328
2704 0.425591
2705 0.424853
2706 0.424115
2707 0.423377
2708 0.422639
2709 0.421901
2710 0.421164
2711 0.420426
2712 0.419688
2713 0.418951
2714 0.418213
2715 0.417476
2716 0.416738
2717 0.416001
2718 0.415263
2719 0.414526
2720 0.413788
2721 0.413051
2722 0.412314
2723 0.411576
2724 0.410839
2725 0.410102
2726 0.409365
2727 0.408627
2728 0.40789
2729 0.407153
2730 0.406416
2731 0.405679
2732 0.404942
2733 0.404205
2734 0.403468
2735 0.402731
2736 0.401994
2737 0.401257
2738 0.400521
2739 0.399784
2740 0.399047
2741 0.39831
2742 0.397574
2743 0.396837
2744 0.3961
2745 0.395364
2746 0.394627
2747 0.393891
2748 0.393154
2749 0.392418
2750 0.391681
2751 0.390945
2752 0.390209
2753 0.389472
2754 0.388736
2755 0.388
2756 0.387263
2757 0.386527
2758 0.385791
2759 0.385055
2760 0.384319
2761 0.383583
2762 0.382847
2763 0.382111
2764 0.381375
2765 0.380639
2766 0.379903
2767 0.379167
2768 0.378431
2769 0.377695
2770 0.37696
2771 0.376224
2772 0.375488
2773 0.374752
2774 0.374017
2775 0.373281
2776 0.372546
2777 0.37181
2778 0.371075
2779 0.370339
2780 0.369604
2781 0.368868
2782 0.368133
2783 0.367397
2784 0.366662
2785 0.365927
2786 0.365192
2787 0.364456
2788 0.363721
2789 0.362986
2790 0.362251
2791 0.361516
2792 0.360781
2793 0.360046
2794 0.359311
2795 0.358576
2796 0.357841
2797 0.357106
2798 0.356371
2799 0.355636
2800 0.354901
2801 0.354166
2802 0.353432
2803 0.352697
2804 0.351962
2805 0.351228
2806 0.350493
2807 0.349758
2808 0.349024
2809 0.348289
2810 0.347555
2811 0.34682
2812 0.346086
2813 0.345352
2814 0.344617
2815 0.343883
2816 0.343149
2817 0.342414
2818 0.34168
2819 0.340946
2820 0.340212
2821 0.339478
2822 0.338744
2823 0.338009
2824 0.337275
2825 0.336541
2826 0.335807
2827 0.335073
2828 0.33434
2829 0.333606
2830 0.332872
2831 0.332138
2832 0.331404
2833 0.330671
2834 0.329937
2835 0.329203
2836 0.328469
2837 0.327736
2838 0.327002
2839 0.326269
2840 0.325535
2841 0.324802
2842 0.324068
2843 0.323335
2844 0.322601
2845 0.321868
2846 0.321135
2847 0.320401
2848 0.319668
2849 0.318935
2850 0.318202
2851 0.317469
2852 0.316735
2853 0.316002
2854 0.315269
2855 0.314536
2856 0.313803
2857 0.31307
2858 0.312337
2859 0.311604
2860 0.310872
2861 0.310139
2862 0.309406
2863 0.308673
2864 0.30794
2865 0.307208
2866 0.306475
2867 0.305742
2868 0.30501
2869 0.304277
2870 0.303545
2871 0.302812
2872 0.30208
2873 0.301347
2874 0.300615
2875 0.299882
2876 0.29915
2877 0.298418
2878 0.297685
2879 0.296953
2880 0.296221
2881 0.295489
2882 0.294756
2883 0.294024
2884 0.293292
2885 0.29256
2886 0.291828
2887 0.291096
2888 0.290364
2889 0.289632
2890 0.2889
2891 0.288168
2892 0.287437
2893 0.286705
2894 0.285973
2895 0.285241
2896 0.28451
2897 0.283778
2898 0.283046
2899 0.282315
2900 0.281583
2901 0.280851
2902 0.28012
2903 0.279388
2904 0.278657
2905 0.277926
2906 0.277194
2907 0.276463
2908 0.275732
2909 0.275
2910 0.274269
2911 0.273538
2912 0.272807
2913 0.272075
2914 0.271344
2915 0.270613
2916 0.269882
2917 0.269151
2918 0.26842
2919 0.267689
2920 0.266958
2921 0.266227
2922 0.265496
2923 0.264766
2924 0.264035
2925 0.263304
2926 0.262573
2927 0.261842
2928 0.261112
2929 0.260381
2930 0.259651
2931 0.25892
2932 0.258189
2933 0.257459
2934 0.256728
2935 0.255998
2936 0.255267
2937 0.254537
2938 0.253807
2939 0.253076
2940 0.252346
2941 0.251616
2942 0.250886
2943 0.250155
2944 0.249425
2945 0.248695
2946 0.247965
2947 0.247235
2948 0.246505
2949 0.245775
2950 0.245045
2951 0.244315
2952 0.243585
2953 0.242855
2954 0.242125
2955 0.241396
2956 0.240666
2957 0.239936
2958 0.239206
2959 0.238477
2960 0.237747
2961 0.237017
2962 0.236288
2963 0.235558
2964 0.234829
2965 0.234099
2966 0.23337
2967 0.23264
2968 0.231911
2969 0.231182
2970 0.230452
2971 0.229723
2972 0.228994
2973 0.228264
2974 0.227535
2975 0.226806
2976 0.226077
2977 0.225348
2978 0.224619
2979 0.22389
2980 0.223161
2981 0.222432
2982 0.221703
2983 0.220974
2984 0.220245
2985 0.219516
2986 0.218787
2987 0.218059
2988 0.21733
2989 0.216601
2990 0.215872
2991 0.215144
2992 0.214415
2993 0.213687
2994 0.212958
2995 0.21223
2996 0.211501
2997 0.210773
2998 0.210044
2999 0.209316
3000 0.208587
3001 0.207859
3002 0.207131
3003 0.206403
3004 0.205674
3005 0.204946
3006 0.204218
3007 0.20349
3008 0.202762
3009 0.202034
3010 0.201306
3011 0.200578
3012 0.19985
3013 0.199122
3014 0.198394
3015 0.197666
3016 0.196938
3017 0.19621
3018 0.195482
3019 0.194755
3020 0.194027
3021 0.193299
3022 0.192572
3023 0.191844
3024 0.191116
3025 0.190389
3026 0.189661
3027 0.188934
3028 0.188206
3029 0.187479
3030 0.186752
3031 0.186024
3032 0.185297
3033 0.18457
3034 0.183842
3035 0.183115
3036 0.182388
3037 0.181661
3038 0.180934
3039 0.180206
3040 0.179479
3041 0.178752
3042 0.178025
3043 0.177298
3044 0.176571
3045 0.175844
3046 0.175118
3047 0.174391
3048 0.173664
3049 0.172937
3050 0.17221
3051 0.171484
3052 0.170757
3053 0.17003
3054 0.169304
3055 0.168577
3056 0.167851
3057 0.167124
3058 0.166398
3059 0.165671
3060 0.164945
3061 0.164218
3062 0.163492
3063 0.162766
3064 0.162039
3065 0.161313
3066 0.160587
3067 0.159861
3068 0.159134
3069 0.158408
3070 0.157682
3071 0.156956
3072 0.15623
3073 0.155504
3074 0.154778
3075 0.154052
3076 0.153326
3077 0.1526
3078 0.151874
3079 0.151149
3080 0.150423
3081 0.149697
3082 0.148971
3083 0.148246
3084 0.14752
3085 0.146794
3086 0.146069
3087 0.145343
3088 0.144618
3089 0.143892
3090 0.143167
3091 0.142441
3092 0.141716
3093 0.140991
3094 0.140265
3095 0.13954
3096 0.138815
3097 0.138089
3098 0.137364
3099 0.136639
3100 0.135914
3101 0.135189
3102 0.134464
3103 0.133739
3104 0.133014
3105 0.132289
3106 0.131564
3107 0.130839
3108 0.130114
3109 0.129389
3110 0.128664
3111 0.127939
3112 0.127215
3113 0.12649
3114 0.125765
3115 0.125041
3116 0.124316
3117 0.123591
3118 0.122867
3119 0.122142
3120 0.121418
3121 0.120693
3122 0.119969
3123 0.119244
3124 0.11852
3125 0.117796
3126 0.117071
3127 0.116347
3128 0.115623
3129 0.114899
3130 0.114174
3131 0.11345
3132 0.112726
3133 0.112002
3134 0.111278
3135 0.110554
3136 0.10983
3137 0.109106
3138 0.108382
3139 0.107658
3140 0.106934
3141 0.106211
3142 0.105487
3143 0.104763
3144 0.104039
3145 0.103316
3146 0.102592
3147 0.101868
3148 0.101145
3149 0.100421
3150 0.0996977
3151 0.0989742
3152 0.0982507
3153 0.0975272
3154 0.0968038
3155 0.0960805
3156 0.0953571
3157 0.0946338
3158 0.0939105
3159 0.0931873
3160 0.0924641
3161 0.0917409
3162 0.0910177
3163 0.0902946
3164 0.0895715
3165 0.0888485
3166 0.0881254
3167 0.0874025
3168 0.0866795
3169 0.0859566
3170 0.0852337
3171 0.0845108
3172 0.083788
3173 0.0830652
3174 0.0823424
3175 0.0816197
3176 0.080897
3177 0.0801743
3178 0.0794517
3179 0.0787291
3180 0.0780065
3181 0.077284
3182 0.0765615
3183 0.075839
3184 0.0751165
3185 0.0743941
3186 0.0736718
3187 0.0729494
3188 0.0722271
3189 0.0715048
3190 0.0707826
3191 0.0700603
3192 0.0693382
3193 0.068616
3194 0.0678939
3195 0.0671718
3196 0.0664497
3197 0.0657277
3198 0.0650057
3199 0.0642837
3200 0.0635618
3201 0.0628399
3202 0.0621181
3203 0.0613962
3204 0.0606744
3205 0.0599526
3206 0.0592309
3207 0.0585092
3208 0.0577875
3209 0.0570659
3210 0.0563443
3211 0.0556227
3212 0.0549012
3213 0.0541797
3214 0.0534582
3215 0.0527367
3216 0.0520153
3217 0.0512939
3218 0.0505726
3219 0.0498513
3220 0.04913
3221 0.0484087
3222 0.0476875
3223 0.0469663
3224 0.0462451
3225 0.045524
3226 0.0448029
3227 0.0440818
3228 0.0433608
3229 0.0426398
3230 0.0419189
3231 0.0411979
3232 0.040477
3233 0.0397561
3234 0.0390353
3235 0.0383145
3236 0.0375937
3237 0.036873
3238 0.0361523
3239 0.0354316
3240 0.0347109
3241 0.0339903
3242 0.0332698
3243 0.0325492
3244 0.0318287
3245 0.0311082
3246 0.0303877
3247 0.0296673
3248 0.0289469
3249 0.0282266
3250 0.0275063
3251 0.026786
3252 0.0260657
3253 0.0253455
3254 0.0246253
3255 0.0239051
3256 0.023185
3257 0.0224649
3258 0.0217448
3259 0.0210248
3260 0.0203048
3261 0.0195848
3262 0.0188649
3263 0.0181449
3264 0.0174251
3265 0.0167052
3266 0.0159854
3267 0.0152656
3268 0.0145459
3269 0.0138262
3270 0.0131065
3271 0.0123868
3272 0.0116672
3273 0.0109476
3274 0.0102281
3275 0.00950856
3276 0.00878907
3277 0.00806961
3278 0.00735018
3279 0.00663079
3280 0.00591142
3281 0.00519209
3282 0.00447279
3283 0.00375353
3284 0.00303429
3285 0.00231509
3286 0.00159592
3287 0.000876782
3288 0.000157676
3289 0
3290 0
3291 0
3292 0
3293 0
3294 0
3295 0
3296 0
3297 0
3298 0
3299 0
3300 0
3301 0
3302 0
3303 0
3304 0
3305 0
3306 0
3307 0
3308 0
3309 0
3310 0
3311 0
3312 0
3313 0
3314 0
3315 0
3316 0
3317 0
3318 0
3319 0
3320 0
3321 0
3322 0
3323 0
3324 0
3325 0
3326 0
3327 0
3328 0
3329 0
3330 0
3331 0
3332 0
3333 0
3334 0
3335 0
3336 0
3337 0
3338 0
3339 0
3340 0
3341 0
3342 0
3343 0
3344 0
3345 0
3346 0
3347 0
3348 0
3349 0
3350 0
3351 0
3352 0
3353 0
3354 0
3355 0
3356 0
3357 0
3358 0
3359 0
3360 0
3361 0
3362 0
3363 0
3364 0
3365 0
3366 0
3367 0
3368 0
3369 0
3370 0
3371 0
3372 0
3373 0
3374 0
3375 0
3376 0
3377 0
3378 0
3379 0
3380 0
3381 0
3382 0
3383 0
3384 0
3385 0
3386 0
3387 0
3388 0
3389 0
3390 0
3391 0
3392 0
3393 0
3394 0
3395 0
3396 0
3397 0
3398 0
3399 0
3400 0
3401 0
3402 0
3403 0
3404 0
3405 0
3406 0
3407 0
3408 0
3409 0
3410 0
3411 0
3412 0
3413 0
3414 0
3415 0
3416 0
3417 0
3418 0
3419 0
3420 0
3421 0
3422 0
3423 0
3424 0
3425 0
3426 0
3427 0
3428 0
3429 0
3430 0
3431 0
3432 0
3433 0
3434 0
3435 0
3436 0
3437 0
3438 0
3439 0
3440 0
3441 0
3442 0
3443 0
3444 0
3445 0
3446 0
3447 0
3448 0
3449 0
3450 0
3451 0
3452 0
3453 0
3454 0
3455 0
3456 0
3457 0
3458 0
3459 0
3460 0
3461 0
3462 0
3463 0
3464 0
3465 0
3466 0
3467 0
3468 0
3469 0
3470 0
3471 0
3472 0
3473 0
3474 0
3475 0
3476 0
3477 0
3478 0
3479 0
3480 0
3481 0
3482 0
3483 0
3484 0
3485 0
3486 0
3487 0
3488 0
3489 0
3490 0
3491 0
3492 0
3493 0
3494 0
3495 0
3496 0
3497 0
3498 0
3499 0
3500 0
3501 0
3502 0
3503 0
3504 0
3505 0
3506 0
3507 0
3508 0
3509 0
3510 0
3511 0
3512 0
3513 0
3514 0
3515 0
3516 0
3517 0
3518 0
3519 0
3520 0
3521 0
3522 0
3523 0
3524 0
3525 0
3526 0
3527 0
3528 0
3529 0
3530 0
3531 0
3532 0
3533 0
3534 0
3535 0
3536 0
3537 0
3538 0
3539 0
3540 0
3541 0
3542 0
3543 0
3544 0
3545 0
3546 0
3547 0
3548 0
3549 0
3550 0
3551 0
3552 0
3553 0
3554 0
3555 0
3556 0
3557 0
3558 0
3559 0
3560 0
3561 0
3562 0
3563 0
3564 0
3565 0
3566 0
3567 0
3568 0
3569 0
3570 0
3571 0
3572 0
3573 0
3574 0
3575 0
3576 0
3577 0
3578 0
3579 0
3580 0
3581 0
3582 0
3583 0
3584 0
3585 0
3586 0
3587 0
3588 0
3589 0
3590 0
3591 0
3592 0
3593 0
3594 0
3595 0
3596 0
3597 0
3598 0
3599 0
3600 0
3601 0
3602 0
3603 0
3604 0
3605 0
3606 0
3607 0
3608 0
3609 0
3610 0
3611 0
3612 0
3613 0
3614 0
3615 0
3616 0
3617 0
3618 0
3619 0
3620 0
3621 0
3622 0
3623 0
3624 0
3625 0
3626 0
3627 0
3628 0
3629 0
3630 0
3631 0
3632 0
3633 0
3634 0
3635 0
3636 0
3637 0
3638 0
3639 0
3640 0
3641 0
3642 0
3643 0
3644 0
3645 0
3646 0
3647 0
3648 0
3649 0
3650 0
3651 0
3652 0
3653 0
3654 0
3655 0
3656 0
3657 0
3658 0
3659 0
3660 0
3661 0
3662 0
3663 0
3664 0
3665 0
3666 0
3667 0
3668 0
3669 0
3670 0
3671 0
3672 0
3673 0
3674 0
3675 0
3676 0
3677 0
3678 0
3679 0
3680 0
3681 0
3682 0
3683 0
3684 0
3685 0
3686 0
3687 0
3688 0
3689 0
3690 0
3691 0
3692 0
3693 0
3694 0
3695 0
3696 0
3697 0
3698 0
3699 0
3700 0
3701 0
3702 0
3703 0
3704 0
3705 0
3706 0
3707 0
3708 0
3709 0
3710 0
3711 0
3712 0
3713 0
3714 0
3715 0
3716 0
3717 0
3718 0
3719 0
3720 0
3721 0
3722 0
3723 0
3724 0
3725 0
3726 0
3727 0
3728 0
3729 0
3730 0
3731 0
3732 0
3733 0
3734 0
3735 0
3736 0
3737 0
3738 0
3739 0
3740 0
3741 0
3742 0
3743 0
3744 0
3745 0
3746 0
3747 0
3748 0
3749 0
3750 0
3751 0
3752 0
3753 0
3754 0
3755 0
3756 0
3757 0
3758 0
3759 0
3760 0
3761 0
3762 0
3763 0
3764 0
3765 0
3766 0
3767 0
3768 0
3769 0
3770 0
3771 0
3772 0
3773 0
3774 0
3775 0
3776 0
3777 0
3778 0
3779 0
3780 0
3781 0
3782 0
3783 0
3784 0
3785 0
3786 0
3787 0
3788 0
3789 0
3790 0
3791 0
3792 0
3793 0
3794 0
3795 0
3796 0
3797 0
3798 0
3799 0
3800 0
3801 0
3802 0
3803 0
3804 0
3805 0
3806 0
3807 0
3808 0
3809 0
3810 0
3811 0
3812 0
3813 0
3814 0
3815 0
3816 0
3817 0
3818 0
3819 0
3820 0
3821 0
3822 0
3823 0
3824 0
3825 0
3826 0
3827 0
3828 0
3829 0
3830 0
3831 0
3832 0
3833 0
3834 0
3835 0
3836 0
3837 0
3838 0
3839 0
3840 0
3841 0
3842 0
3843 0
3844 0
3845 0
3846 0
3847 0
3848 0
3849 0
3850 0
3851 0
3852 0
3853 0
3854 0
3855 0
3856 0
3857 0
3858 0
3859 0
3860 0
3861 0
3862 0
3863 0
3864 0
3865 0
3866 0
3867 0
3868 0
3869 0
3870 0
3871 0
3872 0
3873 0
3874 0
3875 0
3876 0
3877 0
3878 0
3879 0
3880 0
3881 0
3882 0
3883 0
3884 0
3885 0
3886 0
3887 0
3888 0
3889 0
3890 0
3891 0
3892 0
3893 0
3894 0
3895 0
3896 0
3897 0
3898 0
3899 0
3900 0
3901 0
3902 0
3903 0
3904 0
3905 0
3906 0
3907 0
3908 0
3909 0
3910 0
3911 0
3912 0
3913 0
3914 0
3915 0
3916 0
3917 0
3918 0
3919 0
3920 0
3921 0
3922 0
3923 0
3924 0
3925 0
3926 0
3927 0
3928 0
3929 0
3930 0
3931 0
3932 0
3933 0
3934 0
3935 0
3936 0
3937 0
3938 0
3939 0
3940 0
3941 0
3942 0
3943 0
3944 0
3945 0
3946 0
3947 0
3948 0
3949 0
3950 0
3951 0
3952 0
3953 0
3954 0
3955 0
3956 0
3957 0
3958 0
3959 0
3960 0
3961 0
3962 0
3963 0
3964 0
3965 0
3966 0
3967 0
3968 0
3969 0
3970 0
3971 0
3972 0
3973 0
3974 0
3975 0
3976 0
3977 0
3978 0
3979 0
3980 0
3981 0
3982 0
3983 0
3984 0
3985 0
3986 0
3987 0
3988 0
3989 0
3990 0
3991 0
3992 0
3993 0
3994 0
3995 0
3996 0
3997 0
3998 0
3999 0
4000 0
4001 0
4002 0
4003 0
4004 0
4005 0
4006 0
4007 0
4008 0
4009 0
4010 0
4011 0
4012 0
4013 0
4014 0
4015 0
4016 0
4017 0
4018 0
4019 0
4020 0
4021 0
4022 0
4023 0
4024 0
4025 0
4026 0
4027 0
4028 0
4029 0
4030 0
4031 0
4032 0
4033 0
4034 0
4035 0
4036 0
4037 0
4038 0
4039 0
4040 0
4041 0
4042 0
4043 0
4044 0
4045 0
4046 0
4047 0
4048 0
4049 0
4050 0
4051 0
4052 0
4053 0
4054 0
4055 0
4056 0
4057 0
4058 0
4059 0
4060 0
4061 0
4062 0
4063 0
4064 0
4065 0
4066 0
4067 0
4068 0
4069 0
4070 0
4071 0
4072 0
4073 0
4074 0
4075 0
4076 0
4077 0
4078 0
4079 0
4080 0
4081 0
4082 0
4083 0
4084 0
4085 0
4086 0
4087 0
4088 0
4089 0
4090 0
4091 0
4092 0
4093 0
4094 0
4095 0
4096 0
4097 0
4098 0
4099 0
4100 0
4101 0
4102 0
4103 0
4104 0
4105 0
4106 0
4107 0
4108 0
4109 0
4110 0
4111 0
4112 0
4113 0
4114 0
4115 0
4116 0
4117 0
4118 0
4119 0
4120 0
4121 0
4122 0
4123 0
4124 0
4125 0
4126 0
4127 0
4128 0
4129 0
4130 0
4131 0
4132 0
4133 0
4134 0
4135 0
4136 0
4137 0
4138 0
4139 0
4140 0
4141 0
4142 0
4143 0
4144 0
4145 0
4146 0
4147 0
4148 0
4149 0
4150 0
4151 0
4152 0
4153 0
4154 0
4155 0
4156 0
4157 0
4158 0
4159 0
4160 0
4161 0
4162 0
4163 0
4164 0
4165 0
4166 0
4167 0
4168 0
4169 0
4170 0
4171 0
4172 0
4173 0
4174 0
4175 0
4176 0
4177 0
4178 0
4179 0
4180 0
4181 0
4182 0
4183 0
4184 0
4185 0
4186 0
4187 0
4188 0
4189 0
4190 0
4191 0
4192 0
4193 0
4194 0
4195 0
4196 0
4197 0
4198 0
4199 0
4200 0
4201 0
4202 0
4203 0
4204 0
4205 0
4206 0
4207 0
4208 0
4209 0
4210 0
4211 0
4212 0
4213 0
4214 0
4215 0
4216 0
4217 0
4218 0
4219 0
4220 0
4221 0
4222 0
4223 0
4224 0
4225 0
4226 0
4227 0
4228 0
4229 0
4230 0
4231 0
4232 0
4233 0
4234 0
4235 0
4236 0
4237 0
4238 0
4239 0
4240 0
4241 0
4242 0
4243 0
4244 0
4245 0
4246 0
4247 0
4248 0
4249 0
4250 0
4251 0
4252 0
4253 0
4254 0
4255 0
4256 0
4257 0
4258 0
4259 0
4260 0
4261 0
4262 0
4263 0
4264 0
4265 0
4266 0
4267 0
4268 0
4269 0
4270 0
4271 0
4272 0
4273 0
4274 0
4275 0
4276 0
4277 0
4278 0
4279 0
4280 0
4281 0
4282 0
4283 0
4284 0
4285 0
4286 0
4287 0
4288 0
4289 0
4290 0
4291 0
4292 0
4293 0
4294 0
4295 0
4296 0
4297 0
4298 0
4299 0
4300 0
4301 0
4302 0
4303 0
4304 0
4305 0
4306 0
4307 0
4308 0
4309 0
4310 0
4311 0
4312 0
4313 0
4314 0
4315 0
4316 0
4317 0
4318 0
4319 0
4320 0
4321 0
4322 0
4323 0
4324 0
4325 0
4326 0
4327 0
4328 0
4329 0
4330 0
4331 0
4332 0
4333 0
4334 0
4335 0
4336 0
4337 0
4338 0
4339 0
4340 0
4341 0
4342 0
4343 0
4344 0
4345 0
4346 0
4347 0
4348 0
4349 0
4350 0
4351 0
4352 0
4353 0
4354 0
4355 0
4356 0
4357 0
4358 0
4359 0
4360 0
4361 0
4362 0
4363 0
4364 0
4365 0
4366 0
4367 0
4368 0
4369 0
4370 0
4371 0
4372 0
4373 0
4374 0
4375 0
4376 0
4377 0
4378 0
4379 0
4380 0
4381 0
4382 0
4383 0
4384 0
4385 0
4386 0
4387 0
4388 0
4389 0
4390 0
4391 0
4392 0
4393 0
4394 0
4395 0
4396 0
4397 0
4398 0
4399 0
4400 0
4401 0
4402 0
4403 0
4404 0
4405 0
4406 0
4407 0
4408 0
4409 0
4410 0
4411 0
4412 0
4413 0
4414 0
4415 0
4416 0
4417 0
4418 0
4419 0
4420 0
4421 0
4422 0
4423 0
4424 0
4425 0
4426 0
4427 0
4428 0
4429 0
4430 0
4431 0
4432 0
4433 0
4434 0
4435 0
4436 0
4437 0
4438 0
4439 0
4440 0
4441 0
4442 0
4443 0
4444 0
4445 0
4446 0
4447 0
4448 0
4449 0
4450 0
4451 0
4452 0
4453 0
4454 0
4455 0
4456 0
4457 0
4458 0
4459 0
4460 0
4461 0
4462 0
4463 0
4464 0
4465 0
4466 0
4467 0
4468 0
4469 0
4470 0
4471 0
4472 0
4473 0
4474 0
4475 0
4476 0
4477 0
4478 0
4479 0
4480 0
4481 0
4482 0
4483 0
4484 0
4485 0
4486 0
4487 0
4488 0
4489 0
4490 0
4491 0
4492 0
4493 0
4494 0
4495 0
4496 0
4497 0
4498 0
4499 0
4500 0
4501 0
4502 0
4503 0
4504 0
4505 0
4506 0
4507 0
4508 0
4509 0
4510 0
4511 0
4512 0
4513 0
4514 0
4515 0
4516 0
4517 0
4518 0
4519 0
4520 0
4521 0
4522 0
4523 0
4524 0
4525 0
4526 0
4527 0
4528 0
4529 0
4530 0
4531 0
4532 0
4533 0
4534 0
4535 0
4536 0
4537 0
4538 0
4539 0
4540 0
4541 0
4542 0
4543 0
4544 0
4545 0
4546 0
4547 0
4548 0
4549 0
4550 0
4551 0
4552 0
4553 0
4554 0
4555 0
4556 0
4557 0
4558 0
4559 0
4560 0
4561 0
4562 0
4563 0
4564 0
4565 0
4566 0
4567 0
4568 0
4569 0
4570 0
4571 0
4572 0
4573 0
4574 0
4575 0
4576 0
4577 0
4578 0
4579 0
4580 0
4581 0
4582 0
4583 0
4584 0
4585 0
4586 0
4587 0
4588 0
4589 0
4590 0
4591 0
4592 0
4593 0
4594 0
4595 0
4596 0
4597 0
4598 0
4599 0
4600 0
4601 0
4602 0
4603 0
4604 0
4605 0
4606 0
4607 0
4608 0
4609 0
4610 0
4611 0
4612 0
4613 0
4614 0
4615 0
4616 0
4617 0
4618 0
4619 0
4620 0
4621 0
4622 0
4623 0
4624 0
4625 0
4626 0
4627 0
4628 0
4629 0
4630 0
4631 0
4632 0
4633 0
4634 0
4635 0
4636 0
4637 0
4638 0
4639 0
4640 0
4641 0
4642 0
4643 0
4644 0
4645 0
4646 0
4647 0
4648 0
4649 0
4650 0
4651 0
4652 0
4653 0
4654 0
4655 0
4656 0
4657 0
4658 0
4659 0
4660 0
4661 0
4662 0
4663 0
4664 0
4665 0
4666 0
4667 0
4668 0
4669 0
4670 0
4671 0
4672 0
4673 0
4674 0
4675 0
4676 0
4677 0
4678 0
4679 0
4680 0
4681 0
4682 0
4683 0
4684 0
4685 0
4686 0
4687 0
4688 0
4689 0
4690 0
4691 0
4692 0
4693 0
4694 0
4695 0
4696 0
4697 0
4698 0
4699 0
4700 0
4701 0
4702 0
4703 0
4704 0
4705 0
4706 0
4707 0
4708 0
4709 0
4710 0
4711 0
4712 0
4713 0
4714 0
4715 0
4716 0
4717 0
4718 0
4719 0
4720 0
4721 0
4722 0
4723 0
4724 0
4725 0
4726 0
4727 0
4728 0
4729 0
4730 0
4731 0
4732 0
4733 0
4734 0
4735 0
4736 0
4737 0
4738 0
4739 0
4740 0
4741 0
4742 0
4743 0
4744 0
4745 0
4746 0
4747 0
4748 0
4749 0
4750 0
4751 0
4752 0
4753 0
4754 0
4755 0
4756 0
4757 0
4758 0
4759 0
4760 0
4761 0
4762 0
4763 0
4764 0
4765 0
4766 0
4767 0
4768 0
4769 0
4770 0
4771 0
4772 0
4773 0
4774 0
4775 0
4776 0
4777 0
4778 0
4779 0
4780 0
4781 0
4782 0
4783 0
4784 0
4785 0
4786 0
4787 0
4788 0
4789 0
4790 0
4791 0
4792 0
4793 0
4794 0
4795 0
4796 0
4797 0
4798 0
4799 0
4800 0
4801 0
4802 0
4803 0
4804 0
4805 0
4806 0
4807 0
4808 0
4809 0
4810 0
4811 0
4812 0
4813 0
4814 0
4815 0
4816 0
4817 0
4818 0
4819 0
4820 0
4821 0
4822 0
4823 0
4824 0
4825 0
4826 0
4827 0
4828 0
4829 0
4830 0
4831 0
4832 0
4833 0
4834 0
4835 0
4836 0
4837 0
4838 0
4839 0
4840 0
4841 0
4842 0
4843 0
4844 0
4845 0
4846 0
4847 0
4848 0
4849 0
4850 0
4851 0
4852 0
4853 0
4854 0
4855 0
4856 0
4857 0
4858 0
4859 0
4860 0
4861 0
4862 0
4863 0
4864 0
4865 0
4866 0
4867 0
4868 0
4869 0
4870 0
4871 0
4872 0
4873 0
4874 0
4875 0
4876 0
4877 0
4878 0
4879 0
4880 0
4881 0
4882 0
4883 0
4884 0
4885 0
4886 0
4887 0
4888 0
4889 0
4890 0
4891 0
4892 0
4893 0
4894 0
4895 0
4896 0
4897 0
4898 0
4899 0
4900 0
4901 0
4902 0
4903 0
4904 0
4905 0
4906 0
4907 0
4908 0
4909 0
4910 0
4911 0
4912 0
4913 0
4914 0
4915 0
4916 0
4917 0
4918 0
4919 0
4920 0
4921 0
4922 0
4923 0
4924 0
4925 0
4926 0
4927 0
4928 0
4929 0
4930 0
4931 0
4932 0
4933 0
4934 0
4935 0
4936 0
4937 0
4938 0
4939 0
4940 0
4941 0
4942 0
4943 0
4944 0
4945 0
4946 0
4947 0
4948 0
4949 0
4950 0
4951 0
4952 0
4953 0
4954 0
4955 0
4956 0
4957 0
4958 0
4959 0
4960 0
4961 0
4962 0
4963 0
4964 0
4965 0
4966 0
4967 0
4968 0
4969 0
4970 0
4971 0
4972 0
4973 0
4974 0
4975 0
4976 0
4977 0
4978 0
4979 0
4980 0
4981 0
4982 0
4983 0
4984 0
4985 0
4986 0
4987 0
4988 0
4989 0
4990 0
4991 0
4992 0
4993 0
4994 0
4995 0
4996 0
4997 0
4998 0
4999 0
5000 0
5001 0
5002 0
5003 0
5004 0
5005 0
5006 0
5007 0
5008 0
5009 0
5010 0
5011 0
5012 0
5013 0
5014 0
5015 0
5016 0
5017 0
5018 0
5019 0
5020 0
5021 0
5022 0
5023 0
5024 0
5025 0
5026 0
5027 0
5028 0
5029 0
5030 0
5031 0
5032 0
5033 0
5034 0
5035 0
5036 0
5037 0
5038 0
5039 0
5040 0
5041 0
5042 0
5043 0
5044 0
5045 0
5046 0
5047 0
5048 0
5049 0
5050 0
5051 0
5052 0
5053 0
5054 0
5055 0
5056 0
5057 0
5058 0
5059 0
5060 0
5061 0
5062 0
5063 0
5064 0
5065 0
5066 0
5067 0
5068 0
5069 0
5070 0
5071 0
5072 0
5073 0
5074 0
5075 0
5076 0
5077 0
5078 0
5079 0
5080 0
5081 0
5082 0
5083 0
5084 0
5085 0
5086 0
5087 0
5088 0
5089 0
5090 0
5091 0
5092 0
5093 0
5094 0
5095 0
5096 0
5097 0
5098 0
5099 0
5100 0
5101 0
5102 0
5103 0
5104 0
5105 0
5106 0
5107 0
5108 0
5109 0
5110 0
5111 0
5112 0
5113 0
5114 0
5115 0
5116 0
5117 0
5118 0
5119 0
5120 0
5121 0
5122 0
5123 0
5124 0
5125 0
5126 0
5127 0
5128 0
5129 0
5130 0
5131 0
5132 0
5133 0
5134 0
5135 0
5136 0
5137 0
5138 0
5139 0
5140 0
5141 0
5142 0
5143 0
5144 0
5145 0
5146 0
5147 0
5148 0
5149 0
5150 0
5151 0
5152 0
5153 0
5154 0
5155 0
5156 0
5157 0
5158 0
5159 0
5160 0
5161 0
5162 0
5163 0
5164 0
5165 0
5166 0
5167 0
5168 0
5169 0
5170 0
5171 0
5172 0
5173 0
5174 0
5175 0
5176 0
5177 0
5178 0
5179 0
5180 0
5181 0
5182 0
5183 0
5184 0
5185 0
5186 0
5187 0
5188 0
5189 0
5190 0
5191 0
5192 0
5193 0
5194 0
5195 0
5196 0
5197 0
5198 0
5199 0
5200 0
5201 0
5202 0
5203 0
5204 0
5205 0
5206 0
5207 0
5208 0
5209 0
5210 0
5211 0
5212 0
5213 0
5214 0
5215 0
5216 0
5217 0
5218 0
5219 0
5220 0
5221 0
5222 0
5223 0
5224 0
5225 0
5226 0
5227 0
5228 0
5229 0
5230 0
5231 0
5232 0
5233 0
5234 0
5235 0
5236 0
5237 0
5238 0
5239 0
5240 0
5241 0
5242 0
5243 0
5244 0
5245 0
5246 0
5247 0
5248 0
5249 0
5250 0
5251 0
5252 0
5253 0
5254 0
5255 0
5256 0
5257 0
5258 0
5259 0
5260 0
5261 0
5262 0
5263 0
5264 0
5265 0
5266 0
5267 0
5268 0
5269 0
5270 0
5271 0
5272 0
5273 0
5274 0
5275 0
5276 0
5277 0
5278 0
5279 0
5280 0
5281 0
5282 0
5283 0
5284 0
5285 0
5286 0
5287 0
5288 0
5289 0
5290 0
5291 0
5292 0
5293 0
5294 0
5295 0
5296 0
5297 0
5298 0
5299 0
5300 0
5301 0
5302 0
5303 0
5304 0
5305 0
5306 0
5307 0
5308 0
5309 0
5310 0
5311 0
5312 0
5313 0
5314 0
5315 0
5316 0
5317 0
5318 0
5319 0
5320 0
5321 0
5322 0
5323 0
5324 0
5325 0
5326 0
5327 0
5328 0
5329 0
5330 0
5331 0
5332 0
5333 0
5334 0
5335 0
5336 0
5337 0
5338 0
5339 0
5340 0
5341 0
5342 0
5343 0
5344 0
5345 0
5346 0
5347 0
5348 0
5349 0
5350 0
5351 0
5352 0
5353 0
5354 0
5355 0
5356 0
5357 0
5358 0
5359 0
5360 0
5361 0
5362 0
5363 0
5364 0
5365 0
5366 0
5367 0
5368 0
5369 0
5370 0
5371 0
5372 0
5373 0
5374 0
5375 0
5376 0
5377 0
5378 0
5379 0
5380 0
5381 0
5382 0
5383 0
5384 0
5385 0
5386 0
5387 0
5388 0
5389 0
5390 0
5391 0
5392 0
5393 0
5394 0
5395 0
5396 0
5397 0
5398 0
5399 0
5400 0
5401 0
5402 0
5403 0
5404 0
5405 0
5406 0
5407 0
5408 0
5409 0
5410 0
5411 0
5412 0
5413 0
5414 0
5415 0
5416 0
5417 0
5418 0
5419 0
5420 0
5421 0
5422 0
5423 0
5424 0
5425 0
5426 0
5427 0
5428 0
5429 0
5430 0
5431 0
5432 0
5433 0
5434 0
5435 0
5436 0
5437 0
5438 0
5439 0
5440 0
5441 0
5442 0
5443 0
5444 0
5445 0
5446 0
5447 0
5448 0
5449 0
5450 0
5451 0
5452 0
5453 0
5454 0
5455 0
5456 0
5457 0
5458 0
5459 0
5460 0
5461 0
5462 0
5463 0
5464 0
5465 0
5466 0
5467 0
5468 0
5469 0
5470 0
5471 0
5472 0
5473 0
5474 0
5475 0
5476 0
5477 0
5478 0
5479 0
5480 0
5481 0
5482 0
5483 0
5484 0
5485 0
5486 0
5487 0
5488 0
5489 0
5490 0
5491 0
5492 0
5493 0
5494 0
5495 0
5496 0
5497 0
5498 0
5499 0
5500 0
5501 0
5502 0
5503 0
5504 0
5505 0
5506 0
5507 0
5508 0
5509 0
5510 0
5511 0
5512 0
5513 0
5514 0
5515 0
5516 0
5517 0
5518 0
5519 0
5520 0
5521 0
5522 0
5523 0
5524 0
5525 0
5526 0
5527 0
5528 0
5529 0
5530 0
5531 0
5532 0
5533 0
5534 0
5535 0
5536 0
5537 0
5538 0
5539 0
5540 0
5541 0
5542 0
5543 0
5544 0
5545 0
5546 0
5547 0
5548 0
5549 0
5550 0
5551 0
5552 0
5553 0
5554 0
5555 0
5556 0
5557 0
5558 0
5559 0
5560 0
5561 0
5562 0
5563 0
5564 0
5565 0
5566 0
5567 0
5568 0
5569 0
5570 0
5571 0
5572 0
5573 0
5574 0
5575 0
5576 0
5577 0
5578 0
5579 0
5580 0
5581 0
5582 0
5583 0
5584 0
5585 0
5586 0
5587 0
5588 0
5589 0
5590 0
5591 0
5592 0
5593 0
5594 0
5595 0
5596 0
5597 0
5598 0
5599 0
5600 0
5601 0
5602 0
5603 0
5604 0
5605 0
5606 0
5607 0
5608 0
5609 0
5610 0
5611 0
5612 0
5613 0
5614 0
5615 0
5616 0
5617 0
5618 0
5619 0
5620 0
5621 0
5622 0
5623 0
5624 0
5625 0
5626 0
5627 0
5628 0
5629 0
5630 0
5631 0
5632 0
5633 0
5634 0
5635 0
5636 0
5637 0
5638 0
5639 0
5640 0
5641 0
5642 0
5643 0
5644 0
5645 0
5646 0
5647 0
5648 0
5649 0
5650 0
5651 0
5652 0
5653 0
5654 0
5655 0
5656 0
5657 0
5658 0
5659 0
5660 0
5661 0
5662 0
5663 0
5664 0
5665 0
5666 0
5667 0
5668 0
5669 0
5670 0
5671 0
5672 0
5673 0
5674 0
5675 0
5676 0
5677 0
5678 0
5679 0
5680 0
5681 0
5682 0
5683 0
5684 0
5685 0
5686 0
5687 0
5688 0
5689 0
5690 0
5691 0
5692 0
5693 0
5694 0
5695 0
5696 0
5697 0
5698 0
5699 0
5700 0
5701 0
5702 0
5703 0
5704 0
5705 0
5706 0
5707 0
5708 0
5709 0
5710 0
5711 0
5712 0
5713 0
5714 0
5715 0
5716 0
5717 0
5718 0
5719 0
5720 0
5721 0
5722 0
5723 0
5724 0
5725 0
5726 0
5727 0
5728 0
5729 0
5730 0
5731 0
5732 0
5733 0
5734 0
5735 0
5736 0
5737 0
5738 0
5739 0
5740 0
5741 0
5742 0
5743 0
5744 0
5745 0
5746 0
5747 0
5748 0
5749 0
5750 0
5751 0
5752 0
5753 0
5754 0
5755 0
5756 0
5757 0
5758 0
5759 0
5760 0
5761 0
5762 0
5763 0
5764 0
5765 0
5766 0
5767 0
5768 0
5769 0
5770 0
5771 0
5772 0
5773 0
5774 0
5775 0
5776 0
5777 0
5778 0
5779 0
5780 0
5781 0
5782 0
5783 0
5784 0
5785 0
5786 0
5787 0
5788 0
5789 0
5790 0
5791 0
5792 0
5793 0
5794 0
5795 0
5796 0
5797 0
5798 0
5799 0
5800 0
5801 0
5802 0
5803 0
5804 0
5805 0
5806 0
5807 0
5808 0
5809 0
5810 0
5811 0
5812 0
5813 0
5814 0
5815 0
5816 0
5817 0
5818 0
5819 0
5820 0
5821 0
5822 0
5823 0
5824 0
5825 0
5826 0
5827 0
5828 0
5829 0
5830 0
5831 0
5832 0
5833 0
5834 0
5835 0
5836 0
5837 0
5838 0
5839 0
5840 0
5841 0
5842 0
5843 0
5844 0
5845 0
5846 0
5847 0
5848 0
5849 0
5850 0
5851 0
5852 0
5853 0
5854 0
5855 0
5856 0
5857 0
5858 0
5859 0
5860 0
5861 0
5862 0
5863 0
5864 0
5865 0
5866 0
5867 0
5868 0
5869 0
5870 0
5871 0
5872 0
5873 0
5874 0
5875 0
5876 0
5877 0
5878 0
5879 0
5880 0
5881 0
5882 0
5883 0
5884 0
5885 0
5886 0
5887 0
5888 0
5889 0
5890 0
5891 0
5892 0
5893 0
5894 0
5895 0
5896 0
5897 0
5898 0
5899 0
5900 0
5901 0
5902 0
5903 0
5904 0
5905 0
5906 0
5907 0
5908 0
5909 0
5910 0
5911 0
5912 0
5913 0
5914 0
5915 0
5916 0
5917 0
5918 0
5919 0
5920 0
5921 0
5922 0
5923 0
5924 0
5925 0
5926 0
5927 0
5928 0
5929 0
5930 0
5931 0
5932 0
5933 0
5934 0
5935 0
5936 0
5937 0
5938 0
5939 0
5940 0
5941 0
5942 0
5943 0
5944 0
5945 0
5946 0
5947 0
5948 0
5949 0
5950 0
5951 0
5952 0
5953 0
5954 0
5955 0
5956 0
5957 0
5958 0
5959 0
5960 0
5961 0
5962 0
5963 0
5964 0
5965 0
5966 0
5967 0
5968 0
5969 0
5970 0
5971 0
5972 0
5973 0
5974 0
5975 0
5976 0
5977 0
5978 0
5979 0
5980 0
5981 0
5982 0
5983 0
5984 0
5985 0
5986 0
5987 0
5988 0
5989 0
5990 0
5991 0
5992 0
5993 0
5994 0
5995 0
5996 0
5997 0
5998 0
5999 0
6000 0
6001 0
6002 0
6003 0
6004 0
6005 0
6006 0
6007 0
6008 0
6009 0
6010 0
6011 0
6012 0
6013 0
6014 0
6015 0
6016 0
6017 0
6018 0
6019 0
6020 0
6021 0
6022 0
6023 0
6024 0
6025 0
6026 0
6027 0
6028 0
6029 0
6030 0
6031 0
6032 0
6033 0
6034 0
6035 0
6036 0
6037 0
6038 0
6039 0
6040 0
6041 0
6042 0
6043 0
6044 0
6045 0
6046 0
6047 0
6048 0
6049 0
6050 0
6051 0
6052 0
6053 0
6054 0
6055 0
6056 0
6057 0
6058 0
6059 0
6060 0
6061 0
6062 0
6063 0
6064 0
6065 0
6066 0
6067 0
6068 0
6069 0
6070 0
6071 0
6072 0
6073 0
6074 0
6075 0
6076 0
6077 0
6078 0
6079 0
6080 0
6081 0
6082 0
6083 0
6084 0
6085 0
6086 0
6087 0
6088 0
6089 0
6090 0
6091 0
6092 0
6093 0
6094 0
6095 0
6096 0
6097 0
6098 0
6099 0
6100 0
6101 0
6102 0
6103 0
6104 0
6105 0
6106 0
6107 0
6108 0
6109 0
6110 0
6111 0
6112 0
6113 0
6114 0
6115 0
6116 0
6117 0
6118 0
6119 0
6120 0
6121 0
6122 0
6123 0
6124 0
6125 0
6126 0
6127 0
6128 0
6129 0
6130 0
6131 0
6132 0
6133 0
6134 0
6135 0
6136 0
6137 0
6138 0
6139 0
6140 0
6141 0
6142 0
6143 0
6144 0
6145 0
6146 0
6147 0
6148 0
6149 0
6150 0
6151 0
6152 0
6153 0
6154 0
6155 0
6156 0
6157 0
6158 0
6159 0
6160 0
6161 0
6162 0
6163 0
6164 0
6165 0
6166 0
6167 0
6168 0
6169 0
6170 0
6171 0
6172 0
6173 0
6174 0
6175 0
6176 0
6177 0
6178 0
6179 0
6180 0
6181 0
6182 0
6183 0
6184 0
6185 0
6186 0
6187 0
6188 0
6189 0
6190 0
6191 0
6192 0
6193 0
6194 0
6195 0
6196 0
6197 0
6198 0
6199 0
6200 0
6201 0
6202 0
6203 0
6204 0
6205 0
6206 0
6207 0
6208 0
6209 0
6210 0
6211 0
6212 0
6213 0
6214 0
6215 0
6216 0
6217 0
6218 0
6219 0
6220 0
6221 0
6222 0
6223 0
6224 0
6225 0
6226 0
6227 0
6228 0
6229 0
6230 0
6231 0
6232 0
6233 0
6234 0
6235 0
6236 0
6237 0
6238 0
6239 0
6240 0
6241 0
6242 0
6243 0
6244 0
6245 0
6246 0
6247 0
6248 0
6249 0
6250 0
6251 0
6252 0
6253 0
6254 0
6255 0
6256 0
6257 0
6258 0
6259 0
6260 0
6261 0
6262 0
6263 0
6264 0
6265 0
6266 0
6267 0
6268 0
6269 0
6270 0
6271 0
6272 0
6273 0
6274 0
6275 0
6276 0
6277 0
6278 0
6279 0
6280 0
6281 0
6282 0
6283 0
6284 0
6285 0
6286 0
6287 0
6288 0
6289 0
6290 0
6291 0
6292 0
6293 0
6294 0
6295 0
6296 0
6297 0
6298 0
6299 0
6300 0
6301 0
6302 0
6303 0
6304 0
6305 0
6306 0
6307 0
6308 0
6309 0
6310 0
6311 0
6312 0
6313 0
6314 0
6315 0
6316 0
6317 0
6318 0
6319 0
6320 0
6321 0
6322 0
6323 0
6324 0
6325 0
6326 0
6327 0
6328 0
6329 0
6330 0
6331 0
6332 0
6333 0
6334 0
6335 0
6336 0
6337 0
6338 0
6339 0
6340 0
6341 0
6342 0
6343 0
6344 0
6345 0
6346 0
6347 0
6348 0
6349 0
6350 0
6351 0
6352 0
6353 0
6354 0
6355 0
6356 0
6357 0
6358 0
6359 0
6360 0
6361 0
6362 0
6363 0
6364 0
6365 0
6366 0
6367 0
6368 0
6369 0
6370 0
6371 0
6372 0
6373 0
6374 0
6375 0
6376 0
6377 0
6378 0
6379 0
6380 0
6381 0
6382 0
6383 0
6384 0
6385 0
6386 0
6387 0
6388 0
6389 0
6390 0
6391 0
6392 0
6393 0
6394 0
6395 0
6396 0
6397 0
6398 0
6399 0
6400 0
6401 0
6402 0
6403 0
6404 0
6405 0
6406 0
6407 0
6408 0
6409 0
6410 0
6411 0
6412 0
6413 0
6414 0
6415 0
6416 0
6417 0
6418 0
6419 0
6420 0
6421 0
6422 0
6423 0
6424 0
6425 0
6426 0
6427 0
6428 0
6429 0
6430 0
6431 0
6432 0
6433 0
6434 0
6435 0
6436 0
6437 0
6438 0
6439 0
6440 0
6441 0
6442 0
6443 0
6444 0
6445 0
6446 0
6447 0
6448 0
6449 0
6450 0
6451 0
6452 0
6453 0
6454 0
6455 0
6456 0
6457 0
6458 0
6459 0
6460 0
6461 0
6462 0
6463 0
6464 0
6465 0
6466 0
6467 0
6468 0
6469 0
6470 0
6471 0
6472 0
6473 0
6474 0
6475 0
6476 0
6477 0
6478 0
6479 0
6480 0
6481 0
6482 0
6483 0
6484 0
6485 0
6486 0
6487 0
6488 0
6489 0
6490 0
6491 0
6492 0
6493 0
6494 0
6495 0
6496 0
6497 0
6498 0
6499 0
6500 0
6501 0
6502 0
6503 0
6504 0
6505 0
6506 0
6507 0
6508 0
6509 0
6510 0
6511 0
6512 0
6513 0
6514 0
6515 0
6516 0
6517 0
6518 0
6519 0
6520 0
6521 0
6522 0
6523 0
6524 0
6525 0
6526 0
6527 0
6528 0
6529 0
6530 0
6531 0
6532 0
6533 0
6534 0
6535 0
6536 0
6537 0
6538 0
6539 0
6540 0
6541 0
6542 0
6543 0
6544 0
6545 0
6546 0
6547 0
6548 0
6549 0
6550 0
6551 0
6552 0
6553 0
6554 0
6555 0
6556 0
6557 0
6558 0
6559 0
6560 0
6561 0
6562 0
6563 0
6564 0
6565 0
6566 0
6567 0
6568 0
6569 0
6570 0
6571 0
6572 0
6573 0
6574 0
6575 0
6576 0
6577 0
6578 0
6579 0
6580 0
6581 0
6582 0
6583 0
6584 0
6585 0
6586 0
6587 0
6588 0
6589 0
6590 0
6591 0
6592 0
6593 0
6594 0
6595 0
6596 0
6597 0
6598 0
6599 0
6600 0
6601 0
6602 0
6603 0
6604 0
6605 0
6606 0
6607 0
6608 0
6609 0
6610 0
6611 0
6612 0
6613 0
6614 0
6615 0
6616 0
6617 0
6618 0
6619 0
6620 0
6621 0
6622 0
6623 0
6624 0
6625 0
6626 0
6627 0
6628 0
6629 0
6630 0
6631 0
6632 0
6633 0
6634 0
6635 0
6636 0
6637 0
6638 0
6639 0
6640 0
6641 0
6642 0
6643 0
6644 0
6645 0
6646 0
6647 0
6648 0
6649 0
6650 0
6651 0
6652 0
6653 0
6654 0
6655 0
6656 0
6657 0
6658 0
6659 0
6660 0
6661 0
6662 0
6663 0
6664 0
6665 0
6666 0
6667 0
6668 0
6669 0
6670 0
6671 0
6672 0
6673 0
6674 0
6675 0
6676 0
6677 0
6678 0
6679 0
6680 0
6681 0
6682 0
6683 0
6684 0
6685 0
6686 0
6687 0
6688 0
6689 0
6690 0
6691 0
6692 0
6693 0
6694 0
6695 0
6696 0
6697 0
6698 0
6699 0
6700 0
6701 0
6702 0
6703 0
6704 0
6705 0
6706 0
6707 0
6708 0
6709 0
6710 0
6711 0
6712 0
6713 0
6714 0
6715 0
6716 0
6717 0
6718 0
6719 0
6720 0
6721 0
6722 0
6723 0
6724 0
6725 0
6726 0
6727 0
6728 0
6729 0
6730 0
6731 0
6732 0
6733 0
6734 0
6735 0
6736 0
6737 0
6738 0
6739 0
6740 0
6741 0
6742 0
6743 0
6744 0
6745 0
6746 0
6747 0
6748 0
6749 0
6750 0
6751 0
6752 0
6753 0
6754 0
6755 0
6756 0
6757 0
6758 0
6759 0
6760 0
6761 0
6762 0
6763 0
6764 0
6765 0
6766 0
6767 0
6768 0
6769 0
6770 0
6771 0
6772 0
6773 0
6774 0
6775 0
6776 0
6777 0
6778 0
6779 0
6780 0
6781 0
6782 0
6783 0
6784 0
6785 0
6786 0
6787 0
6788 0
6789 0
6790 0
6791 0
6792 0
6793 0
6794 0
6795 0
6796 0
6797 0
6798 0
6799 0
6800 0
6801 0
6802 0
6803 0
6804 0
6805 0
6806 0
6807 0
6808 0
6809 0
6810 0
6811 0
6812 0
6813 0
6814 0
6815 0
6816 0
6817 0
6818 0
6819 0
6820 0
6821 0
6822 0
6823 0
6824 0
6825 0
6826 0
6827 0
6828 0
6829 0
6830 0
6831 0
6832 0
6833 0
6834 0
6835 0
6836 0
6837 0
6838 0
6839 0
6840 0
6841 0
6842 0
6843 0
6844 0
6845 0
6846 0
6847 0
6848 0
6849 0
6850 0
6851 0
6852 0
6853 0
6854 0
6855 0
6856 0
6857 0
6858 0
6859 0
6860 0
6861 0
6862 0
6863 0
6864 0
6865 0
6866 0
6867 0
6868 0
6869 0
6870 0
6871 0
6872 0
6873 0
6874 0
6875 0
6876 0
6877 0
6878 0
6879 0
6880 0
6881 0
6882 0
6883 0
6884 0
6885 0
6886 0
6887 0
6888 0
6889 0
6890 0
6891 0
6892 0
6893 0
6894 0
6895 0
6896 0
6897 0
6898 0
6899 0
6900 0
6901 0
6902 0
6903 0
6904 0
6905 0
6906 0
6907 0
6908 0
6909 0
6910 0
6911 0
6912 0
6913 0
6914 0
6915 0
6916 0
6917 0
6918 0
6919 0
6920 0
6921 0
6922 0
6923 0
6924 0
6925 0
6926 0
6927 0
6928 0
6929 0
6930 0
6931 0
6932 0
6933 0
6934 0
6935 0
6936 0
6937 0
6938 0
6939 0
6940 0
6941 0
6942 0
6943 0
6944 0
6945 0
6946 0
6947 0
6948 0
6949 0
6950 0
6951 0
6952 0
6953 0
6954 0
6955 0
6956 0
6957 0
6958 0
6959 0
6960 0
6961 0
6962 0
6963 0
6964 0
6965 0
6966 0
6967 0
6968 0
6969 0
6970 0
6971 0
6972 0
6973 0
6974 0
6975 0
6976 0
6977 0
6978 0
6979 0
6980 0
6981 0
6982 0
6983 0
6984 0
6985 0
6986 0
6987 0
6988 0
6989 0
6990 0
6991 0
6992 0
6993 0
6994 0
6995 0
6996 0
6997 0
6998 0
6999 0
7000 0
7001 0
7002 0
7003 0
7004 0
7005 0
7006 0
7007 0
7008 0
7009 0
7010 0
7011 0
7012 0
7013 0
7014 0
7015 0
7016 0
7017 0
7018 0
7019 0
7020 0
7021 0
7022 0
7023 0
7024 0
7025 0
7026 0
7027 0
7028 0
7029 0
7030 0
7031 0
7032 0
7033 0
7034 0
7035 0
7036 0
7037 0
7038 0
7039 0
7040 0
7041 0
7042 0
7043 0
7044 0
7045 0
7046 0
7047 0
7048 0
7049 0
7050 0
7051 0
7052 0
7053 0
7054 0
7055 0
7056 0
