29 0.0997364
30 0.108381
31 0.117034
32 0.125706
33 0.134404
34 0.14314
35 0.151921
36 0.160756
37 0.169656
38 0.178628
39 0.187682
40 0.196828
41 0.206074
42 0.215429
43 0.224902
44 0.234503
45 0.244241
46 0.254125
47 0.264163
48 0.274366
49 0.284742
50 0.2953
51 0.306049
52 0.316999
53 0.328159
54 0.339537
55 0.351144
56 0.362987
57 0.375076
58 0.38742
59 0.400028
59 0.4129
60 0.426032
61 0.439421
62 0.453063
63 0.466954
64 0.481091
65 0.495469
66 0.510086
67 0.524937
68 0.540018
69 0.555327
70 0.570859
71 0.58661
72 0.602578
73 0.618757
74 0.635145
75 0.651738
76 0.668532
77 0.685523
78 0.702708
79 0.720083
80 0.737644
81 0.755387
82 0.773309
83 0.791407
84 0.809675
85 0.828112
86 0.846712
87 0.865473
88 0.884391
89 0.903467
90 0.922699
91 0.942087
92 0.96163
93 0.981327
94 1.00118
95 1.02118
96 1.04134
97 1.06165
98 1.08211
99 1.10272
100 1.12347
101 1.14438
102 1.16544
103 1.18664
104 1.20799
105 1.22949
106 1.25114
107 1.27292
108 1.29486
109 1.31693
110 1.33915
111 1.36151
112 1.38401
113 1.40666
114 1.42944
115 1.45236
116 1.47543
117 1.49863
118 1.52196
119 1.54544
120 1.56904
121 1.59278
122 1.61664
123 1.64063
124 1.66475
125 1.689
126 1.71337
127 1.73785
128 1.76246
129 1.78718
130 1.81203
131 1.83698
132 1.86205
133 1.88723
134 1.91251
135 1.93791
136 1.96341
137 1.98901
138 2.01472
139 2.04052
140 2.06643
141 2.09243
142 2.11853
143 2.14472
144 2.171
145 2.19738
146 2.22384
147 2.25039
148 2.27702
149 2.30374
150 2.33054
151 2.35742
152 2.38438
153 2.41141
154 2.43853
155 2.46572
156 2.49298
157 2.52031
158 2.54771
159 2.57518
160 2.60272
161 2.63033
162 2.65799
163 2.68573
164 2.71352
165 2.74137
166 2.76928
167 2.79724
168 2.82526
169 2.85333
170 2.88146
171 2.90963
172 2.93786
173 2.96613
174 2.99445
175 3.02281
176 3.05121
177 3.07966
178 3.10814
179 3.13666
180 3.16522
181 3.19382
182 3.22244
183 3.2511
184 3.2798
185 3.30852
186 3.33726
187 3.36604
188 3.39484
189 3.42366
190 3.4525
191 3.48136
192 3.51025
193 3.53915
194 3.56806
195 3.59699
196 3.62593
197 3.65488
198 3.68385
199 3.71282
200 3.74179
201 3.77078
202 3.79976
203 3.82875
204 3.85774
205 3.88673
206 3.91571
207 3.94469
208 3.97367
209 4.00264
210 4.03161
211 4.06056
212 4.0895
213 4.11844
214 4.14736
215 4.17626
216 4.20515
217 4.23403
218 4.26288
219 4.29172
220 4.32053
221 4.34933
222 4.3781
223 4.40685
224 4.43557
225 4.46426
226 4.49292
227 4.52156
228 4.55016
229 4.57873
230 4.60727
231 4.63577
232 4.66424
233 4.69267
234 4.72106
235 4.74941
236 4.77772
237 4.80598
238 4.8342
239 4.86238
240 4.89051
241 4.9186
242 4.94663
243 4.97462
244 5.00256
245 5.03045
246 5.05828
247 5.08606
248 5.11379
249 5.14146
250 5.16908
251 5.19664
252 5.22413
253 5.25157
254 5.27895
255 5.30627
256 5.33353
257 5.36072
258 5.38784
259 5.4149
260 5.4419
261 5.46882
262 5.49568
263 5.52246
264 5.54918
265 5.57582
266 5.60239
267 5.62888
268 5.6553
269 5.68165
270 5.70791
271 5.7341
272 5.76021
273 5.78625
274 5.8122
275 5.83807
276 5.86386
277 5.88957
278 5.91519
279 5.94074
280 5.96619
281 5.99156
282 6.01685
283 6.04205
284 6.06716
285 6.09218
286 6.11711
287 6.14195
288 6.1667
289 6.19136
290 6.21592
291 6.2404
292 6.26477
293 6.28906
294 6.31324
295 6.33733
296 6.36133
297 6.38522
298 6.40902
299 6.43271
300 6.45631
300 6.47981
301 6.5032
302 6.5265
303 6.54969
304 6.57278
305 6.59577
306 6.61866
307 6.64144
308 6.66412
309 6.68669
310 6.70916
311 6.73152
312 6.75378
313 6.77593
314 6.79797
315 6.8199
316 6.84173
317 6.86345
318 6.88506
319 6.90655
320 6.92794
321 6.94922
322 6.97039
323 6.99145
324 7.01239
325 7.03322
326 7.05394
327 7.07454
328 7.09503
329 7.11541
330 7.13567
331 7.15582
332 7.17586
333 7.19577
334 7.21558
335 7.23527
336 7.25484
337 7.27429
338 7.29363
339 7.31286
340 7.33196
341 7.35095
342 7.36983
343 7.38858
344 7.40722
345 7.42574
346 7.44414
347 7.46242
348 7.48058
349 7.49862
350 7.51655
351 7.53435
352 7.55204
353 7.5696
354 7.58705
355 7.60437
356 7.62157
357 7.63866
358 7.65562
359 7.67245
360 7.68917
361 7.70577
362 7.72224
363 7.7386
364 7.75483
365 7.77094
366 7.78693
367 7.8028
368 7.81854
369 7.83417
370 7.84967
371 7.86505
372 7.88031
373 7.89545
374 7.91047
375 7.92537
376 7.94014
377 7.95479
378 7.96932
379 7.98373
380 7.99802
381 8.01219
382 8.02623
383 8.04015
384 8.05395
385 8.06763
386 8.08119
387 8.09463
388 8.10794
389 8.12113
390 8.13421
391 8.14715
392 8.15998
393 8.17269
394 8.18528
395 8.19774
396 8.21009
397 8.22231
398 8.23441
399 8.2464
400 8.25826
401 8.27001
402 8.28163
403 8.29313
404 8.30452
405 8.31578
406 8.32693
407 8.33796
408 8.34887
409 8.35966
410 8.37033
411 8.38088
412 8.39132
413 8.40164
414 8.41184
415 8.42192
416 8.43188
417 8.44173
418 8.45146
419 8.46107
420 8.47057
421 8.47995
422 8.48921
423 8.49836
424 8.50739
425 8.5163
426 8.5251
427 8.53379
428 8.54236
429 8.55081
430 8.55915
431 8.56738
432 8.57549
433 8.5835
434 8.59138
435 8.59916
436 8.60682
437 8.61437
438 8.62181
439 8.62914
440 8.63635
441 8.64346
442 8.65045
443 8.65734
444 8.66411
445 8.67077
446 8.67733
447 8.68377
448 8.69011
449 8.69634
450 8.70246
451 8.70847
452 8.71437
453 8.72017
454 8.72585
455 8.73144
456 8.73691
457 8.74228
458 8.74754
459 8.7527
460 8.75776
461 8.7627
462 8.76755
463 8.77229
464 8.77693
465 8.78146
466 8.7859
467 8.79023
468 8.79445
469 8.79858
470 8.80261
471 8.80653
472 8.81036
473 8.81408
474 8.8177
475 8.82123
476 8.82466
477 8.82799
478 8.83122
479 8.83435
480 8.83738
481 8.84032
482 8.84317
483 8.84591
484 8.84856
485 8.85112
486 8.85357
487 8.85594
488 8.85821
489 8.86039
490 8.86247
491 8.86446
492 8.86636
493 8.86817
494 8.86988
495 8.8715
496 8.87303
497 8.87447
498 8.87583
499 8.87709
500 8.87826
501 8.87934
502 8.88034
503 8.88124
504 8.88206
505 8.88279
506 8.88344
507 8.884
508 8.88447
509 8.88485
510 8.88516
511 8.88537
512 8.8855
513 8.88555
514 8.88552
515 8.8854
516 8.8852
517 8.88491
518 8.88455
519 8.8841
520 8.88357
521 8.88296
522 8.88227
523 8.8815
524 8.88065
525 8.87973
526 8.87872
527 8.87764
528 8.87647
529 8.87523
530 8.87392
531 8.87252
532 8.87106
533 8.86951
534 8.86789
535 8.8662
536 8.86443
537 8.86259
538 8.86067
539 8.85868
540 8.85662
541 8.85449
541 8.85228
542 8.85001
543 8.84766
544 8.84524
545 8.84275
546 8.8402
547 8.83757
548 8.83488
549 8.83211
550 8.82928
551 8.82638
552 8.82342
553 8.82038
554 8.81728
555 8.81412
556 8.81089
557 8.80759
558 8.80424
559 8.80081
560 8.79732
561 8.79377
562 8.79016
563 8.78648
564 8.78274
565 8.77894
566 8.77508
567 8.77116
568 8.76717
569 8.76313
570 8.75903
571 8.75486
572 8.75064
573 8.74636
574 8.74202
575 8.73763
576 8.73317
577 8.72866
578 8.72409
579 8.71947
580 8.71479
581 8.71006
582 8.70527
583 8.70042
584 8.69553
585 8.69057
586 8.68557
587 8.68051
588 8.6754
589 8.67024
590 8.66502
591 8.65975
592 8.65444
593 8.64907
594 8.64365
595 8.63818
596 8.63266
597 8.62709
598 8.62148
599 8.61581
600 8.6101
601 8.60434
602 8.59853
603 8.59267
604 8.58677
605 8.58082
606 8.57483
607 8.56879
608 8.5627
609 8.55657
610 8.5504
611 8.54418
612 8.53792
613 8.53161
614 8.52527
615 8.51888
616 8.51244
617 8.50597
618 8.49945
619 8.49289
620 8.48629
621 8.47966
622 8.47298
623 8.46626
624 8.4595
625 8.4527
626 8.44587
627 8.439
628 8.43208
629 8.42513
630 8.41815
631 8.41112
632 8.40406
633 8.39696
634 8.38983
635 8.38266
636 8.37545
637 8.36821
638 8.36094
639 8.35363
640 8.34628
641 8.33891
642 8.33149
643 8.32405
644 8.31657
645 8.30906
646 8.30152
647 8.29394
648 8.28634
649 8.2787
650 8.27103
651 8.26333
652 8.2556
653 8.24784
654 8.24005
655 8.23223
656 8.22439
657 8.21651
658 8.2086
659 8.20067
660 8.19271
661 8.18472
662 8.17671
663 8.16866
664 8.16059
665 8.15249
666 8.14437
667 8.13622
668 8.12805
669 8.11985
670 8.11162
671 8.10337
672 8.0951
673 8.0868
674 8.07848
675 8.07013
676 8.06176
677 8.05336
678 8.04495
679 8.03651
680 8.02805
681 8.01956
682 8.01106
683 8.00253
684 7.99398
685 7.98541
686 7.97682
687 7.96821
688 7.95958
689 7.95093
690 7.94226
691 7.93357
692 7.92486
693 7.91614
694 7.90739
695 7.89862
696 7.88984
697 7.88104
698 7.87222
699 7.86339
700 7.85454
701 7.84567
702 7.83678
703 7.82788
704 7.81896
705 7.81002
706 7.80107
707 7.7921
708 7.78312
709 7.77412
710 7.76511
711 7.75608
712 7.74704
713 7.73798
714 7.72891
715 7.71983
716 7.71073
717 7.70161
718 7.69249
719 7.68335
720 7.6742
721 7.66504
722 7.65586
723 7.64667
724 7.63747
725 7.62826
726 7.61904
727 7.6098
728 7.60056
729 7.5913
730 7.58204
731 7.57276
732 7.56347
733 7.55417
734 7.54487
735 7.53555
736 7.52622
737 7.51689
738 7.50754
739 7.49819
740 7.48883
741 7.47946
742 7.47008
743 7.46069
744 7.45129
745 7.44189
746 7.43248
747 7.42306
748 7.41363
749 7.4042
750 7.39476
751 7.38531
752 7.37585
753 7.36639
754 7.35693
755 7.34745
756 7.33798
757 7.32849
758 7.319
759 7.30951
760 7.3
761 7.2905
762 7.28099
763 7.27147
764 7.26195
765 7.25243
766 7.2429
767 7.23337
768 7.22383
769 7.2143
770 7.20475
771 7.19521
772 7.18566
773 7.1761
774 7.16655
775 7.15699
776 7.14743
777 7.13787
778 7.1283
779 7.11873
780 7.10916
781 7.09959
782 7.09001
783 7.08044
783 7.07086
784 7.06128
785 7.0517
786 7.04212
787 7.03253
788 7.02295
789 7.01336
790 7.00378
791 6.99419
792 6.9846
793 6.97502
794 6.96543
795 6.95584
796 6.94626
797 6.93667
798 6.92708
799 6.9175
800 6.90791
801 6.89832
802 6.88874
803 6.87916
804 6.86958
805 6.85999
806 6.85042
807 6.84084
808 6.83126
809 6.82169
810 6.81211
811 6.80254
812 6.79297
813 6.78341
814 6.77384
815 6.76428
816 6.75472
817 6.74516
818 6.73561
819 6.72606
820 6.71651
821 6.70696
822 6.69742
823 6.68788
824 6.67834
825 6.66881
826 6.65928
827 6.64975
828 6.64023
829 6.63071
830 6.62119
831 6.61168
832 6.60217
833 6.59267
834 6.58317
835 6.57367
836 6.56418
837 6.5547
838 6.54521
839 6.53574
840 6.52626
841 6.5168
842 6.50734
843 6.49788
844 6.48843
845 6.47898
846 6.46954
847 6.4601
848 6.45067
849 6.44125
850 6.43183
851 6.42242
852 6.41301
853 6.40361
854 6.39421
855 6.38482
856 6.37544
857 6.36606
858 6.35669
859 6.34733
860 6.33797
861 6.32862
862 6.31927
863 6.30993
864 6.3006
865 6.29128
866 6.28196
867 6.27264
868 6.26334
869 6.25404
870 6.24475
871 6.23547
872 6.22619
873 6.21692
874 6.20766
875 6.1984
876 6.18916
877 6.17992
878 6.17068
879 6.16146
880 6.15224
881 6.14303
882 6.13383
883 6.12464
884 6.11545
885 6.10628
886 6.09711
887 6.08794
888 6.07879
889 6.06965
890 6.06051
891 6.05138
892 6.04226
893 6.03315
894 6.02405
895 6.01496
896 6.00587
897 5.99679
898 5.98772
899 5.97866
900 5.96961
901 5.96057
902 5.95154
903 5.94251
904 5.9335
905 5.92449
906 5.91549
907 5.90651
908 5.89753
909 5.88856
910 5.87959
911 5.87064
912 5.8617
913 5.85277
914 5.84384
915 5.83493
916 5.82602
917 5.81713
918 5.80824
919 5.79936
920 5.7905
921 5.78164
922 5.77279
923 5.76395
924 5.75512
925 5.7463
926 5.7375
927 5.7287
928 5.71991
929 5.71113
930 5.70236
931 5.6936
932 5.68485
933 5.67611
934 5.66739
935 5.65867
936 5.64996
937 5.64126
938 5.63257
939 5.62389
940 5.61523
941 5.60657
942 5.59792
943 5.58929
944 5.58066
945 5.57204
946 5.56344
947 5.55484
948 5.54626
949 5.53768
950 5.52912
951 5.52057
952 5.51202
953 5.50349
954 5.49497
955 5.48646
956 5.47796
957 5.46947
958 5.46099
959 5.45252
960 5.44406
961 5.43562
962 5.42718
963 5.41876
964 5.41034
965 5.40194
966 5.39354
967 5.38516
968 5.37679
969 5.36843
970 5.36008
971 5.35175
972 5.34342
973 5.3351
974 5.3268
975 5.3185
976 5.31022
977 5.30195
978 5.29369
979 5.28544
980 5.2772
981 5.26897
982 5.26076
983 5.25255
984 5.24436
985 5.23618
986 5.228
987 5.21984
988 5.21169
989 5.20356
990 5.19543
991 5.18732
992 5.17921
993 5.17112
994 5.16304
995 5.15497
996 5.14691
997 5.13886
998 5.13083
999 5.1228
1000 5.11479
1001 5.10679
1002 5.09879
1003 5.09082
1004 5.08285
1005 5.07489
1006 5.06695
1007 5.05901
1008 5.05109
1009 5.04318
1010 5.03528
1011 5.02739
1012 5.01952
1013 5.01165
1014 5.0038
1015 4.99596
1016 4.98813
1017 4.98031
1018 4.97251
1019 4.96471
1020 4.95693
1021 4.94916
1022 4.9414
1023 4.93365
1024 4.92591
1025 4.91819
1025 4.91047
1026 4.90277
1027 4.89508
1028 4.8874
1029 4.87973
1030 4.87208
1031 4.86443
1032 4.8568
1033 4.84918
1034 4.84157
1035 4.83397
1036 4.82638
1037 4.81881
1038 4.81124
1039 4.80369
1040 4.79615
1041 4.78862
1042 4.78111
1043 4.7736
1044 4.7661
1045 4.75862
1046 4.75115
1047 4.74369
1048 4.73624
1049 4.7288
1050 4.72138
1051 4.71396
1052 4.70656
1053 4.69917
1054 4.69179
1055 4.68442
1056 4.67707
1057 4.66972
1058 4.66239
1059 4.65507
1060 4.64775
1061 4.64046
1062 4.63317
1063 4.62589
1064 4.61863
1065 4.61137
1066 4.60413
1067 4.5969
1068 4.58968
1069 4.58247
1070 4.57528
1071 4.56809
1072 4.56092
1073 4.55376
1074 4.54661
1075 4.53947
1076 4.53234
1077 4.52522
1078 4.51812
1079 4.51102
1080 4.50394
1081 4.49687
1082 4.48981
1083 4.48276
1084 4.47572
1085 4.4687
1086 4.46168
1087 4.45468
1088 4.44769
1089 4.44071
1090 4.43374
1091 4.42678
1092 4.41984
1093 4.4129
1094 4.40598
1095 4.39907
1096 4.39217
1097 4.38528
1098 4.3784
1099 4.37153
1100 4.36468
1101 4.35783
1102 4.351
1103 4.34418
1104 4.33736
1105 4.33057
1106 4.32378
1107 4.317
1108 4.31023
1109 4.30348
1110 4.29674
1111 4.29001
1112 4.28329
1113 4.27658
1114 4.26988
1115 4.26319
1116 4.25651
1117 4.24985
1118 4.2432
1119 4.23655
1120 4.22992
1121 4.2233
1122 4.21669
1123 4.2101
1124 4.20351
1125 4.19693
1126 4.19037
1127 4.18381
1128 4.17727
1129 4.17074
1130 4.16422
1131 4.15771
1132 4.15121
1133 4.14472
1134 4.13825
1135 4.13178
1136 4.12532
1137 4.11888
1138 4.11245
1139 4.10603
1140 4.09961
1141 4.09321
1142 4.08682
1143 4.08044
1144 4.07408
1145 4.06772
1146 4.06137
1147 4.05504
1148 4.04871
1149 4.0424
1150 4.03609
1151 4.0298
1152 4.02352
1153 4.01725
1154 4.01099
1155 4.00474
1156 3.9985
1157 3.99227
1158 3.98605
1159 3.97984
1160 3.97365
1161 3.96746
1162 3.96129
1163 3.95512
1164 3.94897
1165 3.94282
1166 3.93669
1167 3.93057
1168 3.92445
1169 3.91835
1170 3.91226
1171 3.90618
1172 3.90011
1173 3.89405
1174 3.888
1175 3.88196
1176 3.87593
1177 3.86991
1178 3.86391
1179 3.85791
1180 3.85192
1181 3.84594
1182 3.83998
1183 3.83402
1184 3.82807
1185 3.82214
1186 3.81621
1187 3.8103
1188 3.80439
1189 3.7985
1190 3.79261
1191 3.78674
1192 3.78088
1193 3.77502
1194 3.76918
1195 3.76335
1196 3.75752
1197 3.75171
1198 3.74591
1199 3.74011
1200 3.73433
1201 3.72856
1202 3.72279
1203 3.71704
1204 3.7113
1205 3.70557
1206 3.69984
1207 3.69413
1208 3.68843
1209 3.68273
1210 3.67705
1211 3.67138
1212 3.66572
1213 3.66006
1214 3.65442
1215 3.64879
1216 3.64316
1217 3.63755
1218 3.63195
1219 3.62635
1220 3.62077
1221 3.61519
1222 3.60963
1223 3.60407
1224 3.59853
1225 3.59299
1226 3.58747
1227 3.58195
1228 3.57645
1229 3.57095
1230 3.56546
1231 3.55999
1232 3.55452
1233 3.54906
1234 3.54361
1235 3.53817
1236 3.53274
1237 3.52732
1238 3.52191
1239 3.51651
1240 3.51112
1241 3.50574
1242 3.50037
1243 3.49501
1244 3.48965
1245 3.48431
1246 3.47897
1247 3.47365
1248 3.46833
1249 3.46303
1250 3.45773
1251 3.45244
1252 3.44716
1253 3.44189
1254 3.43663
1255 3.43138
1256 3.42614
1257 3.42091
1258 3.41568
1259 3.41047
1260 3.40527
1261 3.40007
1262 3.39488
1263 3.38971
1264 3.38454
1265 3.37938
1266 3.37423
1266 3.36909
1267 3.36396
1268 3.35883
1269 3.35372
1270 3.34861
1271 3.34352
1272 3.33843
1273 3.33335
1274 3.32828
1275 3.32322
1276 3.31817
1277 3.31313
1278 3.3081
1279 3.30307
1280 3.29806
1281 3.29305
1282 3.28805
1283 3.28306
1284 3.27808
1285 3.27311
1286 3.26815
1287 3.2632
1288 3.25825
1289 3.25332
1290 3.24839
1291 3.24347
1292 3.23856
1293 3.23366
1294 3.22876
1295 3.22388
1296 3.219
1297 3.21414
1298 3.20928
1299 3.20443
1300 3.19959
1301 3.19476
1302 3.18993
1303 3.18512
1304 3.18031
1305 3.17551
1306 3.17072
1307 3.16594
1308 3.16117
1309 3.1564
1310 3.15165
1311 3.1469
1312 3.14216
1313 3.13743
1314 3.13271
1315 3.12799
1316 3.12329
1317 3.11859
1318 3.1139
1319 3.10922
1320 3.10455
1321 3.09989
1322 3.09523
1323 3.09058
1324 3.08594
1325 3.08131
1326 3.07669
1327 3.07208
1328 3.06747
1329 3.06287
1330 3.05828
1331 3.0537
1332 3.04913
1333 3.04456
1334 3.04
1335 3.03546
1336 3.03091
1337 3.02638
1338 3.02186
1339 3.01734
1340 3.01283
1341 3.00833
1342 3.00384
1343 2.99935
1344 2.99487
1345 2.9904
1346 2.98594
1347 2.98149
1348 2.97704
1349 2.97261
1350 2.96818
1351 2.96375
1352 2.95934
1353 2.95493
1354 2.95053
1355 2.94614
1356 2.94176
1357 2.93738
1358 2.93302
1359 2.92866
1360 2.9243
1361 2.91996
1362 2.91562
1363 2.91129
1364 2.90697
1365 2.90266
1366 2.89835
1367 2.89405
1368 2.88976
1369 2.88548
1370 2.8812
1371 2.87693
1372 2.87267
1373 2.86842
1374 2.86417
1375 2.85993
1376 2.8557
1377 2.85148
1378 2.84726
1379 2.84305
1380 2.83885
1381 2.83465
1382 2.83047
1383 2.82629
1384 2.82211
1385 2.81795
1386 2.81379
1387 2.80964
1388 2.8055
1389 2.80136
1390 2.79723
1391 2.79311
1392 2.789
1393 2.78489
1394 2.78079
1395 2.7767
1396 2.77261
1397 2.76853
1398 2.76446
1399 2.7604
1400 2.75634
1401 2.75229
1402 2.74825
1403 2.74422
1404 2.74019
1405 2.73617
1406 2.73215
1407 2.72814
1408 2.72414
1409 2.72015
1410 2.71617
1411 2.71219
1412 2.70821
1413 2.70425
1414 2.70029
1415 2.69634
1416 2.6924
1417 2.68846
1418 2.68453
1419 2.68061
1420 2.67669
1421 2.67278
1422 2.66888
1423 2.66498
1424 2.66109
1425 2.65721
1426 2.65333
1427 2.64947
1428 2.6456
1429 2.64175
1430 2.6379
1431 2.63406
1432 2.63022
1433 2.6264
1434 2.62257
1435 2.61876
1436 2.61495
1437 2.61115
1438 2.60736
1439 2.60357
1440 2.59979
1441 2.59601
1442 2.59225
1443 2.58848
1444 2.58473
1445 2.58098
1446 2.57724
1447 2.57351
1448 2.56978
1449 2.56605
1450 2.56234
1451 2.55863
1452 2.55493
1453 2.55123
1454 2.54754
1455 2.54386
1456 2.54018
1457 2.53651
1458 2.53285
1459 2.52919
1460 2.52554
1461 2.5219
1462 2.51826
1463 2.51463
1464 2.511
1465 2.50738
1466 2.50377
1467 2.50017
1468 2.49657
1469 2.49297
1470 2.48938
1471 2.4858
1472 2.48223
1473 2.47866
1474 2.4751
1475 2.47154
1476 2.46799
1477 2.46445
1478 2.46091
1479 2.45738
1480 2.45385
1481 2.45033
1482 2.44682
1483 2.44331
1484 2.43981
1485 2.43632
1486 2.43283
1487 2.42935
1488 2.42587
1489 2.4224
1490 2.41893
1491 2.41548
1492 2.41202
1493 2.40858
1494 2.40514
1495 2.4017
1496 2.39827
1497 2.39485
1498 2.39143
1499 2.38802
1500 2.38462
1501 2.38122
1502 2.37782
1503 2.37444
1504 2.37106
1505 2.36768
1506 2.36431
1507 2.36095
1507 2.35759
1508 2.35423
1509 2.35089
1510 2.34755
1511 2.34421
1512 2.34088
1513 2.33756
1514 2.33424
1515 2.33093
1516 2.32762
1517 2.32432
1518 2.32103
1519 2.31774
1520 2.31445
1521 2.31117
1522 2.3079
1523 2.30463
1524 2.30137
1525 2.29812
1526 2.29487
1527 2.29162
1528 2.28838
1529 2.28515
1530 2.28192
1531 2.2787
1532 2.27548
1533 2.27227
1534 2.26907
1535 2.26587
1536 2.26267
1537 2.25948
1538 2.2563
1539 2.25312
1540 2.24995
1541 2.24678
1542 2.24362
1543 2.24046
1544 2.23731
1545 2.23417
1546 2.23102
1547 2.22789
1548 2.22476
1549 2.22164
1550 2.21852
1551 2.2154
1552 2.2123
1553 2.20919
1554 2.20609
1555 2.203
1556 2.19992
1557 2.19683
1558 2.19376
1559 2.19069
1560 2.18762
1561 2.18456
1562 2.1815
1563 2.17845
1564 2.17541
1565 2.17237
1566 2.16933
1567 2.1663
1568 2.16328
1569 2.16026
1570 2.15724
1571 2.15424
1572 2.15123
1573 2.14823
1574 2.14524
1575 2.14225
1576 2.13927
1577 2.13629
1578 2.13331
1579 2.13035
1580 2.12738
1581 2.12442
1582 2.12147
1583 2.11852
1584 2.11558
1585 2.11264
1586 2.10971
1587 2.10678
1588 2.10385
1589 2.10094
1590 2.09802
1591 2.09511
1592 2.09221
1593 2.08931
1594 2.08642
1595 2.08353
1596 2.08064
1597 2.07777
1598 2.07489
1599 2.07202
1600 2.06916
1601 2.0663
1602 2.06344
1603 2.06059
1604 2.05775
1605 2.05491
1606 2.05207
1607 2.04924
1608 2.04641
1609 2.04359
1610 2.04078
1611 2.03796
1612 2.03516
1613 2.03235
1614 2.02956
1615 2.02676
1616 2.02398
1617 2.02119
1618 2.01841
1619 2.01564
1620 2.01287
1621 2.01011
1622 2.00735
1623 2.00459
1624 2.00184
1625 1.99909
1626 1.99635
1627 1.99361
1628 1.99088
1629 1.98815
1630 1.98543
1631 1.98271
1632 1.98
1633 1.97729
1634 1.97458
1635 1.97188
1636 1.96919
1637 1.9665
1638 1.96381
1639 1.96113
1640 1.95845
1641 1.95577
1642 1.95311
1643 1.95044
1644 1.94778
1645 1.94513
1646 1.94247
1647 1.93983
1648 1.93719
1649 1.93455
1650 1.93191
1651 1.92929
1652 1.92666
1653 1.92404
1654 1.92142
1655 1.91881
1656 1.91621
1657 1.9136
1658 1.911
1659 1.90841
1660 1.90582
1661 1.90323
1662 1.90065
1663 1.89808
1664 1.8955
1665 1.89294
1666 1.89037
1667 1.88781
1668 1.88526
1669 1.8827
1670 1.88016
1671 1.87761
1672 1.87508
1673 1.87254
1674 1.87001
1675 1.86749
1676 1.86496
1677 1.86245
1678 1.85993
1679 1.85742
1680 1.85492
1681 1.85242
1682 1.84992
1683 1.84743
1684 1.84494
1685 1.84245
1686 1.83997
1687 1.8375
1688 1.83503
1689 1.83256
1690 1.83009
1691 1.82763
1692 1.82518
1693 1.82273
1694 1.82028
1695 1.81784
1696 1.8154
1697 1.81296
1698 1.81053
1699 1.8081
1700 1.80568
1701 1.80326
1702 1.80084
1703 1.79843
1704 1.79602
1705 1.79362
1706 1.79122
1707 1.78882
1708 1.78643
1709 1.78404
1710 1.78166
1711 1.77928
1712 1.7769
1713 1.77453
1714 1.77216
1715 1.7698
1716 1.76744
1717 1.76508
1718 1.76273
1719 1.76038
1720 1.75803
1721 1.75569
1722 1.75336
1723 1.75102
1724 1.74869
1725 1.74637
1726 1.74404
1727 1.74172
1728 1.73941
1729 1.7371
1730 1.73479
1731 1.73249
1732 1.73019
1733 1.72789
1734 1.7256
1735 1.72331
1736 1.72103
1737 1.71875
1738 1.71647
1739 1.7142
1740 1.71193
1741 1.70966
1742 1.7074
1743 1.70514
1744 1.70288
1745 1.70063
1746 1.69838
1747 1.69614
1748 1.6939
1749 1.69166
1749 1.68943
1750 1.6872
1751 1.68498
1752 1.68275
1753 1.68053
1754 1.67832
1755 1.67611
1756 1.6739
1757 1.6717
1758 1.6695
1759 1.6673
1760 1.6651
1761 1.66291
1762 1.66073
1763 1.65855
1764 1.65637
1765 1.65419
1766 1.65202
1767 1.64985
1768 1.64768
1769 1.64552
1770 1.64336
1771 1.64121
1772 1.63906
1773 1.63691
1774 1.63477
1775 1.63262
1776 1.63049
1777 1.62835
1778 1.62622
1779 1.6241
1780 1.62197
1781 1.61985
1782 1.61773
1783 1.61562
1784 1.61351
1785 1.6114
1786 1.6093
1787 1.6072
1788 1.6051
1789 1.60301
1790 1.60092
1791 1.59884
1792 1.59675
1793 1.59467
1794 1.5926
1795 1.59052
1796 1.58845
1797 1.58639
1798 1.58432
1799 1.58226
1800 1.58021
1801 1.57815
1802 1.5761
1803 1.57406
1804 1.57201
1805 1.56997
1806 1.56794
1807 1.5659
1808 1.56387
1809 1.56185
1810 1.55982
1811 1.5578
1812 1.55578
1813 1.55377
1814 1.55176
1815 1.54975
1816 1.54775
1817 1.54575
1818 1.54375
1819 1.54175
1820 1.53976
1821 1.53777
1822 1.53579
1823 1.5338
1824 1.53183
1825 1.52985
1826 1.52788
1827 1.52591
1828 1.52394
1829 1.52198
1830 1.52002
1831 1.51806
1832 1.51611
1833 1.51415
1834 1.51221
1835 1.51026
1836 1.50832
1837 1.50638
1838 1.50445
1839 1.50251
1840 1.50058
1841 1.49866
1842 1.49674
1843 1.49482
1844 1.4929
1845 1.49098
1846 1.48907
1847 1.48716
1848 1.48526
1849 1.48336
1850 1.48146
1851 1.47956
1852 1.47767
1853 1.47578
1854 1.47389
1855 1.47201
1856 1.47013
1857 1.46825
1858 1.46637
1859 1.4645
1860 1.46263
1861 1.46077
1862 1.4589
1863 1.45704
1864 1.45518
1865 1.45333
1866 1.45148
1867 1.44963
1868 1.44778
1869 1.44594
1870 1.4441
1871 1.44226
1872 1.44043
1873 1.4386
1874 1.43677
1875 1.43494
1876 1.43312
1877 1.4313
1878 1.42948
1879 1.42767
1880 1.42586
1881 1.42405
1882 1.42224
1883 1.42044
1884 1.41864
1885 1.41684
1886 1.41505
1887 1.41326
1888 1.41147
1889 1.40968
1890 1.4079
1891 1.40612
1892 1.40434
1893 1.40256
1894 1.40079
1895 1.39902
1896 1.39726
1897 1.39549
1898 1.39373
1899 1.39197
1900 1.39022
1901 1.38846
1902 1.38671
1903 1.38497
1904 1.38322
1905 1.38148
1906 1.37974
1907 1.378
1908 1.37627
1909 1.37454
1910 1.37281
1911 1.37108
1912 1.36936
1913 1.36764
1914 1.36592
1915 1.36421
1916 1.36249
1917 1.36078
1918 1.35908
1919 1.35737
1920 1.35567
1921 1.35397
1922 1.35227
1923 1.35058
1924 1.34889
1925 1.3472
1926 1.34551
1927 1.34383
1928 1.34215
1929 1.34047
1930 1.33879
1931 1.33712
1932 1.33545
1933 1.33378
1934 1.33212
1935 1.33045
1936 1.32879
1937 1.32714
1938 1.32548
1939 1.32383
1940 1.32218
1941 1.32053
1942 1.31889
1943 1.31724
1944 1.3156
1945 1.31397
1946 1.31233
1947 1.3107
1948 1.30907
1949 1.30744
1950 1.30582
1951 1.30419
1952 1.30257
1953 1.30096
1954 1.29934
1955 1.29773
1956 1.29612
1957 1.29451
1958 1.29291
1959 1.2913
1960 1.2897
1961 1.28811
1962 1.28651
1963 1.28492
1964 1.28333
1965 1.28174
1966 1.28016
1967 1.27857
1968 1.27699
1969 1.27541
1970 1.27384
1971 1.27226
1972 1.27069
1973 1.26912
1974 1.26756
1975 1.26599
1976 1.26443
1977 1.26287
1978 1.26132
1979 1.25976
1980 1.25821
1981 1.25666
1982 1.25511
1983 1.25357
1984 1.25203
1985 1.25049
1986 1.24895
1987 1.24741
1988 1.24588
1989 1.24435
1990 1.24282
1990 1.24129
1991 1.23977
1992 1.23825
1993 1.23673
1994 1.23521
1995 1.2337
1996 1.23219
1997 1.23068
1998 1.22917
1999 1.22766
2000 1.22616
2001 1.22466
2002 1.22316
2003 1.22166
2004 1.22017
2005 1.21868
2006 1.21719
2007 1.2157
2008 1.21422
2009 1.21273
2010 1.21125
2011 1.20978
2012 1.2083
2013 1.20683
2014 1.20535
2015 1.20388
2016 1.20242
2017 1.20095
2018 1.19949
2019 1.19803
2020 1.19657
2021 1.19511
2022 1.19366
2023 1.19221
2024 1.19076
2025 1.18931
2026 1.18787
2027 1.18642
2028 1.18498
2029 1.18354
2030 1.18211
2031 1.18067
2032 1.17924
2033 1.17781
2034 1.17638
2035 1.17496
2036 1.17353
2037 1.17211
2038 1.17069
2039 1.16928
2040 1.16786
2041 1.16645
2042 1.16504
2043 1.16363
2044 1.16222
2045 1.16082
2046 1.15941
2047 1.15801
2048 1.15662
2049 1.15522
2050 1.15383
2051 1.15243
2052 1.15104
2053 1.14966
2054 1.14827
2055 1.14689
2056 1.14551
2057 1.14413
2058 1.14275
2059 1.14137
2060 1.14
2061 1.13863
2062 1.13726
2063 1.13589
2064 1.13453
2065 1.13316
2066 1.1318
2067 1.13044
2068 1.12908
2069 1.12773
2070 1.12638
2071 1.12503
2072 1.12368
2073 1.12233
2074 1.12098
2075 1.11964
2076 1.1183
2077 1.11696
2078 1.11562
2079 1.11429
2080 1.11295
2081 1.11162
2082 1.11029
2083 1.10897
2084 1.10764
2085 1.10632
2086 1.105
2087 1.10368
2088 1.10236
2089 1.10104
2090 1.09973
2091 1.09842
2092 1.09711
2093 1.0958
2094 1.09449
2095 1.09319
2096 1.09189
2097 1.09059
2098 1.08929
2099 1.08799
2100 1.0867
2101 1.08541
2102 1.08412
2103 1.08283
2104 1.08154
2105 1.08026
2106 1.07897
2107 1.07769
2108 1.07641
2109 1.07513
2110 1.07386
2111 1.07259
2112 1.07131
2113 1.07004
2114 1.06878
2115 1.06751
2116 1.06625
2117 1.06498
2118 1.06372
2119 1.06246
2120 1.06121
2121 1.05995
2122 1.0587
2123 1.05745
2124 1.0562
2125 1.05495
2126 1.0537
2127 1.05246
2128 1.05122
2129 1.04998
2130 1.04874
2131 1.0475
2132 1.04627
2133 1.04504
2134 1.0438
2135 1.04257
2136 1.04135
2137 1.04012
2138 1.0389
2139 1.03767
2140 1.03645
2141 1.03524
2142 1.03402
2143 1.0328
2144 1.03159
2145 1.03038
2146 1.02917
2147 1.02796
2148 1.02675
2149 1.02555
2150 1.02435
2151 1.02315
2152 1.02195
2153 1.02075
2154 1.01955
2155 1.01836
2156 1.01717
2157 1.01598
2158 1.01479
2159 1.0136
2160 1.01241
2161 1.01123
2162 1.01005
2163 1.00887
2164 1.00769
2165 1.00651
2166 1.00534
2167 1.00416
2168 1.00299
2169 1.00182
2170 1.00065
2171 0.999487
2172 0.998322
2173 0.997159
2174 0.995997
2175 0.994837
2176 0.993679
2177 0.992522
2178 0.991367
2179 0.990214
2180 0.989062
2181 0.987912
2182 0.986764
2183 0.985617
2184 0.984472
2185 0.983329
2186 0.982187
2187 0.981047
2188 0.979909
2189 0.978772
2190 0.977637
2191 0.976503
2192 0.975371
2193 0.974241
2194 0.973113
2195 0.971986
2196 0.97086
2197 0.969737
2198 0.968614
2199 0.967494
2200 0.966375
2201 0.965258
2202 0.964142
2203 0.963028
2204 0.961916
2205 0.960805
2206 0.959695
2207 0.958588
2208 0.957482
2209 0.956377
2210 0.955274
2211 0.954173
2212 0.953073
2213 0.951975
2214 0.950878
2215 0.949783
2216 0.94869
2217 0.947598
2218 0.946508
2219 0.945419
2220 0.944332
2221 0.943246
2222 0.942162
2223 0.941079
2224 0.939998
2225 0.938919
2226 0.937841
2227 0.936765
2228 0.93569
2229 0.934616
2230 0.933545
2231 0.932474
2231 0.931406
2232 0.930338
2233 0.929273
2234 0.928209
2235 0.927146
2236 0.926085
2237 0.925025
2238 0.923967
2239 0.92291
2240 0.921855
2241 0.920802
2242 0.91975
2243 0.918699
2244 0.91765
2245 0.916602
2246 0.915556
2247 0.914511
2248 0.913468
2249 0.912426
2250 0.911386
2251 0.910347
2252 0.90931
2253 0.908274
2254 0.90724
2255 0.906207
2256 0.905175
2257 0.904145
2258 0.903117
2259 0.90209
2260 0.901064
2261 0.90004
2262 0.899017
2263 0.897996
2264 0.896976
2265 0.895958
2266 0.894941
2267 0.893925
2268 0.892911
2269 0.891898
2270 0.890887
2271 0.889877
2272 0.888868
2273 0.887861
2274 0.886856
2275 0.885852
2276 0.884849
2277 0.883847
2278 0.882847
2279 0.881849
2280 0.880851
2281 0.879856
2282 0.878861
2283 0.877868
2284 0.876876
2285 0.875886
2286 0.874897
2287 0.87391
2288 0.872924
2289 0.871939
2290 0.870956
2291 0.869974
2292 0.868993
2293 0.868014
2294 0.867036
2295 0.866059
2296 0.865084
2297 0.86411
2298 0.863138
2299 0.862167
2300 0.861197
2301 0.860229
2302 0.859262
2303 0.858296
2304 0.857332
2305 0.856369
2306 0.855407
2307 0.854447
2308 0.853488
2309 0.85253
2310 0.851574
2311 0.850619
2312 0.849666
2313 0.848713
2314 0.847762
2315 0.846813
2316 0.845864
2317 0.844917
2318 0.843972
2319 0.843027
2320 0.842084
2321 0.841143
2322 0.840202
2323 0.839263
2324 0.838325
2325 0.837389
2326 0.836454
2327 0.83552
2328 0.834587
2329 0.833656
2330 0.832726
2331 0.831797
2332 0.83087
2333 0.829944
2334 0.829019
2335 0.828095
2336 0.827173
2337 0.826252
2338 0.825332
2339 0.824414
2340 0.823497
2341 0.822581
2342 0.821666
2343 0.820753
2344 0.81984
2345 0.81893
2346 0.81802
2347 0.817112
2348 0.816205
2349 0.815299
2350 0.814394
2351 0.813491
2352 0.812589
2353 0.811688
2354 0.810788
2355 0.80989
2356 0.808993
2357 0.808097
2358 0.807202
2359 0.806309
2360 0.805417
2361 0.804526
2362 0.803636
2363 0.802747
2364 0.80186
2365 0.800974
2366 0.800089
2367 0.799205
2368 0.798323
2369 0.797442
2370 0.796562
2371 0.795683
2372 0.794805
2373 0.793929
2374 0.793054
2375 0.79218
2376 0.791307
2377 0.790435
2378 0.789565
2379 0.788696
2380 0.787828
2381 0.786961
2382 0.786095
2383 0.785231
2384 0.784367
2385 0.783505
2386 0.782644
2387 0.781785
2388 0.780926
2389 0.780069
2390 0.779212
2391 0.778357
2392 0.777503
2393 0.776651
2394 0.775799
2395 0.774948
2396 0.774099
2397 0.773251
2398 0.772404
2399 0.771558
2400 0.770713
2401 0.76987
2402 0.769027
2403 0.768186
2404 0.767346
2405 0.766507
2406 0.765669
2407 0.764833
2408 0.763997
2409 0.763163
2410 0.762329
2411 0.761497
2412 0.760666
2413 0.759836
2414 0.759007
2415 0.75818
2416 0.757353
2417 0.756528
2418 0.755703
2419 0.75488
2420 0.754058
2421 0.753237
2422 0.752417
2423 0.751599
2424 0.750781
2425 0.749964
2426 0.749149
2427 0.748335
2428 0.747521
2429 0.746709
2430 0.745898
2431 0.745088
2432 0.74428
2433 0.743472
2434 0.742665
2435 0.74186
2436 0.741055
2437 0.740252
2438 0.73945
2439 0.738648
2440 0.737848
2441 0.737049
2442 0.736251
2443 0.735454
2444 0.734659
2445 0.733864
2446 0.73307
2447 0.732278
2448 0.731486
2449 0.730696
2450 0.729906
2451 0.729118
2452 0.728331
2453 0.727544
2454 0.726759
2455 0.725975
2456 0.725192
2457 0.72441
2458 0.723629
2459 0.722849
2460 0.722071
2461 0.721293
2462 0.720516
2463 0.71974
2464 0.718966
2465 0.718192
2466 0.717419
2467 0.716648
2468 0.715877
2469 0.715108
2470 0.71434
2471 0.713572
2472 0.712806
2473 0.71204
2473 0.711276
2474 0.710513
2475 0.70975
2476 0.708989
2477 0.708229
2478 0.70747
2479 0.706712
2480 0.705954
2481 0.705198
2482 0.704443
2483 0.703689
2484 0.702936
2485 0.702184
2486 0.701432
2487 0.700682
2488 0.699933
2489 0.699185
2490 0.698438
2491 0.697692
2492 0.696946
2493 0.696202
2494 0.695459
2495 0.694717
2496 0.693976
2497 0.693236
2498 0.692496
2499 0.691758
2500 0.691021
2501 0.690284
2502 0.689549
2503 0.688815
2504 0.688081
2505 0.687349
2506 0.686618
2507 0.685887
2508 0.685158
2509 0.684429
2510 0.683702
2511 0.682975
2512 0.682249
2513 0.681525
2514 0.680801
2515 0.680078
2516 0.679356
2517 0.678635
2518 0.677915
2519 0.677197
2520 0.676478
2521 0.675761
2522 0.675045
2523 0.67433
2524 0.673616
2525 0.672903
2526 0.67219
2527 0.671479
2528 0.670768
2529 0.670059
2530 0.66935
2531 0.668642
2532 0.667935
2533 0.66723
2534 0.666525
2535 0.665821
2536 0.665118
2537 0.664416
2538 0.663714
2539 0.663014
2540 0.662315
2541 0.661616
2542 0.660919
2543 0.660222
2544 0.659526
2545 0.658831
2546 0.658138
2547 0.657445
2548 0.656753
2549 0.656061
2550 0.655371
2551 0.654682
2552 0.653993
2553 0.653306
2554 0.652619
2555 0.651933
2556 0.651248
2557 0.650565
2558 0.649881
2559 0.649199
2560 0.648518
2561 0.647838
2562 0.647158
2563 0.64648
2564 0.645802
2565 0.645125
2566 0.644449
2567 0.643774
2568 0.6431
2569 0.642427
2570 0.641754
2571 0.641083
2572 0.640412
2573 0.639742
2574 0.639073
2575 0.638405
2576 0.637738
2577 0.637072
2578 0.636407
2579 0.635742
2580 0.635078
2581 0.634416
2582 0.633754
2583 0.633092
2584 0.632432
2585 0.631773
2586 0.631114
2587 0.630457
2588 0.6298
2589 0.629144
2590 0.628489
2591 0.627835
2592 0.627181
2593 0.626529
2594 0.625877
2595 0.625226
2596 0.624576
2597 0.623927
2598 0.623279
2599 0.622631
2600 0.621985
2601 0.621339
2602 0.620694
2603 0.62005
2604 0.619407
2605 0.618764
2606 0.618123
2607 0.617482
2608 0.616842
2609 0.616203
2610 0.615565
2611 0.614927
2612 0.614291
2613 0.613655
2614 0.61302
2615 0.612386
2616 0.611752
2617 0.61112
2618 0.610488
2619 0.609857
2620 0.609227
2621 0.608598
2622 0.607969
2623 0.607342
2624 0.606715
2625 0.606089
2626 0.605464
2627 0.604839
2628 0.604216
2629 0.603593
2630 0.602971
2631 0.60235
2632 0.601729
2633 0.60111
2634 0.600491
2635 0.599873
2636 0.599256
2637 0.598639
2638 0.598024
2639 0.597409
2640 0.596795
2641 0.596181
2642 0.595569
2643 0.594957
2644 0.594346
2645 0.593736
2646 0.593127
2647 0.592518
2648 0.59191
2649 0.591303
2650 0.590697
2651 0.590092
2652 0.589487
2653 0.588883
2654 0.58828
2655 0.587677
2656 0.587076
2657 0.586475
2658 0.585875
2659 0.585276
2660 0.584677
2661 0.584079
2662 0.583482
2663 0.582886
2664 0.58229
2665 0.581696
2666 0.581101
2667 0.580508
2668 0.579916
2669 0.579324
2670 0.578733
2671 0.578143
2672 0.577553
2673 0.576964
2674 0.576376
2675 0.575789
2676 0.575202
2677 0.574617
2678 0.574032
2679 0.573447
2680 0.572864
2681 0.572281
2682 0.571699
2683 0.571118
2684 0.570537
2685 0.569957
2686 0.569378
2687 0.568799
2688 0.568222
2689 0.567645
2690 0.567069
2691 0.566493
2692 0.565918
2693 0.565344
2694 0.564771
2695 0.564198
2696 0.563627
2697 0.563055
2698 0.562485
2699 0.561915
2700 0.561346
2701 0.560778
2702 0.560211
2703 0.559644
2704 0.559078
2705 0.558512
2706 0.557948
2707 0.557384
2708 0.55682
2709 0.556258
2710 0.555696
2711 0.555135
2712 0.554575
2713 0.554015
2714 0.553456
2714 0.552898
2715 0.55234
2716 0.551783
2717 0.551227
2718 0.550672
2719 0.550117
2720 0.549563
2721 0.549009
2722 0.548457
2723 0.547905
2724 0.547353
2725 0.546803
2726 0.546253
2727 0.545704
2728 0.545155
2729 0.544607
2730 0.54406
2731 0.543514
2732 0.542968
2733 0.542423
2734 0.541879
2735 0.541335
2736 0.540792
2737 0.54025
2738 0.539708
2739 0.539167
2740 0.538627
2741 0.538087
2742 0.537548
2743 0.53701
2744 0.536472
2745 0.535935
2746 0.535399
2747 0.534863
2748 0.534329
2749 0.533794
2750 0.533261
2751 0.532728
2752 0.532196
2753 0.531664
2754 0.531133
2755 0.530603
2756 0.530073
2757 0.529544
2758 0.529016
2759 0.528489
2760 0.527962
2761 0.527435
2762 0.52691
2763 0.526385
2764 0.52586
2765 0.525337
2766 0.524814
2767 0.524291
2768 0.52377
2769 0.523249
2770 0.522728
2771 0.522209
2772 0.521689
2773 0.521171
2774 0.520653
2775 0.520136
2776 0.51962
2777 0.519104
2778 0.518588
2779 0.518074
2780 0.51756
2781 0.517046
2782 0.516534
2783 0.516022
2784 0.51551
2785 0.515
2786 0.514489
2787 0.51398
2788 0.513471
2789 0.512963
2790 0.512455
2791 0.511948
2792 0.511442
2793 0.510936
2794 0.510431
2795 0.509926
2796 0.509422
2797 0.508919
2798 0.508416
2799 0.507914
2800 0.507413
2801 0.506912
2802 0.506412
2803 0.505912
2804 0.505414
2805 0.504915
2806 0.504417
2807 0.50392
2808 0.503424
2809 0.502928
2810 0.502433
2811 0.501938
2812 0.501444
2813 0.50095
2814 0.500458
2815 0.499965
2816 0.499474
2817 0.498983
2818 0.498492
2819 0.498002
2820 0.497513
2821 0.497024
2822 0.496536
2823 0.496049
2824 0.495562
2825 0.495076
2826 0.49459
2827 0.494105
2828 0.493621
2829 0.493137
2830 0.492653
2831 0.492171
2832 0.491689
2833 0.491207
2834 0.490726
2835 0.490246
2836 0.489766
2837 0.489287
2838 0.488808
2839 0.48833
2840 0.487853
2841 0.487376
2842 0.4869
2843 0.486424
2844 0.485949
2845 0.485474
2846 0.485
2847 0.484527
2848 0.484054
2849 0.483582
2850 0.48311
2851 0.482639
2852 0.482169
2853 0.481699
2854 0.481229
2855 0.480761
2856 0.480292
2857 0.479825
2858 0.479358
2859 0.478891
2860 0.478425
2861 0.47796
2862 0.477495
2863 0.477031
2864 0.476567
2865 0.476104
2866 0.475642
2867 0.47518
2868 0.474718
2869 0.474257
2870 0.473797
2871 0.473337
2872 0.472878
2873 0.47242
2874 0.471961
2875 0.471504
2876 0.471047
2877 0.470591
2878 0.470135
2879 0.46968
2880 0.469225
2881 0.468771
2882 0.468317
2883 0.467864
2884 0.467411
2885 0.466959
2886 0.466508
2887 0.466057
2888 0.465607
2889 0.465157
2890 0.464708
2891 0.464259
2892 0.463811
2893 0.463363
2894 0.462916
2895 0.46247
2896 0.462024
2897 0.461578
2898 0.461133
2899 0.460689
2900 0.460245
2901 0.459802
2902 0.459359
2903 0.458917
2904 0.458475
2905 0.458034
2906 0.457593
2907 0.457153
2908 0.456714
2909 0.456275
2910 0.455836
2911 0.455398
2912 0.454961
2913 0.454524
2914 0.454087
2915 0.453651
2916 0.453216
2917 0.452781
2918 0.452347
2919 0.451913
2920 0.45148
2921 0.451047
2922 0.450615
2923 0.450183
2924 0.449752
2925 0.449322
2926 0.448891
2927 0.448462
2928 0.448033
2929 0.447604
2930 0.447176
2931 0.446748
2932 0.446321
2933 0.445895
2934 0.445469
2935 0.445043
2936 0.444618
2937 0.444194
2938 0.44377
2939 0.443346
2940 0.442923
2941 0.442501
2942 0.442079
2943 0.441657
2944 0.441236
2945 0.440816
2946 0.440396
2947 0.439977
2948 0.439558
2949 0.439139
2950 0.438721
2951 0.438304
2952 0.437887
2953 0.43747
2954 0.437054
2955 0.436639
2955 0.436224
2956 0.435809
2957 0.435395
2958 0.434982
2959 0.434569
2960 0.434156
2961 0.433744
2962 0.433333
2963 0.432922
2964 0.432511
2965 0.432101
2966 0.431692
2967 0.431283
2968 0.430874
2969 0.430466
2970 0.430058
2971 0.429651
2972 0.429244
2973 0.428838
2974 0.428432
2975 0.428027
2976 0.427622
2977 0.427218
2978 0.426814
2979 0.426411
2980 0.426008
2981 0.425605
2982 0.425204
2983 0.424802
2984 0.424401
2985 0.424001
2986 0.423601
2987 0.423201
2988 0.422802
2989 0.422403
2990 0.422005
2991 0.421607
2992 0.42121
2993 0.420813
2994 0.420417
2995 0.420021
2996 0.419626
2997 0.419231
2998 0.418837
2999 0.418443
3000 0.418049
3001 0.417656
3002 0.417263
3003 0.416871
3004 0.41648
3005 0.416088
3006 0.415698
3007 0.415307
3008 0.414917
3009 0.414528
3010 0.414139
3011 0.413751
3012 0.413363
3013 0.412975
3014 0.412588
3015 0.412201
3016 0.411815
3017 0.411429
3018 0.411044
3019 0.410659
3020 0.410275
3021 0.409891
3022 0.409507
3023 0.409124
3024 0.408742
3025 0.40836
3026 0.407978
3027 0.407597
3028 0.407216
3029 0.406836
3030 0.406456
3031 0.406076
3032 0.405697
3033 0.405319
3034 0.40494
3035 0.404563
3036 0.404185
3037 0.403809
3038 0.403432
3039 0.403056
3040 0.402681
3041 0.402306
3042 0.401931
3043 0.401557
3044 0.401183
3045 0.40081
3046 0.400437
3047 0.400065
3048 0.399693
3049 0.399321
3050 0.39895
3051 0.398579
3052 0.398209
3053 0.397839
3054 0.39747
3055 0.397101
3056 0.396732
3057 0.396364
3058 0.395996
3059 0.395629
3060 0.395262
3061 0.394896
3062 0.39453
3063 0.394164
3064 0.393799
3065 0.393434
3066 0.39307
3067 0.392706
3068 0.392343
3069 0.39198
3070 0.391617
3071 0.391255
3072 0.390893
3073 0.390532
3074 0.390171
3075 0.389811
3076 0.389451
3077 0.389091
3078 0.388732
3079 0.388373
3080 0.388014
3081 0.387656
3082 0.387299
3083 0.386942
3084 0.386585
3085 0.386229
3086 0.385873
3087 0.385517
3088 0.385162
3089 0.384807
3090 0.384453
3091 0.384099
3092 0.383746
3093 0.383393
3094 0.38304
3095 0.382688
3096 0.382336
3097 0.381985
3098 0.381634
3099 0.381283
3100 0.380933
3101 0.380583
3102 0.380234
3103 0.379885
3104 0.379536
3105 0.379188
3106 0.37884
3107 0.378493
3108 0.378146
3109 0.377799
3110 0.377453
3111 0.377108
3112 0.376762
3113 0.376417
3114 0.376073
3115 0.375728
3116 0.375385
3117 0.375041
3118 0.374698
3119 0.374356
3120 0.374013
3121 0.373672
3122 0.37333
3123 0.372989
3124 0.372649
3125 0.372308
3126 0.371968
3127 0.371629
3128 0.37129
3129 0.370951
3130 0.370613
3131 0.370275
3132 0.369937
3133 0.3696
3134 0.369264
3135 0.368927
3136 0.368591
3137 0.368256
3138 0.36792
3139 0.367585
3140 0.367251
3141 0.366917
3142 0.366583
3143 0.36625
3144 0.365917
3145 0.365584
3146 0.365252
3147 0.36492
3148 0.364589
3149 0.364258
3150 0.363927
3151 0.363597
3152 0.363267
3153 0.362938
3154 0.362608
3155 0.36228
3156 0.361951
3157 0.361623
3158 0.361295
3159 0.360968
3160 0.360641
3161 0.360315
3162 0.359988
3163 0.359663
3164 0.359337
3165 0.359012
3166 0.358687
3167 0.358363
3168 0.358039
3169 0.357715
3170 0.357392
3171 0.357069
3172 0.356747
3173 0.356425
3174 0.356103
3175 0.355781
3176 0.35546
3177 0.355139
3178 0.354819
3179 0.354499
3180 0.354179
3181 0.35386
3182 0.353541
3183 0.353223
3184 0.352905
3185 0.352587
3186 0.352269
3187 0.351952
3188 0.351635
3189 0.351319
3190 0.351003
3191 0.350687
3192 0.350372
3193 0.350057
3194 0.349742
3195 0.349428
3196 0.349114
3196 0.3488
3197 0.348487
3198 0.348174
3199 0.347862
3200 0.347549
3201 0.347238
3202 0.346926
3203 0.346615
3204 0.346304
3205 0.345994
3206 0.345684
3207 0.345374
3208 0.345065
3209 0.344755
3210 0.344447
3211 0.344138
3212 0.34383
3213 0.343523
3214 0.343215
3215 0.342909
3216 0.342602
3217 0.342296
3218 0.34199
3219 0.341684
3220 0.341379
3221 0.341074
3222 0.340769
3223 0.340465
3224 0.340161
3225 0.339858
3226 0.339555
3227 0.339252
3228 0.338949
3229 0.338647
3230 0.338345
3231 0.338044
3232 0.337742
3233 0.337442
3234 0.337141
3235 0.336841
3236 0.336541
3237 0.336242
3238 0.335942
3239 0.335644
3240 0.335345
3241 0.335047
3242 0.334749
3243 0.334452
3244 0.334155
3245 0.333858
3246 0.333561
3247 0.333265
3248 0.332969
3249 0.332674
3250 0.332379
3251 0.332084
3252 0.331789
3253 0.331495
3254 0.331201
3255 0.330908
3256 0.330614
3257 0.330322
3258 0.330029
3259 0.329737
3260 0.329445
3261 0.329153
3262 0.328862
3263 0.328571
3264 0.328281
3265 0.32799
3266 0.3277
3267 0.327411
3268 0.327122
3269 0.326833
3270 0.326544
3271 0.326256
3272 0.325968
3273 0.32568
3274 0.325393
3275 0.325105
3276 0.324819
3277 0.324532
3278 0.324246
3279 0.32396
3280 0.323675
3281 0.32339
3282 0.323105
3283 0.32282
3284 0.322536
3285 0.322252
3286 0.321969
3287 0.321686
3288 0.321403
3289 0.32112
3290 0.320838
3291 0.320556
3292 0.320274
3293 0.319993
3294 0.319712
3295 0.319431
3296 0.31915
3297 0.31887
3298 0.31859
3299 0.318311
3300 0.318032
3301 0.317753
3302 0.317474
3303 0.317196
3304 0.316918
3305 0.31664
3306 0.316363
3307 0.316086
3308 0.315809
3309 0.315533
3310 0.315257
3311 0.314981
3312 0.314705
3313 0.31443
3314 0.314155
3315 0.313881
3316 0.313606
3317 0.313332
3318 0.313059
3319 0.312785
3320 0.312512
3321 0.312239
3322 0.311967
3323 0.311694
3324 0.311423
3325 0.311151
3326 0.31088
3327 0.310609
3328 0.310338
3329 0.310067
3330 0.309797
3331 0.309528
3332 0.309258
3333 0.308989
3334 0.30872
3335 0.308451
3336 0.308183
3337 0.307915
3338 0.307647
3339 0.30738
3340 0.307112
3341 0.306845
3342 0.306579
3343 0.306313
3344 0.306047
3345 0.305781
3346 0.305515
3347 0.30525
3348 0.304985
3349 0.304721
3350 0.304456
3351 0.304192
3352 0.303929
3353 0.303665
3354 0.303402
3355 0.303139
3356 0.302877
3357 0.302615
3358 0.302353
3359 0.302091
3360 0.301829
3361 0.301568
3362 0.301307
3363 0.301047
3364 0.300787
3365 0.300526
3366 0.300267
3367 0.300007
3368 0.299748
3369 0.299489
3370 0.299231
3371 0.298972
3372 0.298714
3373 0.298456
3374 0.298199
3375 0.297942
3376 0.297685
3377 0.297428
3378 0.297172
3379 0.296916
3380 0.29666
3381 0.296404
3382 0.296149
3383 0.295894
3384 0.295639
3385 0.295385
3386 0.295131
3387 0.294877
3388 0.294623
3389 0.29437
3390 0.294116
3391 0.293864
3392 0.293611
3393 0.293359
3394 0.293107
3395 0.292855
3396 0.292604
3397 0.292352
3398 0.292101
3399 0.291851
3400 0.2916
3401 0.29135
3402 0.2911
3403 0.290851
3404 0.290601
3405 0.290352
3406 0.290104
3407 0.289855
3408 0.289607
3409 0.289359
3410 0.289111
3411 0.288863
3412 0.288616
3413 0.288369
3414 0.288123
3415 0.287876
3416 0.28763
3417 0.287384
3418 0.287139
3419 0.286893
3420 0.286648
3421 0.286403
3422 0.286159
3423 0.285914
3424 0.28567
3425 0.285427
3426 0.285183
3427 0.28494
3428 0.284697
3429 0.284454
3430 0.284212
3431 0.283969
3432 0.283727
3433 0.283486
3434 0.283244
3435 0.283003
3436 0.282762
3437 0.282521
3438 0.282281
3438 0.282041
3439 0.281801
3440 0.281561
3441 0.281322
3442 0.281083
3443 0.280844
3444 0.280605
3445 0.280367
3446 0.280129
3447 0.279891
3448 0.279653
3449 0.279416
3450 0.279179
3451 0.278942
3452 0.278705
3453 0.278469
3454 0.278233
3455 0.277997
3456 0.277762
3457 0.277526
3458 0.277291
3459 0.277056
3460 0.276822
3461 0.276587
3462 0.276353
3463 0.276119
3464 0.275886
3465 0.275653
3466 0.275419
3467 0.275187
3468 0.274954
3469 0.274722
3470 0.27449
3471 0.274258
3472 0.274026
3473 0.273795
3474 0.273564
3475 0.273333
3476 0.273102
3477 0.272872
3478 0.272642
3479 0.272412
3480 0.272182
3481 0.271953
3482 0.271724
3483 0.271495
3484 0.271266
3485 0.271038
3486 0.270809
3487 0.270581
3488 0.270354
3489 0.270126
3490 0.269899
3491 0.269672
3492 0.269445
3493 0.269219
3494 0.268993
3495 0.268767
3496 0.268541
3497 0.268315
3498 0.26809
3499 0.267865
3500 0.26764
3501 0.267416
3502 0.267191
3503 0.266967
3504 0.266743
3505 0.26652
3506 0.266296
3507 0.266073
3508 0.26585
3509 0.265628
3510 0.265405
3511 0.265183
3512 0.264961
3513 0.264739
3514 0.264518
3515 0.264296
3516 0.264075
3517 0.263855
3518 0.263634
3519 0.263414
3520 0.263194
3521 0.262974
3522 0.262754
3523 0.262535
3524 0.262316
3525 0.262097
3526 0.261878
3527 0.261659
3528 0.261441
3529 0.261223
3530 0.261005
3531 0.260788
3532 0.26057
3533 0.260353
3534 0.260136
3535 0.25992
3536 0.259703
3537 0.259487
3538 0.259271
3539 0.259055
3540 0.25884
3541 0.258625
3542 0.25841
3543 0.258195
3544 0.25798
3545 0.257766
3546 0.257552
3547 0.257338
3548 0.257124
3549 0.25691
3550 0.256697
3551 0.256484
3552 0.256271
3553 0.256059
3554 0.255846
3555 0.255634
3556 0.255422
3557 0.25521
3558 0.254999
3559 0.254788
3560 0.254577
3561 0.254366
3562 0.254155
3563 0.253945
3564 0.253735
3565 0.253525
3566 0.253315
3567 0.253105
3568 0.252896
3569 0.252687
3570 0.252478
3571 0.25227
3572 0.252061
3573 0.251853
3574 0.251645
3575 0.251437
3576 0.25123
3577 0.251022
3578 0.250815
3579 0.250608
3580 0.250402
3581 0.250195
3582 0.249989
3583 0.249783
3584 0.249577
3585 0.249371
3586 0.249166
3587 0.248961
3588 0.248756
3589 0.248551
3590 0.248346
3591 0.248142
3592 0.247938
3593 0.247734
3594 0.24753
3595 0.247327
3596 0.247123
3597 0.24692
3598 0.246717
3599 0.246515
3600 0.246312
3601 0.24611
3602 0.245908
3603 0.245706
3604 0.245504
3605 0.245303
3606 0.245102
3607 0.244901
3608 0.2447
3609 0.244499
3610 0.244299
3611 0.244099
3612 0.243899
3613 0.243699
3614 0.243499
3615 0.2433
3616 0.243101
3617 0.242902
3618 0.242703
3619 0.242504
3620 0.242306
3621 0.242108
3622 0.24191
3623 0.241712
3624 0.241515
3625 0.241317
3626 0.24112
3627 0.240923
3628 0.240726
3629 0.24053
3630 0.240333
3631 0.240137
3632 0.239941
3633 0.239746
3634 0.23955
3635 0.239355
3636 0.23916
3637 0.238965
3638 0.23877
3639 0.238575
3640 0.238381
3641 0.238187
3642 0.237993
3643 0.237799
3644 0.237605
3645 0.237412
3646 0.237219
3647 0.237026
3648 0.236833
3649 0.236641
3650 0.236448
3651 0.236256
3652 0.236064
3653 0.235872
3654 0.235681
3655 0.235489
3656 0.235298
3657 0.235107
3658 0.234916
3659 0.234725
3660 0.234535
3661 0.234345
3662 0.234155
3663 0.233965
3664 0.233775
3665 0.233586
3666 0.233396
3667 0.233207
3668 0.233018
3669 0.23283
3670 0.232641
3671 0.232453
3672 0.232265
3673 0.232077
3674 0.231889
3675 0.231702
3676 0.231514
3677 0.231327
3678 0.23114
3679 0.230953
3679 0.230767
3680 0.23058
3681 0.230394
3682 0.230208
3683 0.230022
3684 0.229836
3685 0.229651
3686 0.229466
3687 0.229281
3688 0.229096
3689 0.228911
3690 0.228726
3691 0.228542
3692 0.228358
3693 0.228174
3694 0.22799
3695 0.227807
3696 0.227623
3697 0.22744
3698 0.227257
3699 0.227074
3700 0.226891
3701 0.226709
3702 0.226527
3703 0.226344
3704 0.226162
3705 0.225981
3706 0.225799
3707 0.225618
3708 0.225437
3709 0.225256
3710 0.225075
3711 0.224894
3712 0.224714
3713 0.224533
3714 0.224353
3715 0.224173
3716 0.223994
3717 0.223814
3718 0.223635
3719 0.223456
3720 0.223277
3721 0.223098
3722 0.222919
3723 0.222741
3724 0.222562
3725 0.222384
3726 0.222206
3727 0.222029
3728 0.221851
3729 0.221674
3730 0.221496
3731 0.221319
3732 0.221143
3733 0.220966
3734 0.220789
3735 0.220613
3736 0.220437
3737 0.220261
3738 0.220085
3739 0.21991
3740 0.219734
3741 0.219559
3742 0.219384
3743 0.219209
3744 0.219034
3745 0.21886
3746 0.218685
3747 0.218511
3748 0.218337
3749 0.218163
3750 0.21799
3751 0.217816
3752 0.217643
3753 0.21747
3754 0.217297
3755 0.217124
3756 0.216951
3757 0.216779
3758 0.216607
3759 0.216435
3760 0.216263
3761 0.216091
3762 0.215919
3763 0.215748
3764 0.215577
3765 0.215406
3766 0.215235
3767 0.215064
3768 0.214893
3769 0.214723
3770 0.214553
3771 0.214383
3772 0.214213
3773 0.214043
3774 0.213874
3775 0.213704
3776 0.213535
3777 0.213366
3778 0.213197
3779 0.213029
3780 0.21286
3781 0.212692
3782 0.212524
3783 0.212356
3784 0.212188
3785 0.21202
3786 0.211853
3787 0.211685
3788 0.211518
3789 0.211351
3790 0.211184
3791 0.211018
3792 0.210851
3793 0.210685
3794 0.210519
3795 0.210353
3796 0.210187
3797 0.210021
3798 0.209856
3799 0.20969
3800 0.209525
3801 0.20936
3802 0.209195
3803 0.209031
3804 0.208866
3805 0.208702
3806 0.208538
3807 0.208374
3808 0.20821
3809 0.208046
3810 0.207882
3811 0.207719
3812 0.207556
3813 0.207393
3814 0.20723
3815 0.207067
3816 0.206905
3817 0.206742
3818 0.20658
3819 0.206418
3820 0.206256
3821 0.206094
3822 0.205933
3823 0.205771
3824 0.20561
3825 0.205449
3826 0.205288
3827 0.205127
3828 0.204966
3829 0.204806
3830 0.204645
3831 0.204485
3832 0.204325
3833 0.204165
3834 0.204006
3835 0.203846
3836 0.203687
3837 0.203528
3838 0.203369
3839 0.20321
3840 0.203051
3841 0.202892
3842 0.202734
3843 0.202576
3844 0.202417
3845 0.202259
3846 0.202102
3847 0.201944
3848 0.201786
3849 0.201629
3850 0.201472
3851 0.201315
3852 0.201158
3853 0.201001
3854 0.200845
3855 0.200688
3856 0.200532
3857 0.200376
3858 0.20022
3859 0.200064
3860 0.199908
3861 0.199753
3862 0.199597
3863 0.199442
3864 0.199287
3865 0.199132
3866 0.198977
3867 0.198823
3868 0.198668
3869 0.198514
3870 0.19836
3871 0.198206
3872 0.198052
3873 0.197898
3874 0.197745
3875 0.197591
3876 0.197438
3877 0.197285
3878 0.197132
3879 0.196979
3880 0.196826
3881 0.196674
3882 0.196522
3883 0.196369
3884 0.196217
3885 0.196065
3886 0.195914
3887 0.195762
3888 0.19561
3889 0.195459
3890 0.195308
3891 0.195157
3892 0.195006
3893 0.194855
3894 0.194704
3895 0.194554
3896 0.194404
3897 0.194254
3898 0.194103
3899 0.193954
3900 0.193804
3901 0.193654
3902 0.193505
3903 0.193355
3904 0.193206
3905 0.193057
3906 0.192908
3907 0.19276
3908 0.192611
3909 0.192463
3910 0.192314
3911 0.192166
3912 0.192018
3913 0.19187
3914 0.191722
3915 0.191575
3916 0.191427
3917 0.19128
3918 0.191133
3919 0.190986
3920 0.190839
3920 0.190692
3921 0.190546
3922 0.190399
3923 0.190253
3924 0.190107
3925 0.18996
3926 0.189815
3927 0.189669
3928 0.189523
3929 0.189378
3930 0.189232
3931 0.189087
3932 0.188942
3933 0.188797
3934 0.188652
3935 0.188508
3936 0.188363
3937 0.188219
3938 0.188075
3939 0.18793
3940 0.187787
3941 0.187643
3942 0.187499
3943 0.187355
3944 0.187212
3945 0.187069
3946 0.186926
3947 0.186783
3948 0.18664
3949 0.186497
3950 0.186355
3951 0.186212
3952 0.18607
3953 0.185928
3954 0.185786
3955 0.185644
3956 0.185502
3957 0.18536
3958 0.185219
3959 0.185078
3960 0.184936
3961 0.184795
3962 0.184654
3963 0.184513
3964 0.184373
3965 0.184232
3966 0.184092
3967 0.183952
3968 0.183811
3969 0.183671
3970 0.183532
3971 0.183392
3972 0.183252
3973 0.183113
3974 0.182973
3975 0.182834
3976 0.182695
3977 0.182556
3978 0.182418
3979 0.182279
3980 0.18214
3981 0.182002
3982 0.181864
3983 0.181726
3984 0.181588
3985 0.18145
3986 0.181312
3987 0.181174
3988 0.181037
3989 0.1809
3990 0.180762
3991 0.180625
3992 0.180488
3993 0.180352
3994 0.180215
3995 0.180078
3996 0.179942
3997 0.179806
3998 0.179669
3999 0.179533
4000 0.179397
4001 0.179262
4002 0.179126
4003 0.178991
4004 0.178855
4005 0.17872
4006 0.178585
4007 0.17845
4008 0.178315
4009 0.17818
4010 0.178046
4011 0.177911
4012 0.177777
4013 0.177643
4014 0.177509
4015 0.177375
4016 0.177241
4017 0.177107
4018 0.176973
4019 0.17684
4020 0.176707
4021 0.176573
4022 0.17644
4023 0.176307
4024 0.176175
4025 0.176042
4026 0.175909
4027 0.175777
4028 0.175645
4029 0.175512
4030 0.17538
4031 0.175249
4032 0.175117
4033 0.174985
4034 0.174853
4035 0.174722
4036 0.174591
4037 0.17446
4038 0.174329
4039 0.174198
4040 0.174067
4041 0.173936
4042 0.173806
4043 0.173675
4044 0.173545
4045 0.173415
4046 0.173285
4047 0.173155
4048 0.173025
4049 0.172895
4050 0.172766
4051 0.172636
4052 0.172507
4053 0.172378
4054 0.172249
4055 0.17212
4056 0.171991
4057 0.171862
4058 0.171733
4059 0.171605
4060 0.171477
4061 0.171348
4062 0.17122
4063 0.171092
4064 0.170965
4065 0.170837
4066 0.170709
4067 0.170582
4068 0.170454
4069 0.170327
4070 0.1702
4071 0.170073
4072 0.169946
4073 0.169819
4074 0.169693
4075 0.169566
4076 0.16944
4077 0.169313
4078 0.169187
4079 0.169061
4080 0.168935
4081 0.168809
4082 0.168684
4083 0.168558
4084 0.168433
4085 0.168307
4086 0.168182
4087 0.168057
4088 0.167932
4089 0.167807
4090 0.167682
4091 0.167558
4092 0.167433
4093 0.167309
4094 0.167185
4095 0.16706
4096 0.166936
4097 0.166812
4098 0.166689
4099 0.166565
4100 0.166441
4101 0.166318
4102 0.166195
4103 0.166071
4104 0.165948
4105 0.165825
4106 0.165702
4107 0.16558
4108 0.165457
4109 0.165334
4110 0.165212
4111 0.16509
4112 0.164967
4113 0.164845
4114 0.164723
4115 0.164602
4116 0.16448
4117 0.164358
4118 0.164237
4119 0.164115
4120 0.163994
4121 0.163873
4122 0.163752
4123 0.163631
4124 0.16351
4125 0.163389
4126 0.163269
4127 0.163148
4128 0.163028
4129 0.162907
4130 0.162787
4131 0.162667
4132 0.162547
4133 0.162428
4134 0.162308
4135 0.162188
4136 0.162069
4137 0.161949
4138 0.16183
4139 0.161711
4140 0.161592
4141 0.161473
4142 0.161354
4143 0.161235
4144 0.161117
4145 0.160998
4146 0.16088
4147 0.160762
4148 0.160643
4149 0.160525
4150 0.160407
4151 0.16029
4152 0.160172
4153 0.160054
4154 0.159937
4155 0.159819
4156 0.159702
4157 0.159585
4158 0.159468
4159 0.159351
4160 0.159234
4161 0.159117
4161 0.159001
4162 0.158884
4163 0.158768
4164 0.158651
4165 0.158535
4166 0.158419
4167 0.158303
4168 0.158187
4169 0.158071
4170 0.157956
4171 0.15784
4172 0.157725
4173 0.157609
4174 0.157494
4175 0.157379
4176 0.157264
4177 0.157149
4178 0.157034
4179 0.156919
4180 0.156805
4181 0.15669
4182 0.156576
4183 0.156461
4184 0.156347
4185 0.156233
4186 0.156119
4187 0.156005
4188 0.155891
4189 0.155778
4190 0.155664
4191 0.155551
4192 0.155437
4193 0.155324
4194 0.155211
4195 0.155098
4196 0.154985
4197 0.154872
4198 0.154759
4199 0.154646
4200 0.154534
4201 0.154421
4202 0.154309
4203 0.154197
4204 0.154085
4205 0.153973
4206 0.153861
4207 0.153749
4208 0.153637
4209 0.153525
4210 0.153414
4211 0.153302
4212 0.153191
4213 0.15308
4214 0.152969
4215 0.152858
4216 0.152747
4217 0.152636
4218 0.152525
4219 0.152415
4220 0.152304
4221 0.152194
4222 0.152083
4223 0.151973
4224 0.151863
4225 0.151753
4226 0.151643
4227 0.151533
4228 0.151423
4229 0.151314
4230 0.151204
4231 0.151095
4232 0.150985
4233 0.150876
4234 0.150767
4235 0.150658
4236 0.150549
4237 0.15044
4238 0.150331
4239 0.150223
4240 0.150114
4241 0.150006
4242 0.149897
4243 0.149789
4244 0.149681
4245 0.149573
4246 0.149465
4247 0.149357
4248 0.149249
4249 0.149142
4250 0.149034
4251 0.148927
4252 0.148819
4253 0.148712
4254 0.148605
4255 0.148498
4256 0.148391
4257 0.148284
4258 0.148177
4259 0.14807
4260 0.147964
4261 0.147857
4262 0.147751
4263 0.147644
4264 0.147538
4265 0.147432
4266 0.147326
4267 0.14722
4268 0.147114
4269 0.147008
4270 0.146903
4271 0.146797
4272 0.146692
4273 0.146586
4274 0.146481
4275 0.146376
4276 0.146271
4277 0.146166
4278 0.146061
4279 0.145956
4280 0.145852
4281 0.145747
4282 0.145642
4283 0.145538
4284 0.145434
4285 0.14533
4286 0.145225
4287 0.145121
4288 0.145017
4289 0.144914
4290 0.14481
4291 0.144706
4292 0.144603
4293 0.144499
4294 0.144396
4295 0.144292
4296 0.144189
4297 0.144086
4298 0.143983
4299 0.14388
4300 0.143777
4301 0.143675
4302 0.143572
4303 0.143469
4304 0.143367
4305 0.143265
4306 0.143162
4307 0.14306
4308 0.142958
4309 0.142856
4310 0.142754
4311 0.142652
4312 0.142551
4313 0.142449
4314 0.142348
4315 0.142246
4316 0.142145
4317 0.142044
4318 0.141942
4319 0.141841
4320 0.14174
4321 0.141639
4322 0.141539
4323 0.141438
4324 0.141337
4325 0.141237
4326 0.141136
4327 0.141036
4328 0.140936
4329 0.140836
4330 0.140735
4331 0.140635
4332 0.140536
4333 0.140436
4334 0.140336
4335 0.140236
4336 0.140137
4337 0.140037
4338 0.139938
4339 0.139839
4340 0.13974
4341 0.139641
4342 0.139542
4343 0.139443
4344 0.139344
4345 0.139245
4346 0.139146
4347 0.139048
4348 0.138949
4349 0.138851
4350 0.138753
4351 0.138654
4352 0.138556
4353 0.138458
4354 0.13836
4355 0.138263
4356 0.138165
4357 0.138067
4358 0.137969
4359 0.137872
4360 0.137775
4361 0.137677
4362 0.13758
4363 0.137483
4364 0.137386
4365 0.137289
4366 0.137192
4367 0.137095
4368 0.136998
4369 0.136902
4370 0.136805
4371 0.136709
4372 0.136612
4373 0.136516
4374 0.13642
4375 0.136324
4376 0.136228
4377 0.136132
4378 0.136036
4379 0.13594
4380 0.135844
4381 0.135749
4382 0.135653
4383 0.135558
4384 0.135463
4385 0.135367
4386 0.135272
4387 0.135177
4388 0.135082
4389 0.134987
4390 0.134892
4391 0.134798
4392 0.134703
4393 0.134608
4394 0.134514
4395 0.134419
4396 0.134325
4397 0.134231
4398 0.134137
4399 0.134043
4400 0.133949
4401 0.133855
4402 0.133761
4403 0.133667
4403 0.133573
4404 0.13348
4405 0.133386
4406 0.133293
4407 0.1332
4408 0.133106
4409 0.133013
4410 0.13292
4411 0.132827
4412 0.132734
4413 0.132641
4414 0.132549
4415 0.132456
4416 0.132363
4417 0.132271
4418 0.132178
4419 0.132086
4420 0.131994
4421 0.131902
4422 0.13181
4423 0.131718
4424 0.131626
4425 0.131534
4426 0.131442
4427 0.13135
4428 0.131259
4429 0.131167
4430 0.131076
4431 0.130984
4432 0.130893
4433 0.130802
4434 0.130711
4435 0.13062
4436 0.130529
4437 0.130438
4438 0.130347
4439 0.130256
4440 0.130166
4441 0.130075
4442 0.129985
4443 0.129894
4444 0.129804
4445 0.129714
4446 0.129624
4447 0.129534
4448 0.129444
4449 0.129354
4450 0.129264
4451 0.129174
4452 0.129084
4453 0.128995
4454 0.128905
4455 0.128816
4456 0.128726
4457 0.128637
4458 0.128548
4459 0.128459
4460 0.12837
4461 0.128281
4462 0.128192
4463 0.128103
4464 0.128014
4465 0.127926
4466 0.127837
4467 0.127748
4468 0.12766
4469 0.127572
4470 0.127483
4471 0.127395
4472 0.127307
4473 0.127219
4474 0.127131
4475 0.127043
4476 0.126955
4477 0.126868
4478 0.12678
4479 0.126692
4480 0.126605
4481 0.126517
4482 0.12643
4483 0.126343
4484 0.126256
4485 0.126168
4486 0.126081
4487 0.125994
4488 0.125908
4489 0.125821
4490 0.125734
4491 0.125647
4492 0.125561
4493 0.125474
4494 0.125388
4495 0.125301
4496 0.125215
4497 0.125129
4498 0.125043
4499 0.124957
4500 0.124871
4501 0.124785
4502 0.124699
4503 0.124613
4504 0.124527
4505 0.124442
4506 0.124356
4507 0.124271
4508 0.124185
4509 0.1241
4510 0.124015
4511 0.123929
4512 0.123844
4513 0.123759
4514 0.123674
4515 0.123589
4516 0.123505
4517 0.12342
4518 0.123335
4519 0.123251
4520 0.123166
4521 0.123082
4522 0.122997
4523 0.122913
4524 0.122829
4525 0.122745
4526 0.12266
4527 0.122576
4528 0.122492
4529 0.122409
4530 0.122325
4531 0.122241
4532 0.122157
4533 0.122074
4534 0.12199
4535 0.121907
4536 0.121823
4537 0.12174
4538 0.121657
4539 0.121574
4540 0.121491
4541 0.121408
4542 0.121325
4543 0.121242
4544 0.121159
4545 0.121076
4546 0.120994
4547 0.120911
4548 0.120829
4549 0.120746
4550 0.120664
4551 0.120581
4552 0.120499
4553 0.120417
4554 0.120335
4555 0.120253
4556 0.120171
4557 0.120089
4558 0.120007
4559 0.119925
4560 0.119844
4561 0.119762
4562 0.11968
4563 0.119599
4564 0.119518
4565 0.119436
4566 0.119355
4567 0.119274
4568 0.119193
4569 0.119112
4570 0.119031
4571 0.11895
4572 0.118869
4573 0.118788
4574 0.118707
4575 0.118627
4576 0.118546
4577 0.118465
4578 0.118385
4579 0.118305
4580 0.118224
4581 0.118144
4582 0.118064
4583 0.117984
4584 0.117904
4585 0.117824
4586 0.117744
4587 0.117664
4588 0.117584
4589 0.117504
4590 0.117425
4591 0.117345
4592 0.117266
4593 0.117186
4594 0.117107
4595 0.117028
4596 0.116948
4597 0.116869
4598 0.11679
4599 0.116711
4600 0.116632
4601 0.116553
4602 0.116474
4603 0.116395
4604 0.116317
4605 0.116238
4606 0.116159
4607 0.116081
4608 0.116003
4609 0.115924
4610 0.115846
4611 0.115768
4612 0.115689
4613 0.115611
4614 0.115533
4615 0.115455
4616 0.115377
4617 0.115299
4618 0.115222
4619 0.115144
4620 0.115066
4621 0.114989
4622 0.114911
4623 0.114834
4624 0.114756
4625 0.114679
4626 0.114602
4627 0.114525
4628 0.114447
4629 0.11437
4630 0.114293
4631 0.114216
4632 0.11414
4633 0.114063
4634 0.113986
4635 0.113909
4636 0.113833
4637 0.113756
4638 0.11368
4639 0.113603
4640 0.113527
4641 0.113451
4642 0.113374
4643 0.113298
4644 0.113222
4644 0.113146
4645 0.11307
4646 0.112994
4647 0.112918
4648 0.112843
4649 0.112767
4650 0.112691
4651 0.112616
4652 0.11254
4653 0.112465
4654 0.112389
4655 0.112314
4656 0.112239
4657 0.112164
4658 0.112088
4659 0.112013
4660 0.111938
4661 0.111863
4662 0.111788
4663 0.111714
4664 0.111639
4665 0.111564
4666 0.11149
4667 0.111415
4668 0.11134
4669 0.111266
4670 0.111192
4671 0.111117
4672 0.111043
4673 0.110969
4674 0.110895
4675 0.110821
4676 0.110747
4677 0.110673
4678 0.110599
4679 0.110525
4680 0.110451
4681 0.110378
4682 0.110304
4683 0.11023
4684 0.110157
4685 0.110083
4686 0.11001
4687 0.109937
4688 0.109863
4689 0.10979
4690 0.109717
4691 0.109644
4692 0.109571
4693 0.109498
4694 0.109425
4695 0.109352
4696 0.10928
4697 0.109207
4698 0.109134
4699 0.109062
4700 0.108989
4701 0.108917
4702 0.108844
4703 0.108772
4704 0.1087
4705 0.108627
4706 0.108555
4707 0.108483
4708 0.108411
4709 0.108339
4710 0.108267
4711 0.108195
4712 0.108123
4713 0.108052
4714 0.10798
4715 0.107908
4716 0.107837
4717 0.107765
4718 0.107694
4719 0.107623
4720 0.107551
4721 0.10748
4722 0.107409
4723 0.107338
4724 0.107267
4725 0.107196
4726 0.107125
4727 0.107054
4728 0.106983
4729 0.106912
4730 0.106841
4731 0.106771
4732 0.1067
4733 0.10663
4734 0.106559
4735 0.106489
4736 0.106418
4737 0.106348
4738 0.106278
4739 0.106208
4740 0.106137
4741 0.106067
4742 0.105997
4743 0.105927
4744 0.105858
4745 0.105788
4746 0.105718
4747 0.105648
4748 0.105579
4749 0.105509
4750 0.105439
4751 0.10537
4752 0.105301
4753 0.105231
4754 0.105162
4755 0.105093
4756 0.105023
4757 0.104954
4758 0.104885
4759 0.104816
4760 0.104747
4761 0.104678
4762 0.104609
4763 0.104541
4764 0.104472
4765 0.104403
4766 0.104335
4767 0.104266
4768 0.104198
4769 0.104129
4770 0.104061
4771 0.103992
4772 0.103924
4773 0.103856
4774 0.103788
4775 0.10372
4776 0.103652
4777 0.103584
4778 0.103516
4779 0.103448
4780 0.10338
4781 0.103312
4782 0.103245
4783 0.103177
4784 0.103109
4785 0.103042
4786 0.102974
4787 0.102907
4788 0.10284
4789 0.102772
4790 0.102705
4791 0.102638
4792 0.102571
4793 0.102504
4794 0.102437
4795 0.10237
4796 0.102303
4797 0.102236
4798 0.102169
4799 0.102102
4800 0.102036
4801 0.101969
4802 0.101902
4803 0.101836
4804 0.101769
4805 0.101703
4806 0.101637
4807 0.10157
4808 0.101504
4809 0.101438
4810 0.101372
4811 0.101306
4812 0.101239
4813 0.101174
4814 0.101108
4815 0.101042
4816 0.100976
4817 0.10091
4818 0.100844
4819 0.100779
4820 0.100713
4821 0.100648
4822 0.100582
4823 0.100517
4824 0.100451
4825 0.100386
4826 0.100321
4827 0.100256
4828 0.10019
4829 0.100125
4830 0.10006
4831 0.0999952
4832 0.0999303
4833 0.0998654
4834 0.0998005
4835 0.0997357
4836 0.099671
4837 0.0996063
4838 0.0995417
4839 0.0994771
4840 0.0994126
4841 0.0993481
4842 0.0992837
4843 0.0992194
4844 0.0991551
4845 0.0990908
4846 0.0990266
4847 0.0989625
4848 0.0988984
4849 0.0988343
4850 0.0987703
4851 0.0987064
4852 0.0986425
4853 0.0985787
4854 0.0985149
4855 0.0984512
4856 0.0983875
4857 0.0983239
4858 0.0982603
4859 0.0981968
4860 0.0981334
4861 0.0980699
4862 0.0980066
4863 0.0979433
4864 0.09788
4865 0.0978168
4866 0.0977537
4867 0.0976906
4868 0.0976275
4869 0.0975645
4870 0.0975016
4871 0.0974387
4872 0.0973758
4873 0.097313
4874 0.0972503
4875 0.0971876
4876 0.097125
4877 0.0970624
4878 0.0969999
4879 0.0969374
4880 0.096875
4881 0.0968126
4882 0.0967502
4883 0.096688
4884 0.0966257
4885 0.0965636
4885 0.0965014
4886 0.0964394
4887 0.0963773
4888 0.0963154
4889 0.0962534
4890 0.0961916
4891 0.0961298
4892 0.096068
4893 0.0960063
4894 0.0959446
4895 0.095883
4896 0.0958214
4897 0.0957599
4898 0.0956984
4899 0.095637
4900 0.0955756
4901 0.0955143
4902 0.095453
4903 0.0953918
4904 0.0953306
4905 0.0952695
4906 0.0952084
4907 0.0951474
4908 0.0950864
4909 0.0950255
4910 0.0949646
4911 0.0949038
4912 0.094843
4913 0.0947823
4914 0.0947216
4915 0.094661
4916 0.0946004
4917 0.0945399
4918 0.0944794
4919 0.094419
4920 0.0943586
4921 0.0942983
4922 0.094238
4923 0.0941778
4924 0.0941176
4925 0.0940574
4926 0.0939973
4927 0.0939373
4928 0.0938773
4929 0.0938174
4930 0.0937575
4931 0.0936976
4932 0.0936378
4933 0.0935781
4934 0.0935183
4935 0.0934587
4936 0.0933991
4937 0.0933395
4938 0.09328
4939 0.0932205
4940 0.0931611
4941 0.0931018
4942 0.0930424
4943 0.0929832
4944 0.0929239
4945 0.0928647
4946 0.0928056
4947 0.0927465
4948 0.0926875
4949 0.0926285
4950 0.0925696
4951 0.0925107
4952 0.0924518
4953 0.092393
4954 0.0923342
4955 0.0922755
4956 0.0922169
4957 0.0921583
4958 0.0920997
4959 0.0920412
4960 0.0919827
4961 0.0919243
4962 0.0918659
4963 0.0918076
4964 0.0917493
4965 0.091691
4966 0.0916328
4967 0.0915747
4968 0.0915166
4969 0.0914585
4970 0.0914005
4971 0.0913425
4972 0.0912846
4973 0.0912267
4974 0.0911689
4975 0.0911111
4976 0.0910534
4977 0.0909957
4978 0.0909381
4979 0.0908805
4980 0.0908229
4981 0.0907654
4982 0.0907079
4983 0.0906505
4984 0.0905931
4985 0.0905358
4986 0.0904785
4987 0.0904213
4988 0.0903641
4989 0.090307
4990 0.0902499
4991 0.0901928
4992 0.0901358
4993 0.0900788
4994 0.0900219
4995 0.089965
4996 0.0899082
4997 0.0898514
4998 0.0897946
4999 0.0897379
5000 0.0896813
5001 0.0896247
5002 0.0895681
5003 0.0895116
5004 0.0894551
5005 0.0893987
5006 0.0893423
5007 0.0892859
5008 0.0892296
5009 0.0891734
5010 0.0891172
5011 0.089061
5012 0.0890049
5013 0.0889488
5014 0.0888928
5015 0.0888368
5016 0.0887808
5017 0.0887249
5018 0.0886691
5019 0.0886133
5020 0.0885575
5021 0.0885018
5022 0.0884461
5023 0.0883904
5024 0.0883348
5025 0.0882793
5026 0.0882238
5027 0.0881683
5028 0.0881129
5029 0.0880575
5030 0.0880022
5031 0.0879469
5032 0.0878916
5033 0.0878364
5034 0.0877813
5035 0.0877262
5036 0.0876711
5037 0.0876161
5038 0.0875611
5039 0.0875061
5040 0.0874512
5041 0.0873964
5042 0.0873415
5043 0.0872868
5044 0.087232
5045 0.0871774
5046 0.0871227
5047 0.0870681
5048 0.0870136
5049 0.086959
5050 0.0869046
5051 0.0868501
5052 0.0867958
5053 0.0867414
5054 0.0866871
5055 0.0866329
5056 0.0865786
5057 0.0865245
5058 0.0864703
5059 0.0864162
5060 0.0863622
5061 0.0863082
5062 0.0862542
5063 0.0862003
5064 0.0861464
5065 0.0860926
5066 0.0860388
5067 0.0859851
5068 0.0859314
5069 0.0858777
5070 0.0858241
5071 0.0857705
5072 0.085717
5073 0.0856635
5074 0.08561
5075 0.0855566
5076 0.0855032
5077 0.0854499
5078 0.0853966
5079 0.0853434
5080 0.0852901
5081 0.085237
5082 0.0851839
5083 0.0851308
5084 0.0850778
5085 0.0850248
5086 0.0849718
5087 0.0849189
5088 0.084866
5089 0.0848132
5090 0.0847604
5091 0.0847077
5092 0.0846549
5093 0.0846023
5094 0.0845497
5095 0.0844971
5096 0.0844445
5097 0.084392
5098 0.0843396
5099 0.0842872
5100 0.0842348
5101 0.0841825
5102 0.0841302
5103 0.0840779
5104 0.0840257
5105 0.0839735
5106 0.0839214
5107 0.0838693
5108 0.0838173
5109 0.0837652
5110 0.0837133
5111 0.0836614
5112 0.0836095
5113 0.0835576
5114 0.0835058
5115 0.0834541
5116 0.0834023
5117 0.0833506
5118 0.083299
5119 0.0832474
5120 0.0831958
5121 0.0831443
5122 0.0830928
5123 0.0830414
5124 0.08299
5125 0.0829386
5126 0.0828873
5127 0.082836
5127 0.0827848
5128 0.0827336
5129 0.0826824
5130 0.0826313
5131 0.0825802
5132 0.0825292
5133 0.0824782
5134 0.0824272
5135 0.0823763
5136 0.0823254
5137 0.0822746
5138 0.0822238
5139 0.082173
5140 0.0821223
5141 0.0820716
5142 0.082021
5143 0.0819704
5144 0.0819198
5145 0.0818693
5146 0.0818188
5147 0.0817684
5148 0.0817179
5149 0.0816676
5150 0.0816173
5151 0.081567
5152 0.0815167
5153 0.0814665
5154 0.0814163
5155 0.0813662
5156 0.0813161
5157 0.0812661
5158 0.081216
5159 0.0811661
5160 0.0811161
5161 0.0810662
5162 0.0810164
5163 0.0809665
5164 0.0809168
5165 0.080867
5166 0.0808173
5167 0.0807677
5168 0.080718
5169 0.0806684
5170 0.0806189
5171 0.0805694
5172 0.0805199
5173 0.0804705
5174 0.0804211
5175 0.0803717
5176 0.0803224
5177 0.0802731
5178 0.0802239
5179 0.0801747
5180 0.0801255
5181 0.0800764
5182 0.0800273
5183 0.0799782
5184 0.0799292
5185 0.0798803
5186 0.0798313
5187 0.0797824
5188 0.0797336
5189 0.0796847
5190 0.0796359
5191 0.0795872
5192 0.0795385
5193 0.0794898
5194 0.0794412
5195 0.0793926
5196 0.079344
5197 0.0792955
5198 0.079247
5199 0.0791986
5200 0.0791502
5201 0.0791018
5202 0.0790535
5203 0.0790052
5204 0.0789569
5205 0.0789087
5206 0.0788605
5207 0.0788124
5208 0.0787643
5209 0.0787162
5210 0.0786681
5211 0.0786201
5212 0.0785722
5213 0.0785243
5214 0.0784764
5215 0.0784285
5216 0.0783807
5217 0.0783329
5218 0.0782852
5219 0.0782375
5220 0.0781898
5221 0.0781422
5222 0.0780946
5223 0.0780471
5224 0.0779995
5225 0.0779521
5226 0.0779046
5227 0.0778572
5228 0.0778098
5229 0.0777625
5230 0.0777152
5231 0.0776679
5232 0.0776207
5233 0.0775735
5234 0.0775264
5235 0.0774793
5236 0.0774322
5237 0.0773851
5238 0.0773381
5239 0.0772912
5240 0.0772442
5241 0.0771973
5242 0.0771505
5243 0.0771036
5244 0.0770568
5245 0.0770101
5246 0.0769634
5247 0.0769167
5248 0.07687
5249 0.0768234
5250 0.0767768
5251 0.0767303
5252 0.0766838
5253 0.0766373
5254 0.0765909
5255 0.0765445
5256 0.0764981
5257 0.0764518
5258 0.0764055
5259 0.0763593
5260 0.0763131
5261 0.0762669
5262 0.0762207
5263 0.0761746
5264 0.0761285
5265 0.0760825
5266 0.0760365
5267 0.0759905
5268 0.0759446
5269 0.0758987
5270 0.0758528
5271 0.075807
5272 0.0757612
5273 0.0757154
5274 0.0756697
5275 0.075624
5276 0.0755783
5277 0.0755327
5278 0.0754871
5279 0.0754416
5280 0.075396
5281 0.0753506
5282 0.0753051
5283 0.0752597
5284 0.0752143
5285 0.075169
5286 0.0751237
5287 0.0750784
5288 0.0750331
5289 0.0749879
5290 0.0749428
5291 0.0748976
5292 0.0748525
5293 0.0748075
5294 0.0747624
5295 0.0747174
5296 0.0746724
5297 0.0746275
5298 0.0745826
5299 0.0745378
5300 0.0744929
5301 0.0744481
5302 0.0744034
5303 0.0743586
5304 0.0743139
5305 0.0742693
5306 0.0742246
5307 0.0741801
5308 0.0741355
5309 0.074091
5310 0.0740465
5311 0.074002
5312 0.0739576
5313 0.0739132
5314 0.0738688
5315 0.0738245
5316 0.0737802
5317 0.073736
5318 0.0736918
5319 0.0736476
5320 0.0736034
5321 0.0735593
5322 0.0735152
5323 0.0734711
5324 0.0734271
5325 0.0733831
5326 0.0733392
5327 0.0732952
5328 0.0732513
5329 0.0732075
5330 0.0731637
5331 0.0731199
5332 0.0730761
5333 0.0730324
5334 0.0729887
5335 0.072945
5336 0.0729014
5337 0.0728578
5338 0.0728142
5339 0.0727707
5340 0.0727272
5341 0.0726837
5342 0.0726403
5343 0.0725969
5344 0.0725535
5345 0.0725102
5346 0.0724669
5347 0.0724236
5348 0.0723804
5349 0.0723372
5350 0.072294
5351 0.0722509
5352 0.0722078
5353 0.0721647
5354 0.0721217
5355 0.0720786
5356 0.0720357
5357 0.0719927
5358 0.0719498
5359 0.0719069
5360 0.0718641
5361 0.0718212
5362 0.0717785
5363 0.0717357
5364 0.071693
5365 0.0716503
5366 0.0716076
5367 0.071565
5368 0.0715224
5368 0.0714798
5369 0.0714373
5370 0.0713948
5371 0.0713523
5372 0.0713099
5373 0.0712675
5374 0.0712251
5375 0.0711828
5376 0.0711404
5377 0.0710982
5378 0.0710559
5379 0.0710137
5380 0.0709715
5381 0.0709293
5382 0.0708872
5383 0.0708451
5384 0.0708031
5385 0.070761
5386 0.070719
5387 0.070677
5388 0.0706351
5389 0.0705932
5390 0.0705513
5391 0.0705095
5392 0.0704677
5393 0.0704259
5394 0.0703841
5395 0.0703424
5396 0.0703007
5397 0.070259
5398 0.0702174
5399 0.0701758
5400 0.0701342
5401 0.0700927
5402 0.0700512
5403 0.0700097
5404 0.0699682
5405 0.0699268
5406 0.0698854
5407 0.0698441
5408 0.0698027
5409 0.0697614
5410 0.0697202
5411 0.0696789
5412 0.0696377
5413 0.0695966
5414 0.0695554
5415 0.0695143
5416 0.0694732
5417 0.0694321
5418 0.0693911
5419 0.0693501
5420 0.0693091
5421 0.0692682
5422 0.0692273
5423 0.0691864
5424 0.0691456
5425 0.0691047
5426 0.069064
5427 0.0690232
5428 0.0689825
5429 0.0689418
5430 0.0689011
5431 0.0688604
5432 0.0688198
5433 0.0687792
5434 0.0687387
5435 0.0686982
5436 0.0686577
5437 0.0686172
5438 0.0685768
5439 0.0685364
5440 0.068496
5441 0.0684556
5442 0.0684153
5443 0.068375
5444 0.0683348
5445 0.0682945
5446 0.0682543
5447 0.0682141
5448 0.068174
5449 0.0681339
5450 0.0680938
5451 0.0680537
5452 0.0680137
5453 0.0679737
5454 0.0679337
5455 0.0678938
5456 0.0678538
5457 0.067814
5458 0.0677741
5459 0.0677343
5460 0.0676945
5461 0.0676547
5462 0.0676149
5463 0.0675752
5464 0.0675355
5465 0.0674959
5466 0.0674562
5467 0.0674166
5468 0.067377
5469 0.0673375
5470 0.067298
5471 0.0672585
5472 0.067219
5473 0.0671796
5474 0.0671402
5475 0.0671008
5476 0.0670614
5477 0.0670221
5478 0.0669828
5479 0.0669435
5480 0.0669043
5481 0.0668651
5482 0.0668259
5483 0.0667867
5484 0.0667476
5485 0.0667085
5486 0.0666694
5487 0.0666304
5488 0.0665913
5489 0.0665523
5490 0.0665134
5491 0.0664744
5492 0.0664355
5493 0.0663966
5494 0.0663578
5495 0.0663189
5496 0.0662801
5497 0.0662414
5498 0.0662026
5499 0.0661639
5500 0.0661252
5501 0.0660865
5502 0.0660479
5503 0.0660093
5504 0.0659707
5505 0.0659321
5506 0.0658936
5507 0.0658551
5508 0.0658166
5509 0.0657781
5510 0.0657397
5511 0.0657013
5512 0.0656629
5513 0.0656246
5514 0.0655863
5515 0.065548
5516 0.0655097
5517 0.0654715
5518 0.0654333
5519 0.0653951
5520 0.0653569
5521 0.0653188
5522 0.0652807
5523 0.0652426
5524 0.0652045
5525 0.0651665
5526 0.0651285
5527 0.0650905
5528 0.0650526
5529 0.0650147
5530 0.0649768
5531 0.0649389
5532 0.0649011
5533 0.0648633
5534 0.0648255
5535 0.0647877
5536 0.06475
5537 0.0647123
5538 0.0646746
5539 0.0646369
5540 0.0645993
5541 0.0645617
5542 0.0645241
5543 0.0644866
5544 0.0644491
5545 0.0644116
5546 0.0643741
5547 0.0643367
5548 0.0642992
5549 0.0642618
5550 0.0642245
5551 0.0641871
5552 0.0641498
5553 0.0641125
5554 0.0640753
5555 0.0640381
5556 0.0640008
5557 0.0639637
5558 0.0639265
5559 0.0638894
5560 0.0638523
5561 0.0638152
5562 0.0637781
5563 0.0637411
5564 0.0637041
5565 0.0636672
5566 0.0636302
5567 0.0635933
5568 0.0635564
5569 0.0635195
5570 0.0634827
5571 0.0634459
5572 0.0634091
5573 0.0633723
5574 0.0633356
5575 0.0632989
5576 0.0632622
5577 0.0632255
5578 0.0631889
5579 0.0631523
5580 0.0631157
5581 0.0630791
5582 0.0630426
5583 0.0630061
5584 0.0629696
5585 0.0629332
5586 0.0628967
5587 0.0628603
5588 0.062824
5589 0.0627876
5590 0.0627513
5591 0.062715
5592 0.0626787
5593 0.0626425
5594 0.0626063
5595 0.0625701
5596 0.0625339
5597 0.0624977
5598 0.0624616
5599 0.0624255
5600 0.0623895
5601 0.0623534
5602 0.0623174
5603 0.0622814
5604 0.0622455
5605 0.0622095
5606 0.0621736
5607 0.0621377
5608 0.0621018
5609 0.062066
5609 0.0620302
5610 0.0619944
5611 0.0619586
5612 0.0619229
5613 0.0618872
5614 0.0618515
5615 0.0618159
5616 0.0617802
5617 0.0617446
5618 0.061709
5619 0.0616735
5620 0.0616379
5621 0.0616024
5622 0.061567
5623 0.0615315
5624 0.0614961
5625 0.0614607
5626 0.0614253
5627 0.0613899
5628 0.0613546
5629 0.0613193
5630 0.061284
5631 0.0612488
5632 0.0612135
5633 0.0611783
5634 0.0611431
5635 0.061108
5636 0.0610729
5637 0.0610378
5638 0.0610027
5639 0.0609676
5640 0.0609326
5641 0.0608976
5642 0.0608626
5643 0.0608277
5644 0.0607927
5645 0.0607578
5646 0.0607229
5647 0.0606881
5648 0.0606533
5649 0.0606185
5650 0.0605837
5651 0.0605489
5652 0.0605142
5653 0.0604795
5654 0.0604448
5655 0.0604102
5656 0.0603755
5657 0.0603409
5658 0.0603063
5659 0.0602718
5660 0.0602373
5661 0.0602028
5662 0.0601683
5663 0.0601338
5664 0.0600994
5665 0.060065
5666 0.0600306
5667 0.0599962
5668 0.0599619
5669 0.0599276
5670 0.0598933
5671 0.0598591
5672 0.0598248
5673 0.0597906
5674 0.0597564
5675 0.0597223
5676 0.0596881
5677 0.059654
5678 0.0596199
5679 0.0595859
5680 0.0595518
5681 0.0595178
5682 0.0594838
5683 0.0594499
5684 0.0594159
5685 0.059382
5686 0.0593481
5687 0.0593143
5688 0.0592804
5689 0.0592466
5690 0.0592128
5691 0.0591791
5692 0.0591453
5693 0.0591116
5694 0.0590779
5695 0.0590442
5696 0.0590106
5697 0.058977
5698 0.0589434
5699 0.0589098
5700 0.0588762
5701 0.0588427
5702 0.0588092
5703 0.0587757
5704 0.0587423
5705 0.0587089
5706 0.0586754
5707 0.0586421
5708 0.0586087
5709 0.0585754
5710 0.0585421
5711 0.0585088
5712 0.0584755
5713 0.0584423
5714 0.0584091
5715 0.0583759
5716 0.0583427
5717 0.0583096
5718 0.0582765
5719 0.0582434
5720 0.0582103
5721 0.0581773
5722 0.0581443
5723 0.0581113
5724 0.0580783
5725 0.0580453
5726 0.0580124
5727 0.0579795
5728 0.0579466
5729 0.0579138
5730 0.057881
5731 0.0578482
5732 0.0578154
5733 0.0577826
5734 0.0577499
5735 0.0577172
5736 0.0576845
5737 0.0576518
5738 0.0576192
5739 0.0575866
5740 0.057554
5741 0.0575214
5742 0.0574889
5743 0.0574564
5744 0.0574239
5745 0.0573914
5746 0.057359
5747 0.0573265
5748 0.0572941
5749 0.0572618
5750 0.0572294
5751 0.0571971
5752 0.0571648
5753 0.0571325
5754 0.0571002
5755 0.057068
5756 0.0570358
5757 0.0570036
5758 0.0569714
5759 0.0569393
5760 0.0569072
5761 0.0568751
5762 0.056843
5763 0.0568109
5764 0.0567789
5765 0.0567469
5766 0.0567149
5767 0.056683
5768 0.0566511
5769 0.0566191
5770 0.0565873
5771 0.0565554
5772 0.0565236
5773 0.0564917
5774 0.05646
5775 0.0564282
5776 0.0563964
5777 0.0563647
5778 0.056333
5779 0.0563013
5780 0.0562697
5781 0.0562381
5782 0.0562065
5783 0.0561749
5784 0.0561433
5785 0.0561118
5786 0.0560803
5787 0.0560488
5788 0.0560173
5789 0.0559859
5790 0.0559544
5791 0.055923
5792 0.0558917
5793 0.0558603
5794 0.055829
5795 0.0557977
5796 0.0557664
5797 0.0557351
5798 0.0557039
5799 0.0556727
5800 0.0556415
5801 0.0556103
5802 0.0555792
5803 0.0555481
5804 0.055517
5805 0.0554859
5806 0.0554548
5807 0.0554238
5808 0.0553928
5809 0.0553618
5810 0.0553308
5811 0.0552999
5812 0.055269
5813 0.0552381
5814 0.0552072
5815 0.0551764
5816 0.0551455
5817 0.0551147
5818 0.055084
5819 0.0550532
5820 0.0550225
5821 0.0549917
5822 0.0549611
5823 0.0549304
5824 0.0548997
5825 0.0548691
5826 0.0548385
5827 0.0548079
5828 0.0547774
5829 0.0547469
5830 0.0547163
5831 0.0546859
5832 0.0546554
5833 0.0546249
5834 0.0545945
5835 0.0545641
5836 0.0545338
5837 0.0545034
5838 0.0544731
5839 0.0544428
5840 0.0544125
5841 0.0543822
5842 0.054352
5843 0.0543218
5844 0.0542916
5845 0.0542614
5846 0.0542312
5847 0.0542011
5848 0.054171
5849 0.0541409
5850 0.0541108
5850 0.0540808
5851 0.0540508
5852 0.0540208
5853 0.0539908
5854 0.0539609
5855 0.0539309
5856 0.053901
5857 0.0538711
5858 0.0538413
5859 0.0538114
5860 0.0537816
5861 0.0537518
5862 0.053722
5863 0.0536923
5864 0.0536626
5865 0.0536328
5866 0.0536032
5867 0.0535735
5868 0.0535439
5869 0.0535142
5870 0.0534846
5871 0.0534551
5872 0.0534255
5873 0.053396
5874 0.0533665
5875 0.053337
5876 0.0533075
5877 0.0532781
5878 0.0532486
5879 0.0532192
5880 0.0531898
5881 0.0531605
5882 0.0531312
5883 0.0531018
5884 0.0530725
5885 0.0530433
5886 0.053014
5887 0.0529848
5888 0.0529556
5889 0.0529264
5890 0.0528972
5891 0.0528681
5892 0.052839
5893 0.0528099
5894 0.0527808
5895 0.0527518
5896 0.0527227
5897 0.0526937
5898 0.0526647
5899 0.0526358
5900 0.0526068
5901 0.0525779
5902 0.052549
5903 0.0525201
5904 0.0524912
5905 0.0524624
5906 0.0524336
5907 0.0524048
5908 0.052376
5909 0.0523473
5910 0.0523185
5911 0.0522898
5912 0.0522611
5913 0.0522325
5914 0.0522038
5915 0.0521752
5916 0.0521466
5917 0.052118
5918 0.0520894
5919 0.0520609
5920 0.0520324
5921 0.0520039
5922 0.0519754
5923 0.051947
5924 0.0519185
5925 0.0518901
5926 0.0518617
5927 0.0518333
5928 0.051805
5929 0.0517767
5930 0.0517484
5931 0.0517201
5932 0.0516918
5933 0.0516636
5934 0.0516354
5935 0.0516072
5936 0.051579
5937 0.0515508
5938 0.0515227
5939 0.0514946
5940 0.0514665
5941 0.0514384
5942 0.0514103
5943 0.0513823
5944 0.0513543
5945 0.0513263
5946 0.0512983
5947 0.0512704
5948 0.0512425
5949 0.0512145
5950 0.0511867
5951 0.0511588
5952 0.051131
5953 0.0511031
5954 0.0510753
5955 0.0510475
5956 0.0510198
5957 0.050992
5958 0.0509643
5959 0.0509366
5960 0.0509089
5961 0.0508813
5962 0.0508537
5963 0.050826
5964 0.0507984
5965 0.0507709
5966 0.0507433
5967 0.0507158
5968 0.0506883
5969 0.0506608
5970 0.0506333
5971 0.0506059
5972 0.0505784
5973 0.050551
5974 0.0505236
5975 0.0504963
5976 0.0504689
5977 0.0504416
5978 0.0504143
5979 0.050387
5980 0.0503597
5981 0.0503325
5982 0.0503053
5983 0.0502781
5984 0.0502509
5985 0.0502237
5986 0.0501966
5987 0.0501694
5988 0.0501423
5989 0.0501153
5990 0.0500882
5991 0.0500611
5992 0.0500341
5993 0.0500071
5994 0.0499801
5995 0.0499532
5996 0.0499262
5997 0.0498993
5998 0.0498724
5999 0.0498455
6000 0.0498187
6001 0.0497918
6002 0.049765
6003 0.0497382
6004 0.0497115
6005 0.0496847
6006 0.049658
6007 0.0496312
6008 0.0496045
6009 0.0495779
6010 0.0495512
6011 0.0495246
6012 0.0494979
6013 0.0494714
6014 0.0494448
6015 0.0494182
6016 0.0493917
6017 0.0493652
6018 0.0493387
6019 0.0493122
6020 0.0492857
6021 0.0492593
6022 0.0492329
6023 0.0492065
6024 0.0491801
6025 0.0491537
6026 0.0491274
6027 0.0491011
6028 0.0490748
6029 0.0490485
6030 0.0490222
6031 0.048996
6032 0.0489698
6033 0.0489436
6034 0.0489174
6035 0.0488912
6036 0.0488651
6037 0.048839
6038 0.0488129
6039 0.0487868
6040 0.0487607
6041 0.0487347
6042 0.0487087
6043 0.0486827
6044 0.0486567
6045 0.0486307
6046 0.0486048
6047 0.0485789
6048 0.0485529
6049 0.0485271
6050 0.0485012
6051 0.0484754
6052 0.0484495
6053 0.0484237
6054 0.0483979
6055 0.0483722
6056 0.0483464
6057 0.0483207
6058 0.048295
6059 0.0482693
6060 0.0482436
6061 0.048218
6062 0.0481923
6063 0.0481667
6064 0.0481411
6065 0.0481155
6066 0.04809
6067 0.0480645
6068 0.0480389
6069 0.0480134
6070 0.047988
6071 0.0479625
6072 0.0479371
6073 0.0479116
6074 0.0478862
6075 0.0478609
6076 0.0478355
6077 0.0478102
6078 0.0477848
6079 0.0477595
6080 0.0477342
6081 0.047709
6082 0.0476837
6083 0.0476585
6084 0.0476333
6085 0.0476081
6086 0.0475829
6087 0.0475578
6088 0.0475326
6089 0.0475075
6090 0.0474824
6091 0.0474573
6092 0.0474323
6092 0.0474073
6093 0.0473822
6094 0.0473572
6095 0.0473323
6096 0.0473073
6097 0.0472823
6098 0.0472574
6099 0.0472325
6100 0.0472076
6101 0.0471828
6102 0.0471579
6103 0.0471331
6104 0.0471083
6105 0.0470835
6106 0.0470587
6107 0.0470339
6108 0.0470092
6109 0.0469845
6110 0.0469598
6111 0.0469351
6112 0.0469104
6113 0.0468858
6114 0.0468612
6115 0.0468366
6116 0.046812
6117 0.0467874
6118 0.0467629
6119 0.0467383
6120 0.0467138
6121 0.0466893
6122 0.0466648
6123 0.0466404
6124 0.0466159
6125 0.0465915
6126 0.0465671
6127 0.0465427
6128 0.0465184
6129 0.046494
6130 0.0464697
6131 0.0464454
6132 0.0464211
6133 0.0463968
6134 0.0463726
6135 0.0463483
6136 0.0463241
6137 0.0462999
6138 0.0462757
6139 0.0462516
6140 0.0462274
6141 0.0462033
6142 0.0461792
6143 0.0461551
6144 0.046131
6145 0.046107
6146 0.0460829
6147 0.0460589
6148 0.0460349
6149 0.0460109
6150 0.045987
6151 0.045963
6152 0.0459391
6153 0.0459152
6154 0.0458913
6155 0.0458674
6156 0.0458436
6157 0.0458197
6158 0.0457959
6159 0.0457721
6160 0.0457483
6161 0.0457245
6162 0.0457008
6163 0.0456771
6164 0.0456533
6165 0.0456296
6166 0.045606
6167 0.0455823
6168 0.0455586
6169 0.045535
6170 0.0455114
6171 0.0454878
6172 0.0454642
6173 0.0454407
6174 0.0454171
6175 0.0453936
6176 0.0453701
6177 0.0453466
6178 0.0453232
6179 0.0452997
6180 0.0452763
6181 0.0452529
6182 0.0452294
6183 0.0452061
6184 0.0451827
6185 0.0451593
6186 0.045136
6187 0.0451127
6188 0.0450894
6189 0.0450661
6190 0.0450429
6191 0.0450196
6192 0.0449964
6193 0.0449732
6194 0.04495
6195 0.0449268
6196 0.0449036
6197 0.0448805
6198 0.0448574
6199 0.0448342
6200 0.0448111
6201 0.0447881
6202 0.044765
6203 0.044742
6204 0.0447189
6205 0.0446959
6206 0.0446729
6207 0.0446499
6208 0.044627
6209 0.044604
6210 0.0445811
6211 0.0445582
6212 0.0445353
6213 0.0445124
6214 0.0444896
6215 0.0444667
6216 0.0444439
6217 0.0444211
6218 0.0443983
6219 0.0443755
6220 0.0443527
6221 0.04433
6222 0.0443073
6223 0.0442846
6224 0.0442619
6225 0.0442392
6226 0.0442165
6227 0.0441939
6228 0.0441712
6229 0.0441486
6230 0.044126
6231 0.0441034
6232 0.0440809
6233 0.0440583
6234 0.0440358
6235 0.0440133
6236 0.0439907
6237 0.0439683
6238 0.0439458
6239 0.0439233
6240 0.0439009
6241 0.0438785
6242 0.0438561
6243 0.0438337
6244 0.0438113
6245 0.0437889
6246 0.0437666
6247 0.0437443
6248 0.0437219
6249 0.0436996
6250 0.0436774
6251 0.0436551
6252 0.0436328
6253 0.0436106
6254 0.0435884
6255 0.0435662
6256 0.043544
6257 0.0435218
6258 0.0434997
6259 0.0434775
6260 0.0434554
6261 0.0434333
6262 0.0434112
6263 0.0433891
6264 0.0433671
6265 0.043345
6266 0.043323
6267 0.043301
6268 0.043279
6269 0.043257
6270 0.043235
6271 0.043213
6272 0.0431911
6273 0.0431692
6274 0.0431473
6275 0.0431254
6276 0.0431035
6277 0.0430816
6278 0.0430598
6279 0.0430379
6280 0.0430161
6281 0.0429943
6282 0.0429725
6283 0.0429507
6284 0.042929
6285 0.0429072
6286 0.0428855
6287 0.0428638
6288 0.0428421
6289 0.0428204
6290 0.0427987
6291 0.0427771
6292 0.0427554
6293 0.0427338
6294 0.0427122
6295 0.0426906
6296 0.042669
6297 0.0426474
6298 0.0426259
6299 0.0426043
6300 0.0425828
6301 0.0425613
6302 0.0425398
6303 0.0425183
6304 0.0424969
6305 0.0424754
6306 0.042454
6307 0.0424325
6308 0.0424111
6309 0.0423897
6310 0.0423684
6311 0.042347
6312 0.0423256
6313 0.0423043
6314 0.042283
6315 0.0422617
6316 0.0422404
6317 0.0422191
6318 0.0421978
6319 0.0421766
6320 0.0421553
6321 0.0421341
6322 0.0421129
6323 0.0420917
6324 0.0420705
6325 0.0420494
6326 0.0420282
6327 0.0420071
6328 0.0419859
6329 0.0419648
6330 0.0419437
6331 0.0419226
6332 0.0419016
6333 0.0418805
6333 0.0418595
6334 0.0418384
6335 0.0418174
6336 0.0417964
6337 0.0417754
6338 0.0417545
6339 0.0417335
6340 0.0417126
6341 0.0416916
6342 0.0416707
6343 0.0416498
6344 0.0416289
6345 0.041608
6346 0.0415872
6347 0.0415663
6348 0.0415455
6349 0.0415247
6350 0.0415038
6351 0.0414831
6352 0.0414623
6353 0.0414415
6354 0.0414207
6355 0.0414
6356 0.0413793
6357 0.0413585
6358 0.0413378
6359 0.0413172
6360 0.0412965
6361 0.0412758
6362 0.0412552
6363 0.0412345
6364 0.0412139
6365 0.0411933
6366 0.0411727
6367 0.0411521
6368 0.0411315
6369 0.041111
6370 0.0410904
6371 0.0410699
6372 0.0410494
6373 0.0410289
6374 0.0410084
6375 0.0409879
6376 0.0409674
6377 0.0409469
6378 0.0409265
6379 0.0409061
6380 0.0408857
6381 0.0408652
6382 0.0408449
6383 0.0408245
6384 0.0408041
6385 0.0407838
6386 0.0407634
6387 0.0407431
6388 0.0407228
6389 0.0407025
6390 0.0406822
6391 0.0406619
6392 0.0406416
6393 0.0406214
6394 0.0406011
6395 0.0405809
6396 0.0405607
6397 0.0405405
6398 0.0405203
6399 0.0405001
6400 0.0404799
6401 0.0404598
6402 0.0404396
6403 0.0404195
6404 0.0403994
6405 0.0403793
6406 0.0403592
6407 0.0403391
6408 0.040319
6409 0.040299
6410 0.0402789
6411 0.0402589
6412 0.0402389
6413 0.0402189
6414 0.0401989
6415 0.0401789
6416 0.0401589
6417 0.0401389
6418 0.040119
6419 0.040099
6420 0.0400791
6421 0.0400592
6422 0.0400393
6423 0.0400194
6424 0.0399995
6425 0.0399797
6426 0.0399598
6427 0.03994
6428 0.0399201
6429 0.0399003
6430 0.0398805
6431 0.0398607
6432 0.0398409
6433 0.0398211
6434 0.0398014
6435 0.0397816
6436 0.0397619
6437 0.0397422
6438 0.0397224
6439 0.0397027
6440 0.039683
6441 0.0396634
6442 0.0396437
6443 0.039624
6444 0.0396044
6445 0.0395847
6446 0.0395651
6447 0.0395455
6448 0.0395259
6449 0.0395063
6450 0.0394867
6451 0.0394672
6452 0.0394476
6453 0.039428
6454 0.0394085
6455 0.039389
6456 0.0393695
6457 0.03935
6458 0.0393305
6459 0.039311
6460 0.0392915
6461 0.0392721
6462 0.0392526
6463 0.0392332
6464 0.0392137
6465 0.0391943
6466 0.0391749
6467 0.0391555
6468 0.0391361
6469 0.0391168
6470 0.0390974
6471 0.0390781
6472 0.0390587
6473 0.0390394
6474 0.0390201
6475 0.0390008
6476 0.0389815
6477 0.0389622
6478 0.0389429
6479 0.0389236
6480 0.0389044
6481 0.0388851
6482 0.0388659
6483 0.0388467
6484 0.0388274
6485 0.0388082
6486 0.038789
6487 0.0387699
6488 0.0387507
6489 0.0387315
6490 0.0387124
6491 0.0386932
6492 0.0386741
6493 0.038655
6494 0.0386359
6495 0.0386168
6496 0.0385977
6497 0.0385786
6498 0.0385595
6499 0.0385405
6500 0.0385214
6501 0.0385024
6502 0.0384833
6503 0.0384643
6504 0.0384453
6505 0.0384263
6506 0.0384073
6507 0.0383883
6508 0.0383694
6509 0.0383504
6510 0.0383314
6511 0.0383125
6512 0.0382936
6513 0.0382747
6514 0.0382557
6515 0.0382368
6516 0.0382179
6517 0.0381991
6518 0.0381802
6519 0.0381613
6520 0.0381425
6521 0.0381236
6522 0.0381048
6523 0.038086
6524 0.0380671
6525 0.0380483
6526 0.0380295
6527 0.0380107
6528 0.037992
6529 0.0379732
6530 0.0379544
6531 0.0379357
6532 0.0379169
6533 0.0378982
6534 0.0378795
6535 0.0378608
6536 0.0378421
6537 0.0378234
6538 0.0378047
6539 0.037786
6540 0.0377673
6541 0.0377487
6542 0.03773
6543 0.0377114
6544 0.0376928
6545 0.0376741
6546 0.0376555
6547 0.0376369
6548 0.0376183
6549 0.0375997
6550 0.0375812
6551 0.0375626
6552 0.037544
6553 0.0375255
6554 0.037507
6555 0.0374884
6556 0.0374699
6557 0.0374514
6558 0.0374329
6559 0.0374144
6560 0.0373959
6561 0.0373774
6562 0.0373589
6563 0.0373405
6564 0.037322
6565 0.0373036
6566 0.0372851
6567 0.0372667
6568 0.0372483
6569 0.0372299
6570 0.0372115
6571 0.0371931
6572 0.0371747
6573 0.0371563
6574 0.0371379
6574 0.0371196
6575 0.0371012
6576 0.0370829
6577 0.0370645
6578 0.0370462
6579 0.0370279
6580 0.0370096
6581 0.0369913
6582 0.036973
6583 0.0369547
6584 0.0369364
6585 0.0369181
6586 0.0368999
6587 0.0368816
6588 0.0368634
6589 0.0368451
6590 0.0368269
6591 0.0368087
6592 0.0367905
6593 0.0367723
6594 0.0367541
6595 0.0367359
6596 0.0367177
6597 0.0366995
6598 0.0366813
6599 0.0366632
6600 0.036645
6601 0.0366269
6602 0.0366088
6603 0.0365906
6604 0.0365725
6605 0.0365544
6606 0.0365363
6607 0.0365182
6608 0.0365001
6609 0.036482
6610 0.0364639
6611 0.0364459
6612 0.0364278
6613 0.0364098
6614 0.0363917
6615 0.0363737
6616 0.0363556
6617 0.0363376
6618 0.0363196
6619 0.0363016
6620 0.0362836
6621 0.0362656
6622 0.0362476
6623 0.0362296
6624 0.0362117
6625 0.0361937
6626 0.0361757
6627 0.0361578
6628 0.0361398
6629 0.0361219
6630 0.036104
6631 0.0360861
6632 0.0360681
6633 0.0360502
6634 0.0360323
6635 0.0360144
6636 0.0359966
6637 0.0359787
6638 0.0359608
6639 0.0359429
6640 0.0359251
6641 0.0359072
6642 0.0358894
6643 0.0358715
6644 0.0358537
6645 0.0358359
6646 0.0358181
6647 0.0358002
6648 0.0357824
6649 0.0357646
6650 0.0357468
6651 0.0357291
6652 0.0357113
6653 0.0356935
6654 0.0356757
6655 0.035658
6656 0.0356402
6657 0.0356225
6658 0.0356047
6659 0.035587
6660 0.0355693
6661 0.0355516
6662 0.0355339
6663 0.0355161
6664 0.0354984
6665 0.0354808
6666 0.0354631
6667 0.0354454
6668 0.0354277
6669 0.03541
6670 0.0353924
6671 0.0353747
6672 0.0353571
6673 0.0353394
6674 0.0353218
6675 0.0353041
6676 0.0352865
6677 0.0352689
6678 0.0352513
6679 0.0352337
6680 0.0352161
6681 0.0351985
6682 0.0351809
6683 0.0351633
6684 0.0351457
6685 0.0351281
6686 0.0351106
6687 0.035093
6688 0.0350755
6689 0.0350579
6690 0.0350404
6691 0.0350228
6692 0.0350053
6693 0.0349878
6694 0.0349702
6695 0.0349527
6696 0.0349352
6697 0.0349177
6698 0.0349002
6699 0.0348827
6700 0.0348652
6701 0.0348477
6702 0.0348303
6703 0.0348128
6704 0.0347953
6705 0.0347779
6706 0.0347604
6707 0.034743
6708 0.0347255
6709 0.0347081
6710 0.0346906
6711 0.0346732
6712 0.0346558
6713 0.0346384
6714 0.034621
6715 0.0346035
6716 0.0345861
6717 0.0345687
6718 0.0345513
6719 0.034534
6720 0.0345166
6721 0.0344992
6722 0.0344818
6723 0.0344645
6724 0.0344471
6725 0.0344297
6726 0.0344124
6727 0.034395
6728 0.0343777
6729 0.0343604
6730 0.034343
6731 0.0343257
6732 0.0343084
6733 0.0342911
6734 0.0342737
6735 0.0342564
6736 0.0342391
6737 0.0342218
6738 0.0342045
6739 0.0341872
6740 0.03417
6741 0.0341527
6742 0.0341354
6743 0.0341181
6744 0.0341009
6745 0.0340836
6746 0.0340663
6747 0.0340491
6748 0.0340318
6749 0.0340146
6750 0.0339973
6751 0.0339801
6752 0.0339629
6753 0.0339456
6754 0.0339284
6755 0.0339112
6756 0.033894
6757 0.0338768
6758 0.0338596
6759 0.0338424
6760 0.0338252
6761 0.033808
6762 0.0337908
6763 0.0337736
6764 0.0337564
6765 0.0337392
6766 0.0337221
6767 0.0337049
6768 0.0336877
6769 0.0336706
6770 0.0336534
6771 0.0336362
6772 0.0336191
6773 0.033602
6774 0.0335848
6775 0.0335677
6776 0.0335505
6777 0.0335334
6778 0.0335163
6779 0.0334992
6780 0.033482
6781 0.0334649
6782 0.0334478
6783 0.0334307
6784 0.0334136
6785 0.0333965
6786 0.0333794
6787 0.0333623
6788 0.0333452
6789 0.0333281
6790 0.033311
6791 0.033294
6792 0.0332769
6793 0.0332598
6794 0.0332427
6795 0.0332257
6796 0.0332086
6797 0.0331915
6798 0.0331745
6799 0.0331574
6800 0.0331404
6801 0.0331233
6802 0.0331063
6803 0.0330892
6804 0.0330722
6805 0.0330552
6806 0.0330381
6807 0.0330211
6808 0.0330041
6809 0.0329871
6810 0.0329701
6811 0.032953
6812 0.032936
6813 0.032919
6814 0.032902
6815 0.032885
6815 0.032868
6816 0.032851
6817 0.032834
6818 0.032817
6819 0.0328
6820 0.032783
6821 0.0327661
6822 0.0327491
6823 0.0327321
6824 0.0327151
6825 0.0326981
6826 0.0326812
6827 0.0326642
6828 0.0326472
6829 0.0326303
6830 0.0326133
6831 0.0325964
6832 0.0325794
6833 0.0325624
6834 0.0325455
6835 0.0325286
6836 0.0325116
6837 0.0324947
6838 0.0324777
6839 0.0324608
6840 0.0324438
6841 0.0324269
6842 0.03241
6843 0.0323931
6844 0.0323761
6845 0.0323592
6846 0.0323423
6847 0.0323254
6848 0.0323084
6849 0.0322915
6850 0.0322746
6851 0.0322577
6852 0.0322408
6853 0.0322239
6854 0.032207
6855 0.0321901
6856 0.0321732
6857 0.0321563
6858 0.0321394
6859 0.0321225
6860 0.0321056
6861 0.0320887
6862 0.0320718
6863 0.0320549
6864 0.032038
6865 0.0320211
6866 0.0320043
6867 0.0319874
6868 0.0319705
6869 0.0319536
6870 0.0319367
6871 0.0319199
6872 0.031903
6873 0.0318861
6874 0.0318693
6875 0.0318524
6876 0.0318355
6877 0.0318187
6878 0.0318018
6879 0.0317849
6880 0.0317681
6881 0.0317512
6882 0.0317344
6883 0.0317175
6884 0.0317006
6885 0.0316838
6886 0.0316669
6887 0.0316501
6888 0.0316332
6889 0.0316164
6890 0.0315995
6891 0.0315827
6892 0.0315658
6893 0.031549
6894 0.0315322
6895 0.0315153
6896 0.0314985
6897 0.0314816
6898 0.0314648
6899 0.031448
6900 0.0314311
6901 0.0314143
6902 0.0313975
6903 0.0313806
6904 0.0313638
6905 0.031347
6906 0.0313301
6907 0.0313133
6908 0.0312965
6909 0.0312796
6910 0.0312628
6911 0.031246
6912 0.0312291
6913 0.0312123
6914 0.0311955
6915 0.0311787
6916 0.0311618
6917 0.031145
6918 0.0311282
6919 0.0311114
6920 0.0310946
6921 0.0310777
6922 0.0310609
6923 0.0310441
6924 0.0310273
6925 0.0310105
6926 0.0309937
6927 0.0309768
6928 0.03096
6929 0.0309432
6930 0.0309264
6931 0.0309096
6932 0.0308928
6933 0.030876
6934 0.0308592
6935 0.0308423
6936 0.0308255
6937 0.0308087
6938 0.0307919
6939 0.0307751
6940 0.0307583
6941 0.0307415
6942 0.0307247
6943 0.0307079
6944 0.0306911
6945 0.0306743
6946 0.0306575
6947 0.0306407
6948 0.0306239
6949 0.0306071
6950 0.0305903
6951 0.0305735
6952 0.0305567
6953 0.0305399
6954 0.0305231
6955 0.0305063
6956 0.0304895
6957 0.0304727
6958 0.030456
6959 0.0304392
6960 0.0304224
6961 0.0304056
6962 0.0303888
6963 0.030372
6964 0.0303552
6965 0.0303384
6966 0.0303216
6967 0.0303049
6968 0.0302881
6969 0.0302713
6970 0.0302545
6971 0.0302377
6972 0.030221
6973 0.0302042
6974 0.0301874
6975 0.0301706
6976 0.0301538
6977 0.0301371
6978 0.0301203
6979 0.0301035
6980 0.0300867
6981 0.03007
6982 0.0300532
6983 0.0300364
6984 0.0300196
6985 0.0300029
6986 0.0299861
6987 0.0299693
6988 0.0299526
6989 0.0299358
6990 0.029919
6991 0.0299023
6992 0.0298855
6993 0.0298687
6994 0.029852
6995 0.0298352
6996 0.0298184
6997 0.0298017
6998 0.0297849
6999 0.0297682
7000 0.0297514
7001 0.0297346
7002 0.0297179
7003 0.0297011
7004 0.0296844
7005 0.0296676
7006 0.0296509
7007 0.0296341
7008 0.0296174
7009 0.0296006
7010 0.0295839
7011 0.0295671
7012 0.0295504
7013 0.0295336
7014 0.0295169
7015 0.0295001
7016 0.0294834
7017 0.0294666
7018 0.0294499
7019 0.0294331
7020 0.0294164
7021 0.0293996
7022 0.0293829
7023 0.0293662
7024 0.0293494
7025 0.0293327
7026 0.0293159
7027 0.0292992
7028 0.0292825
7029 0.0292657
7030 0.029249
7031 0.0292322
7032 0.0292155
7033 0.0291988
7034 0.029182
7035 0.0291653
7036 0.0291486
7037 0.0291319
7038 0.0291151
7039 0.0290984
7040 0.0290817
7041 0.0290649
7042 0.0290482
7043 0.0290315
7044 0.0290148
7045 0.028998
7046 0.0289813
7047 0.0289646
7048 0.0289479
7049 0.0289311
7050 0.0289144
7051 0.0288977
7052 0.028881
7053 0.0288643
7054 0.0288475
7055 0.0288308
7056 0.0288141
