0 3.70858
1 3.71964
2 3.73078
3 3.74206
4 3.75343
5 3.76491
6 3.77652
7 3.78822
8 3.80003
9 3.81197
10 3.82403
11 3.83622
12 3.84851
13 3.86094
14 3.87349
15 3.88616
16 3.89895
17 3.91187
18 3.92494
19 3.93813
20 3.95146
21 3.96492
22 3.97853
23 3.99228
24 4.00614
25 4.02018
26 4.03438
27 4.04868
28 4.06317
29 4.07781
30 4.09257
31 4.10754
32 4.12263
33 4.1379
34 4.15332
35 4.16893
36 4.18469
37 4.20065
38 4.21677
39 4.23304
40 4.24955
41 4.2662
42 4.28305
43 4.30005
44 4.31728
45 4.33469
46 4.3523
47 4.37014
48 4.38814
49 4.40636
50 4.42479
51 4.44343
52 4.46231
53 4.48137
54 4.50068
55 4.5202
56 4.53997
57 4.55995
58 4.58019
59 4.60063
60 4.62134
61 4.6423
62 4.66352
63 4.68499
64 4.70674
65 4.72872
66 4.75097
67 4.7735
68 4.79634
69 4.81943
70 4.8428
71 4.86648
72 4.89045
73 4.9147
74 4.93928
75 4.96416
76 4.98937
77 5.01491
78 5.04072
79 5.06693
80 5.09342
81 5.12031
82 5.14751
83 5.17508
84 5.20301
85 5.23131
86 5.25996
87 5.28901
88 5.31846
89 5.34826
90 5.37851
91 5.40915
92 5.44019
93 5.47165
94 5.50355
95 5.5359
96 5.56866
97 5.6019
98 5.63556
99 5.66973
100 5.7044
101 5.73948
102 5.77506
103 5.81122
104 5.8478
105 5.88499
106 5.92266
107 5.96085
108 5.9996
109 6.03897
110 6.07885
111 6.11931
112 6.16039
113 6.20199
114 6.24426
115 6.28717
116 6.3307
117 6.37489
118 6.41974
119 6.4652
120 6.51147
121 6.55829
122 6.6059
123 6.65422
124 6.70331
125 6.75307
126 6.80364
127 6.85503
128 6.90716
129 6.96015
130 7.01388
131 7.06856
132 7.12403
133 7.18034
134 7.23766
135 7.29585
136 7.35488
137 7.41494
138 7.47588
139 7.5379
140 7.60086
141 7.66489
142 7.72994
143 7.79599
144 7.86317
145 7.93151
146 8.00091
147 8.07141
148 8.14315
149 8.21612
150 8.29028
151 8.36559
152 8.44225
153 8.5202
154 8.59947
155 8.68006
156 8.762
157 8.84538
158 8.93015
159 9.01648
160 9.10413
161 9.19341
162 9.28421
163 9.37659
164 9.47053
165 9.56617
166 9.66343
167 9.76238
168 9.86312
169 9.96563
170 10.0699
171 10.176
172 10.2841
173 10.3941
174 10.506
175 10.6199
176 10.7359
177 10.8539
178 10.974
179 11.0963
180 11.2209
181 11.3475
182 11.4766
183 11.6079
184 11.7417
185 11.8779
186 12.0165
187 12.1577
188 12.3013
189 12.4476
190 12.5967
191 12.7484
192 12.9029
193 13.0602
194 13.2203
195 13.3834
196 13.5494
197 13.7185
198 13.8906
199 14.0659
200 14.2443
201 14.4261
202 14.6112
203 14.7993
204 14.991
205 15.1862
206 15.385
207 15.5875
208 15.7932
209 16.0028
210 16.2161
211 16.4334
212 16.6543
213 16.8793
214 17.1081
215 17.3409
216 17.5777
217 17.8188
218 18.0639
219 18.3132
220 18.5667
221 18.8246
222 19.0869
223 19.3534
224 19.6245
225 19.8999
226 20.1798
227 20.4644
228 20.7533
229 21.0469
230 21.3449
231 21.6476
232 21.9548
233 22.267
234 22.5835
235 22.9047
236 23.2302
237 23.5607
238 23.8957
239 24.2351
240 24.579
241 24.9276
242 25.2806
243 25.6378
244 25.9992
245 26.3654
246 26.7353
247 27.1094
248 27.4876
249 27.8694
250 28.255
251 28.6444
252 29.0372
253 29.4333
254 29.8328
255 30.2348
256 30.64
257 31.048
258 31.458
259 31.8706
260 32.2847
261 32.7004
262 33.1178
263 33.5366
264 33.9556
265 34.3756
266 34.796
267 35.2159
268 35.6357
269 36.0547
270 36.4722
271 36.8886
272 37.3027
273 37.7148
274 38.1239
275 38.5299
276 38.9325
277 39.331
278 39.7249
279 40.1137
280 40.4972
281 40.8748
282 41.2462
283 41.6105
284 41.9677
285 42.3172
286 42.6582
287 42.9907
288 43.3138
289 43.6271
290 43.9307
291 44.2233
292 44.5048
293 44.7753
294 45.0335
295 45.2797
296 45.5128
297 45.7333
298 45.94
299 46.1331
300 46.3122
301 46.4768
302 46.6267
303 46.7618
304 46.8819
305 46.9865
306 47.0759
307 47.1493
308 47.2072
309 47.2491
310 47.2752
311 47.2852
312 47.2795
313 47.258
314 47.2204
315 47.1673
316 47.0985
317 47.0142
318 46.9146
319 46.7998
320 46.6702
321 46.5258
322 46.3671
323 46.1945
324 46.0079
325 45.8077
326 45.5949
327 45.3691
328 45.1311
329 44.881
330 44.6194
331 44.347
332 44.0637
333 43.7704
334 43.4673
335 43.1551
336 42.8338
337 42.5042
338 42.1669
339 41.8221
340 41.4706
341 41.1124
342 40.7494
343 40.3798
344 40.005
345 39.6258
346 39.2425
347 38.855
348 38.4646
349 38.0712
350 37.6753
351 37.2774
352 36.8777
353 36.4769
354 36.0748
355 35.6723
356 35.2694
357 34.8668
358 34.4642
359 34.0626
360 33.6617
361 33.2623
362 32.8642
363 32.4679
364 32.0736
365 31.6812
366 31.2916
367 30.9043
368 30.5197
369 30.1384
370 29.7599
371 29.385
372 29.0132
373 28.6461
374 28.2816
375 27.921
376 27.5641
377 27.211
378 26.8622
379 26.5174
380 26.1767
381 25.8403
382 25.5084
383 25.1804
384 24.857
385 24.5382
386 24.2232
387 23.913
388 23.6073
389 23.306
390 23.0089
391 22.7165
392 22.4285
393 22.1448
394 21.8655
395 21.5906
396 21.3203
397 21.0539
398 20.792
399 20.5346
400 20.2813
401 20.0322
402 19.7873
403 19.5463
404 19.3095
405 19.0775
406 18.8486
407 18.6239
408 18.403
409 18.1859
410 17.9727
411 17.7633
412 17.5574
413 17.3554
414 17.1568
415 16.962
416 16.7705
417 16.5825
418 16.3979
419 16.2166
420 16.0387
421 15.8639
422 15.6925
423 15.5241
424 15.3588
425 15.1965
426 15.0372
427 14.881
428 14.7275
429 14.5769
430 14.4291
431 14.2841
432 14.1418
433 14.002
434 13.8649
435 13.7304
436 13.5984
437 13.4692
438 13.3421
439 13.2174
440 13.0948
441 12.9747
442 12.8569
443 12.7412
444 12.6277
445 12.5164
446 12.4071
447 12.2999
448 12.1947
449 12.0916
450 11.9902
451 11.8909
452 11.7934
453 11.6978
454 11.604
455 11.512
456 11.4217
457 11.333
458 11.2461
459 11.1608
460 11.0772
461 10.9951
462 10.9146
463 10.8356
464 10.7582
465 10.6821
466 10.6076
467 10.5345
468 10.4628
469 10.3926
470 10.3236
471 10.256
472 10.1896
473 10.1245
474 10.0607
475 9.99806
476 9.93667
477 9.87651
478 9.81748
479 9.75958
480 9.70283
481 9.64718
482 9.59266
483 9.53921
484 9.48679
485 9.43542
486 9.38507
487 9.33576
488 9.28735
489 9.23998
490 9.19354
491 9.14805
492 9.10347
493 9.05981
494 9.01707
495 8.97514
496 8.93411
497 8.89395
498 8.85464
499 8.81613
500 8.77843
501 8.74155
502 8.70553
503 8.67021
504 8.63565
505 8.60182
506 8.56878
507 8.53644
508 8.50481
509 8.4739
510 8.44369
511 8.4142
512 8.38531
513 8.35716
514 8.32964
515 8.30276
516 8.27657
517 8.25095
518 8.226
519 8.20167
520 8.17792
521 8.15477
522 8.13225
523 8.11031
524 8.08889
525 8.06809
526 8.04781
527 8.02814
528 8.00895
529 7.99035
530 7.97228
531 7.95476
532 7.93772
533 7.9212
534 7.90521
535 7.8897
536 7.87471
537 7.86019
538 7.84617
539 7.83264
540 7.81953
541 7.80695
542 7.7948
543 7.78312
544 7.77189
545 7.7611
546 7.75077
547 7.74087
548 7.73143
549 7.72236
550 7.7138
551 7.7056
552 7.69783
553 7.69047
554 7.68355
555 7.67697
556 7.67083
557 7.66511
558 7.65974
559 7.65478
560 7.6502
561 7.64599
562 7.6422
563 7.63875
564 7.63567
565 7.63296
566 7.6306
567 7.62864
568 7.62701
569 7.62572
570 7.62477
571 7.62418
572 7.62394
573 7.62404
574 7.62448
575 7.62526
576 7.62634
577 7.62778
578 7.62953
579 7.63158
580 7.63396
581 7.63669
582 7.63971
583 7.64303
584 7.64667
585 7.65059
586 7.65481
587 7.65934
588 7.66416
589 7.66925
590 7.67465
591 7.68034
592 7.68628
593 7.69251
594 7.69901
595 7.70579
596 7.71286
597 7.72015
598 7.72774
599 7.73557
600 7.74364
601 7.75197
602 7.76055
603 7.76933
604 7.77842
605 7.78774
606 7.79727
607 7.80704
608 7.81705
609 7.82725
610 7.83771
611 7.84838
612 7.85922
613 7.8703
614 7.88162
615 7.89309
616 7.90478
617 7.91663
618 7.92871
619 7.94096
620 7.95339
621 7.96599
622 7.97877
623 7.99173
624 8.00484
625 8.0181
626 8.03152
627 8.04512
628 8.05882
629 8.07265
630 8.08669
631 8.10079
632 8.11501
633 8.1294
634 8.14386
635 8.15845
636 8.17315
637 8.18793
638 8.20275
639 8.21773
640 8.23279
641 8.24792
642 8.2631
643 8.27838
644 8.29365
645 8.30904
646 8.32447
647 8.33991
648 8.35542
649 8.37094
650 8.38647
651 8.40203
652 8.4176
653 8.43315
654 8.44872
655 8.46426
656 8.47976
657 8.49527
658 8.51077
659 8.52619
660 8.54155
661 8.55688
662 8.57214
663 8.58733
664 8.60249
665 8.61752
666 8.63245
667 8.64731
668 8.66206
669 8.67667
670 8.69123
671 8.7056
672 8.71986
673 8.73397
674 8.74784
675 8.76164
676 8.77528
677 8.78873
678 8.80202
679 8.81512
680 8.82803
681 8.84074
682 8.85324
683 8.86555
684 8.87758
685 8.88941
686 8.90102
687 8.91235
688 8.92347
689 8.93427
690 8.94487
691 8.95517
692 8.96518
693 8.9749
694 8.98435
695 8.99346
696 9.00231
697 9.01084
698 9.01905
699 9.02692
700 9.03449
701 9.04172
702 9.0486
703 9.05512
704 9.0613
705 9.06713
706 9.07261
707 9.07771
708 9.08247
709 9.08681
710 9.09082
711 9.09438
712 9.09757
713 9.10042
714 9.1028
715 9.10485
716 9.10651
717 9.10771
718 9.10853
719 9.10898
720 9.10898
721 9.10855
722 9.10778
723 9.10652
724 9.10487
725 9.10281
726 9.10033
727 9.09742
728 9.09407
729 9.09031
730 9.0862
731 9.08157
732 9.07659
733 9.07115
734 9.06531
735 9.05906
736 9.05239
737 9.04529
738 9.03778
739 9.02985
740 9.02152
741 9.0128
742 9.00368
743 8.99414
744 8.98421
745 8.97387
746 8.96311
747 8.95203
748 8.94053
749 8.92868
750 8.9164
751 8.90379
752 8.89077
753 8.87744
754 8.86372
755 8.84963
756 8.83519
757 8.82041
758 8.8053
759 8.78989
760 8.77407
761 8.75798
762 8.74156
763 8.72484
764 8.70779
765 8.69047
766 8.67283
767 8.6549
768 8.6367
769 8.61822
770 8.59945
771 8.58045
772 8.56117
773 8.54166
774 8.5219
775 8.50188
776 8.4816
777 8.46114
778 8.44047
779 8.41957
780 8.39846
781 8.37716
782 8.35568
783 8.33397
784 8.3121
785 8.2901
786 8.26787
787 8.24556
788 8.22306
789 8.20038
790 8.17757
791 8.15465
792 8.13159
793 8.10841
794 8.0851
795 8.06165
796 8.03815
797 8.01454
798 7.99081
799 7.96706
800 7.94316
801 7.91925
802 7.89521
803 7.87114
804 7.84702
805 7.82285
806 7.7986
807 7.7743
808 7.75001
809 7.72568
810 7.70131
811 7.67693
812 7.65253
813 7.62816
814 7.60372
815 7.57928
816 7.5549
817 7.53049
818 7.50609
819 7.48171
820 7.45737
821 7.43305
822 7.40873
823 7.38446
824 7.36022
825 7.33604
826 7.31196
827 7.28786
828 7.26381
829 7.23982
830 7.21588
831 7.19197
832 7.16817
833 7.14441
834 7.12073
835 7.09713
836 7.07358
837 7.05012
838 7.02674
839 7.00344
840 6.98024
841 6.95714
842 6.93411
843 6.91115
844 6.88831
845 6.86554
846 6.84289
847 6.82032
848 6.79789
849 6.77553
850 6.75329
851 6.73114
852 6.7091
853 6.68718
854 6.66536
855 6.64366
856 6.62207
857 6.60062
858 6.57925
859 6.55801
860 6.53688
861 6.51586
862 6.49498
863 6.47421
864 6.45354
865 6.43303
866 6.41268
867 6.39242
868 6.37224
869 6.35221
870 6.3323
871 6.3125
872 6.29284
873 6.27332
874 6.25389
875 6.23464
876 6.21547
877 6.19644
878 6.17752
879 6.15874
880 6.14008
881 6.12155
882 6.10317
883 6.08492
884 6.06678
885 6.04876
886 6.03086
887 6.0131
888 5.99545
889 5.97795
890 5.96058
891 5.94332
892 5.9262
893 5.90918
894 5.89228
895 5.87555
896 5.85889
897 5.8424
898 5.82601
899 5.80974
900 5.79359
901 5.77761
902 5.76171
903 5.7459
904 5.73028
905 5.71473
906 5.69932
907 5.68401
908 5.6689
909 5.65384
910 5.63891
911 5.62408
912 5.60936
913 5.59479
914 5.58029
915 5.56595
916 5.55169
917 5.53755
918 5.52353
919 5.50964
920 5.49584
921 5.48218
922 5.4686
923 5.45512
924 5.44176
925 5.42852
926 5.41538
927 5.40233
928 5.38942
929 5.37659
930 5.36387
931 5.35125
932 5.33875
933 5.32635
934 5.31404
935 5.30183
936 5.28974
937 5.27772
938 5.26583
939 5.25401
940 5.24231
941 5.23068
942 5.21918
943 5.20778
944 5.19643
945 5.1852
946 5.17406
947 5.16303
948 5.15205
949 5.14122
950 5.13046
951 5.11979
952 5.10918
953 5.09866
954 5.08826
955 5.07792
956 5.06768
957 5.05753
958 5.04746
959 5.03749
960 5.02757
961 5.01773
962 5.00801
963 4.99833
964 4.98876
965 4.97925
966 4.96986
967 4.9605
968 4.95126
969 4.94206
970 4.93295
971 4.92393
972 4.91497
973 4.90609
974 4.89727
975 4.88857
976 4.87989
977 4.87132
978 4.86278
979 4.85436
980 4.84597
981 4.83767
982 4.82943
983 4.82127
984 4.81316
985 4.80513
986 4.79718
987 4.78928
988 4.78145
989 4.77369
990 4.76597
991 4.75833
992 4.75076
993 4.74326
994 4.73579
995 4.72843
996 4.72108
997 4.7138
998 4.70661
999 4.69947
1000 4.69239
1001 4.68534
1002 4.67838
1003 4.67145
1004 4.66459
1005 4.65779
1006 4.65107
1007 4.64435
1008 4.63774
1009 4.63112
1010 4.62459
1011 4.61809
1012 4.61169
1013 4.60531
1014 4.599
1015 4.59272
1016 4.58651
1017 4.58031
1018 4.5742
1019 4.56816
1020 4.56213
1021 4.55617
1022 4.55023
1023 4.54434
1024 4.53851
1025 4.53272
1026 4.52701
1027 4.52128
1028 4.51566
1029 4.51003
1030 4.50449
1031 4.49901
1032 4.49351
1033 4.48807
1034 4.48269
1035 4.47734
1036 4.47204
1037 4.46679
1038 4.46161
1039 4.45643
1040 4.45127
1041 4.44616
1042 4.44112
1043 4.43609
1044 4.43112
1045 4.42618
1046 4.42127
1047 4.41639
1048 4.41159
1049 4.40679
1050 4.40204
1051 4.39729
1052 4.39263
1053 4.38799
1054 4.38336
1055 4.3788
1056 4.37425
1057 4.36976
1058 4.36527
1059 4.36083
1060 4.35643
1061 4.35207
1062 4.3477
1063 4.34341
1064 4.33913
1065 4.33488
1066 4.33067
1067 4.32646
1068 4.32233
1069 4.31821
1070 4.31411
1071 4.31004
1072 4.30601
1073 4.302
1074 4.29804
1075 4.29408
1076 4.29016
1077 4.28627
1078 4.28242
1079 4.27858
1080 4.27477
1081 4.271
1082 4.26722
1083 4.26349
1084 4.25979
1085 4.25612
1086 4.25246
1087 4.24884
1088 4.24524
1089 4.24168
1090 4.2381
1091 4.23458
1092 4.23109
1093 4.2276
1094 4.22416
1095 4.22073
1096 4.21729
1097 4.21393
1098 4.21058
1099 4.20722
1100 4.20392
1101 4.20058
1102 4.19734
1103 4.19407
1104 4.19082
1105 4.18763
1106 4.18445
1107 4.18128
1108 4.17813
1109 4.17499
1110 4.17188
1111 4.16879
1112 4.16573
1113 4.16268
1114 4.15963
1115 4.15661
1116 4.15364
1117 4.15067
1118 4.14771
1119 4.14476
1120 4.14185
1121 4.13896
1122 4.13606
1123 4.13319
1124 4.13034
1125 4.12751
1126 4.12469
1127 4.12189
1128 4.11911
1129 4.11636
1130 4.11358
1131 4.11085
1132 4.10814
1133 4.10546
1134 4.10277
1135 4.10007
1136 4.09742
1137 4.09477
1138 4.09212
1139 4.08954
1140 4.08694
1141 4.08434
1142 4.08178
1143 4.07922
1144 4.07668
1145 4.07418
1146 4.07163
1147 4.06913
1148 4.06664
1149 4.06416
1150 4.0617
1151 4.05926
1152 4.05684
1153 4.05442
1154 4.05199
1155 4.04961
1156 4.0472
1157 4.04483
1158 4.04248
1159 4.0401
1160 4.03779
1161 4.03545
1162 4.03314
1163 4.03082
1164 4.02853
1165 4.02623
1166 4.02398
1167 4.02171
1168 4.01947
1169 4.01722
1170 4.01497
1171 4.01278
1172 4.01055
1173 4.00836
1174 4.00617
1175 4.00398
1176 4.00181
1177 3.99964
1178 3.99749
1179 3.99534
1180 3.99323
1181 3.9911
1182 3.98898
1183 3.98686
1184 3.98475
1185 3.98266
1186 3.98057
1187 3.97851
1188 3.97645
1189 3.97437
1190 3.97234
1191 3.97028
1192 3.96825
1193 3.96622
1194 3.9642
1195 3.96221
1196 3.96019
1197 3.95819
1198 3.95621
1199 3.95422
1200 3.95224
1201 3.95026
1202 3.94831
1203 3.94634
1204 3.94443
1205 3.94248
1206 3.94054
1207 3.93862
1208 3.93669
1209 3.93477
1210 3.93284
1211 3.93096
1212 3.92907
1213 3.92716
1214 3.92528
1215 3.9234
1216 3.92154
1217 3.91965
1218 3.91779
1219 3.91593
1220 3.91409
1221 3.91224
1222 3.91039
1223 3.90855
1224 3.90673
1225 3.90489
1226 3.90306
1227 3.90124
1228 3.89943
1229 3.89763
1230 3.89581
1231 3.89402
1232 3.89222
1233 3.89046
1234 3.88864
1235 3.88686
1236 3.88508
1237 3.88331
1238 3.88152
1239 3.87976
1240 3.87801
1241 3.87624
1242 3.87448
1243 3.87273
1244 3.871
1245 3.86923
1246 3.86751
1247 3.86576
1248 3.86404
1249 3.86231
1250 3.86058
1251 3.85884
1252 3.85712
1253 3.85542
1254 3.8537
1255 3.85198
1256 3.85026
1257 3.84857
1258 3.84687
1259 3.84517
1260 3.84346
1261 3.84178
1262 3.84007
1263 3.83838
1264 3.83669
1265 3.835
1266 3.83334
1267 3.83163
1268 3.82996
1269 3.82829
1270 3.8266
1271 3.82495
1272 3.82326
1273 3.82161
1274 3.81994
1275 3.81825
1276 3.81661
1277 3.81494
1278 3.81329
1279 3.81164
1280 3.80998
1281 3.80831
1282 3.80666
1283 3.80501
1284 3.80335
1285 3.80172
1286 3.80007
1287 3.79841
1288 3.79679
1289 3.79512
1290 3.79347
1291 3.79184
1292 3.7902
1293 3.78855
1294 3.78691
1295 3.78527
1296 3.78364
1297 3.78199
1298 3.78035
1299 3.77874
1300 3.7771
1301 3.77547
1302 3.77384
1303 3.77222
1304 3.77058
1305 3.76894
1306 3.76733
1307 3.76569
1308 3.76407
1309 3.76242
1310 3.7608
1311 3.75918
1312 3.75755
1313 3.75593
1314 3.75432
1315 3.75268
1316 3.75105
1317 3.74942
1318 3.74782
1319 3.74619
1320 3.74455
1321 3.74292
1322 3.74131
1323 3.7397
1324 3.73806
1325 3.73643
1326 3.73482
1327 3.73318
1328 3.73157
1329 3.72994
1330 3.72831
1331 3.72669
1332 3.72507
1333 3.72343
1334 3.72182
1335 3.7202
1336 3.71854
1337 3.71692
1338 3.71531
1339 3.71368
1340 3.71205
1341 3.71041
1342 3.7088
1343 3.70717
1344 3.70552
1345 3.70389
1346 3.70226
1347 3.70063
1348 3.69899
1349 3.69738
1350 3.69572
1351 3.69409
1352 3.69244
1353 3.69082
1354 3.68918
1355 3.68754
1356 3.6859
1357 3.68425
1358 3.68261
1359 3.68097
1360 3.67934
1361 3.67769
1362 3.67603
1363 3.67442
1364 3.67276
1365 3.67109
1366 3.66947
1367 3.66779
1368 3.66616
1369 3.66451
1370 3.66285
1371 3.66121
1372 3.65955
1373 3.65789
1374 3.65623
1375 3.65457
1376 3.65292
1377 3.65125
1378 3.64959
1379 3.64793
1380 3.64625
1381 3.64459
1382 3.64293
1383 3.64126
1384 3.6396
1385 3.63792
1386 3.63626
1387 3.63457
1388 3.6329
1389 3.63122
1390 3.62954
1391 3.62787
1392 3.6262
1393 3.62451
1394 3.62282
1395 3.62113
1396 3.61944
1397 3.61775
1398 3.61608
1399 3.61438
1400 3.6127
1401 3.611
1402 3.60929
1403 3.60759
1404 3.6059
1405 3.6042
1406 3.60249
1407 3.60079
1408 3.59908
1409 3.59736
1410 3.59565
1411 3.59395
1412 3.59223
1413 3.59052
1414 3.58879
1415 3.58709
1416 3.58536
1417 3.58365
1418 3.58192
1419 3.5802
1420 3.57847
1421 3.57674
1422 3.57501
1423 3.57328
1424 3.57156
1425 3.56982
1426 3.56807
1427 3.56635
1428 3.5646
1429 3.56286
1430 3.56109
1431 3.55936
1432 3.55761
1433 3.55587
1434 3.55413
1435 3.55235
1436 3.5506
1437 3.54884
1438 3.54708
1439 3.54533
1440 3.54357
1441 3.54179
1442 3.54003
1443 3.53827
1444 3.53649
1445 3.5347
1446 3.53294
1447 3.53115
1448 3.5294
1449 3.52761
1450 3.52581
1451 3.52406
1452 3.52226
1453 3.52047
1454 3.51867
1455 3.51687
1456 3.51508
1457 3.51328
1458 3.51149
1459 3.50969
1460 3.50789
1461 3.50609
1462 3.50428
1463 3.50247
1464 3.50065
1465 3.49885
1466 3.49704
1467 3.49522
1468 3.49341
1469 3.49159
1470 3.48977
1471 3.48791
1472 3.48611
1473 3.48428
1474 3.48243
1475 3.48059
1476 3.47875
1477 3.47692
1478 3.47509
1479 3.47327
1480 3.47141
1481 3.46955
1482 3.46771
1483 3.46586
1484 3.46401
1485 3.46215
1486 3.46031
1487 3.45844
1488 3.4566
1489 3.45473
1490 3.45287
1491 3.451
1492 3.44914
1493 3.44726
1494 3.44539
1495 3.44351
1496 3.44166
1497 3.43978
1498 3.43788
1499 3.436
1500 3.43412
1501 3.43224
1502 3.43036
1503 3.42846
1504 3.42657
1505 3.42466
1506 3.42279
1507 3.42087
1508 3.41897
1509 3.41709
1510 3.41517
1511 3.41328
1512 3.41136
1513 3.40945
1514 3.40755
1515 3.40562
1516 3.40369
1517 3.40178
1518 3.39984
1519 3.39795
1520 3.39601
1521 3.39407
1522 3.39216
1523 3.39023
1524 3.38829
1525 3.38635
1526 3.38443
1527 3.38248
1528 3.38054
1529 3.3786
1530 3.37664
1531 3.3747
1532 3.37275
1533 3.37081
1534 3.36885
1535 3.36689
1536 3.36492
1537 3.36298
1538 3.36101
1539 3.35904
1540 3.35708
1541 3.3551
1542 3.35314
1543 3.35116
1544 3.3492
1545 3.34721
1546 3.34525
1547 3.34328
1548 3.34129
1549 3.33932
1550 3.33732
1551 3.33535
1552 3.33335
1553 3.33135
1554 3.32936
1555 3.32736
1556 3.32538
1557 3.32337
1558 3.32138
1559 3.31938
1560 3.31736
1561 3.31537
1562 3.31336
1563 3.31132
1564 3.30933
1565 3.30733
1566 3.30529
1567 3.30328
1568 3.30126
1569 3.29926
1570 3.29722
1571 3.29519
1572 3.29317
1573 3.29114
1574 3.28911
1575 3.28708
1576 3.28506
1577 3.28301
1578 3.28096
1579 3.27892
1580 3.2769
1581 3.27486
1582 3.27281
1583 3.27076
1584 3.26871
1585 3.26666
1586 3.2646
1587 3.26257
1588 3.26048
1589 3.25843
1590 3.25635
1591 3.25431
1592 3.25225
1593 3.2502
1594 3.24814
1595 3.24606
1596 3.24399
1597 3.24192
1598 3.23984
1599 3.23775
1600 3.2357
1601 3.23361
1602 3.23155
1603 3.22944
1604 3.22737
1605 3.22527
1606 3.22319
1607 3.22109
1608 3.219
1609 3.21691
1610 3.21482
1611 3.21271
1612 3.21064
1613 3.20853
1614 3.20643
1615 3.20434
1616 3.20224
1617 3.20012
1618 3.19801
1619 3.1959
1620 3.19379
1621 3.19169
1622 3.18958
1623 3.18747
1624 3.18534
1625 3.18324
1626 3.18111
1627 3.179
1628 3.17687
1629 3.17476
1630 3.17262
1631 3.17051
1632 3.16837
1633 3.16625
1634 3.16412
1635 3.16198
1636 3.15984
1637 3.15773
1638 3.15557
1639 3.15345
1640 3.15129
1641 3.14916
1642 3.14701
1643 3.14486
1644 3.14272
1645 3.14057
1646 3.13842
1647 3.13627
1648 3.13411
1649 3.13198
1650 3.12983
1651 3.12767
1652 3.12552
1653 3.12335
1654 3.1212
1655 3.11903
1656 3.11686
1657 3.11471
1658 3.11255
1659 3.11037
1660 3.10821
1661 3.10605
1662 3.10388
1663 3.10171
1664 3.09952
1665 3.09734
1666 3.0952
1667 3.09301
1668 3.09084
1669 3.08864
1670 3.08649
1671 3.0843
1672 3.0821
1673 3.07992
1674 3.07774
1675 3.07556
1676 3.07338
1677 3.07117
1678 3.06897
1679 3.06677
1680 3.0646
1681 3.0624
1682 3.0602
1683 3.05801
1684 3.05581
1685 3.05361
1686 3.05143
1687 3.04922
1688 3.04702
1689 3.04481
1690 3.04263
1691 3.04042
1692 3.03821
1693 3.03601
1694 3.03378
1695 3.03159
1696 3.02938
1697 3.02717
1698 3.02496
1699 3.02273
1700 3.02052
1701 3.01833
1702 3.01608
1703 3.01388
1704 3.01166
1705 3.00944
1706 3.00722
1707 3.005
1708 3.00278
1709 3.00056
1710 2.99834
1711 2.99611
1712 2.99388
1713 2.99165
1714 2.98944
1715 2.98719
1716 2.98497
1717 2.98274
1718 2.98051
1719 2.97828
1720 2.97604
1721 2.97382
1722 2.97159
1723 2.96934
1724 2.96712
1725 2.96488
1726 2.96264
1727 2.9604
1728 2.95816
1729 2.95592
1730 2.95367
1731 2.95144
1732 2.9492
1733 2.94696
1734 2.9447
1735 2.94248
1736 2.94024
1737 2.93797
1738 2.93573
1739 2.93348
1740 2.93122
1741 2.92897
1742 2.92672
1743 2.9245
1744 2.92223
1745 2.91997
1746 2.91773
1747 2.91546
1748 2.91322
1749 2.91096
1750 2.90871
1751 2.90645
1752 2.90421
1753 2.90194
1754 2.89968
1755 2.89742
1756 2.89518
1757 2.89292
1758 2.89065
1759 2.88839
1760 2.88613
1761 2.88386
1762 2.88161
1763 2.87936
1764 2.87708
1765 2.87481
1766 2.87254
1767 2.87029
1768 2.86802
1769 2.86575
1770 2.86349
1771 2.86123
1772 2.85894
1773 2.85668
1774 2.8544
1775 2.85215
1776 2.84989
1777 2.84761
1778 2.84533
1779 2.84307
1780 2.8408
1781 2.83852
1782 2.83626
1783 2.83399
1784 2.83172
1785 2.82944
1786 2.82716
1787 2.82489
1788 2.82261
1789 2.82034
1790 2.81808
1791 2.81581
1792 2.81351
1793 2.81123
1794 2.80897
1795 2.80668
1796 2.80441
1797 2.80214
1798 2.79985
1799 2.7976
1800 2.7953
1801 2.79302
1802 2.79074
1803 2.78847
1804 2.78621
1805 2.78391
1806 2.78163
1807 2.77935
1808 2.77708
1809 2.77479
1810 2.77253
1811 2.77025
1812 2.76795
1813 2.76568
1814 2.76339
1815 2.76113
1816 2.75883
1817 2.75655
1818 2.75427
1819 2.75199
1820 2.74972
1821 2.74742
1822 2.74515
1823 2.74288
1824 2.74058
1825 2.73829
1826 2.73601
1827 2.73373
1828 2.73145
1829 2.72916
1830 2.72689
1831 2.72461
1832 2.72231
1833 2.72004
1834 2.71776
1835 2.71548
1836 2.71319
1837 2.71089
1838 2.70861
1839 2.70633
1840 2.70406
1841 2.70177
1842 2.69949
1843 2.6972
1844 2.69492
1845 2.69264
1846 2.69035
1847 2.68807
1848 2.68581
1849 2.68351
1850 2.68124
1851 2.67895
1852 2.67666
1853 2.67439
1854 2.67209
1855 2.66982
1856 2.66752
1857 2.66525
1858 2.66296
1859 2.66069
1860 2.65841
1861 2.65611
1862 2.65383
1863 2.65157
1864 2.64928
1865 2.64699
1866 2.64471
1867 2.64243
1868 2.64016
1869 2.63788
1870 2.6356
1871 2.63332
1872 2.63105
1873 2.62876
1874 2.62649
1875 2.62421
1876 2.62192
1877 2.61964
1878 2.61736
1879 2.61508
1880 2.61281
1881 2.61054
1882 2.60825
1883 2.60597
1884 2.60371
1885 2.60142
1886 2.59915
1887 2.59688
1888 2.5946
1889 2.59232
1890 2.59005
1891 2.58778
1892 2.5855
1893 2.58322
1894 2.58094
1895 2.57868
1896 2.5764
1897 2.57412
1898 2.57185
1899 2.5696
1900 2.56731
1901 2.56504
1902 2.56278
1903 2.5605
1904 2.55824
1905 2.55596
1906 2.55369
1907 2.55142
1908 2.54917
1909 2.54689
1910 2.54463
1911 2.54235
1912 2.5401
1913 2.53782
1914 2.53557
1915 2.53329
1916 2.53103
1917 2.52877
1918 2.52649
1919 2.52424
1920 2.52198
1921 2.51972
1922 2.51745
1923 2.51519
1924 2.51292
1925 2.51065
1926 2.50841
1927 2.50616
1928 2.5039
1929 2.50163
1930 2.49939
1931 2.49711
1932 2.49487
1933 2.4926
1934 2.49035
1935 2.48809
1936 2.48584
1937 2.48358
1938 2.48133
1939 2.47909
1940 2.47683
1941 2.47458
1942 2.47233
1943 2.47006
1944 2.46783
1945 2.4656
1946 2.46334
1947 2.4611
1948 2.45883
1949 2.45659
1950 2.45435
1951 2.4521
1952 2.44985
1953 2.44762
1954 2.44537
1955 2.44313
1956 2.44089
1957 2.43865
1958 2.43642
1959 2.43416
1960 2.43194
1961 2.42969
1962 2.42746
1963 2.42522
1964 2.42298
1965 2.42075
1966 2.41851
1967 2.41628
1968 2.41405
1969 2.41181
1970 2.4096
1971 2.40735
1972 2.40512
1973 2.40289
1974 2.40066
1975 2.39843
1976 2.39621
1977 2.39399
1978 2.39176
1979 2.38954
1980 2.38731
1981 2.38509
1982 2.38287
1983 2.38065
1984 2.37842
1985 2.3762
1986 2.374
1987 2.37175
1988 2.36954
1989 2.36733
1990 2.36512
1991 2.3629
1992 2.36068
1993 2.35847
1994 2.35627
1995 2.35406
1996 2.35185
1997 2.34963
1998 2.34742
1999 2.3452
2000 2.34301
2001 2.3408
2002 2.33858
2003 2.33641
2004 2.33417
2005 2.33198
2006 2.32979
2007 2.32759
2008 2.32537
2009 2.32319
2010 2.32099
2011 2.31879
2012 2.31659
2013 2.31439
2014 2.3122
2015 2.31002
2016 2.30782
2017 2.30561
2018 2.30344
2019 2.30123
2020 2.29905
2021 2.29688
2022 2.29467
2023 2.29249
2024 2.2903
2025 2.28813
2026 2.28595
2027 2.28375
2028 2.28159
2029 2.27941
2030 2.27721
2031 2.27506
2032 2.27287
2033 2.27069
2034 2.26851
2035 2.26635
2036 2.26417
2037 2.26201
2038 2.25983
2039 2.25765
2040 2.25548
2041 2.25333
2042 2.25116
2043 2.249
2044 2.24682
2045 2.24468
2046 2.2425
2047 2.24033
2048 2.23818
2049 2.23602
2050 2.23386
2051 2.23171
2052 2.22956
2053 2.2274
2054 2.22525
2055 2.22309
2056 2.22095
2057 2.21878
2058 2.21663
2059 2.2145
2060 2.21233
2061 2.2102
2062 2.20804
2063 2.20591
2064 2.20376
2065 2.20162
2066 2.19948
2067 2.19735
2068 2.19521
2069 2.19308
2070 2.19094
2071 2.1888
2072 2.18666
2073 2.18454
2074 2.18241
2075 2.18027
2076 2.17814
2077 2.176
2078 2.17389
2079 2.17176
2080 2.16964
2081 2.16752
2082 2.16538
2083 2.16326
2084 2.16115
2085 2.15905
2086 2.15692
2087 2.1548
2088 2.15268
2089 2.15058
2090 2.14846
2091 2.14635
2092 2.14426
2093 2.14213
2094 2.14002
2095 2.13792
2096 2.13582
2097 2.13371
2098 2.1316
2099 2.12951
2100 2.12741
2101 2.12532
2102 2.12322
2103 2.12111
2104 2.11903
2105 2.11691
2106 2.11483
2107 2.11275
2108 2.11065
2109 2.10856
2110 2.10647
2111 2.10438
2112 2.10229
2113 2.10022
2114 2.09815
2115 2.09605
2116 2.09397
2117 2.0919
2118 2.08981
2119 2.08776
2120 2.08567
2121 2.08359
2122 2.08153
2123 2.07947
2124 2.07737
2125 2.0753
2126 2.07326
2127 2.07118
2128 2.06911
2129 2.06705
2130 2.065
2131 2.06293
2132 2.06088
2133 2.05881
2134 2.05676
2135 2.05471
2136 2.05263
2137 2.05058
2138 2.04854
2139 2.04648
2140 2.04444
2141 2.04238
2142 2.04036
2143 2.03831
2144 2.03625
2145 2.03422
2146 2.03218
2147 2.03014
2148 2.0281
2149 2.02606
2150 2.02403
2151 2.022
2152 2.01996
2153 2.01793
2154 2.0159
2155 2.01387
2156 2.01184
2157 2.00982
2158 2.00778
2159 2.00577
2160 2.00374
2161 2.00174
2162 1.99972
2163 1.99768
2164 1.99567
2165 1.99366
2166 1.99165
2167 1.98963
2168 1.98762
2169 1.98561
2170 1.98361
2171 1.9816
2172 1.97959
2173 1.97759
2174 1.97558
2175 1.9736
2176 1.9716
2177 1.96959
2178 1.96759
2179 1.9656
2180 1.9636
2181 1.96161
2182 1.95962
2183 1.95763
2184 1.95564
2185 1.95367
2186 1.95167
2187 1.9497
2188 1.9477
2189 1.94572
2190 1.94375
2191 1.94177
2192 1.9398
2193 1.93781
2194 1.93584
2195 1.93387
2196 1.93189
2197 1.92993
2198 1.92795
2199 1.926
2200 1.92402
2201 1.92207
2202 1.9201
2203 1.91813
2204 1.91618
2205 1.91423
2206 1.91226
2207 1.91031
2208 1.90836
2209 1.90641
2210 1.90444
2211 1.90251
2212 1.90056
2213 1.89862
2214 1.89666
2215 1.89472
2216 1.89279
2217 1.89083
2218 1.8889
2219 1.88696
2220 1.88502
2221 1.88309
2222 1.88115
2223 1.87924
2224 1.8773
2225 1.87536
2226 1.87345
2227 1.87152
2228 1.86959
2229 1.86766
2230 1.86575
2231 1.86384
2232 1.86191
2233 1.85999
2234 1.85809
2235 1.85617
2236 1.85424
2237 1.85235
2238 1.85043
2239 1.84852
2240 1.84662
2241 1.84471
2242 1.84281
2243 1.84091
2244 1.839
2245 1.83711
2246 1.83521
2247 1.83331
2248 1.83142
2249 1.82953
2250 1.82763
2251 1.82575
2252 1.82386
2253 1.82197
2254 1.82009
2255 1.8182
2256 1.81632
2257 1.81444
2258 1.81256
2259 1.81067
2260 1.80879
2261 1.80694
2262 1.80506
2263 1.80317
2264 1.80132
2265 1.79944
2266 1.79758
2267 1.7957
2268 1.79384
2269 1.79199
2270 1.79013
2271 1.78827
2272 1.78641
2273 1.78456
2274 1.7827
2275 1.78084
2276 1.77899
2277 1.77713
2278 1.7753
2279 1.77343
2280 1.77161
2281 1.76975
2282 1.76792
2283 1.76607
2284 1.76423
2285 1.76238
2286 1.76055
2287 1.75873
2288 1.75688
2289 1.75505
2290 1.75323
2291 1.7514
2292 1.74957
2293 1.74774
2294 1.74591
2295 1.7441
2296 1.74227
2297 1.74046
2298 1.73864
2299 1.73682
2300 1.73501
2301 1.73318
2302 1.73138
2303 1.72957
2304 1.72774
2305 1.72596
2306 1.72414
2307 1.72235
2308 1.72054
2309 1.71873
2310 1.71694
2311 1.71514
2312 1.71335
2313 1.71156
2314 1.70975
2315 1.70796
2316 1.70618
2317 1.7044
2318 1.7026
2319 1.70081
2320 1.69903
2321 1.69723
2322 1.69546
2323 1.69368
2324 1.6919
2325 1.69012
2326 1.68836
2327 1.68659
2328 1.6848
2329 1.68304
2330 1.68127
2331 1.6795
2332 1.67774
2333 1.67599
2334 1.67422
2335 1.67246
2336 1.6707
2337 1.66894
2338 1.66718
2339 1.66543
2340 1.66366
2341 1.66193
2342 1.66017
2343 1.65843
2344 1.65668
2345 1.65493
2346 1.65319
2347 1.65145
2348 1.64971
2349 1.64797
2350 1.64623
2351 1.64449
2352 1.64276
2353 1.64103
2354 1.6393
2355 1.63757
2356 1.63584
2357 1.63412
2358 1.63238
2359 1.63066
2360 1.62895
2361 1.62723
2362 1.62551
2363 1.62378
2364 1.62208
2365 1.62035
2366 1.61866
2367 1.61694
2368 1.61523
2369 1.61352
2370 1.61181
2371 1.6101
2372 1.60841
2373 1.6067
2374 1.60501
2375 1.6033
2376 1.60161
2377 1.59992
2378 1.59823
2379 1.59653
2380 1.59484
2381 1.59314
2382 1.59146
2383 1.58978
2384 1.58809
2385 1.58641
2386 1.58473
2387 1.58306
2388 1.58139
2389 1.5797
2390 1.57803
2391 1.57635
2392 1.57468
2393 1.57301
2394 1.57134
2395 1.56967
2396 1.56802
2397 1.56634
2398 1.56469
2399 1.56302
2400 1.56137
2401 1.5597
2402 1.55805
2403 1.55639
2404 1.55473
2405 1.5531
2406 1.55144
2407 1.54979
2408 1.54815
2409 1.5465
2410 1.54486
2411 1.54322
2412 1.54158
2413 1.53994
2414 1.5383
2415 1.53666
2416 1.53503
2417 1.5334
2418 1.53177
2419 1.53013
2420 1.52851
2421 1.52688
2422 1.52526
2423 1.52363
2424 1.52201
2425 1.52039
2426 1.51879
2427 1.51716
2428 1.51554
2429 1.51394
2430 1.51232
2431 1.5107
2432 1.50909
2433 1.50749
2434 1.50588
2435 1.50428
2436 1.50268
2437 1.50108
2438 1.49947
2439 1.49788
2440 1.49628
2441 1.49469
2442 1.49309
2443 1.49149
2444 1.48991
2445 1.48831
2446 1.48673
2447 1.48514
2448 1.48356
2449 1.48197
2450 1.48041
2451 1.47882
2452 1.47723
2453 1.47567
2454 1.47408
2455 1.47252
2456 1.47095
2457 1.46937
2458 1.4678
2459 1.46623
2460 1.46467
2461 1.46311
2462 1.46155
2463 1.45998
2464 1.45842
2465 1.45687
2466 1.45531
2467 1.45375
2468 1.4522
2469 1.45065
2470 1.44909
2471 1.44755
2472 1.446
2473 1.44447
2474 1.44291
2475 1.44137
2476 1.43984
2477 1.43829
2478 1.43676
2479 1.43521
2480 1.43368
2481 1.43215
2482 1.43061
2483 1.42908
2484 1.42756
2485 1.42603
2486 1.4245
2487 1.42299
2488 1.42145
2489 1.41993
2490 1.41842
2491 1.4169
2492 1.41539
2493 1.41387
2494 1.41236
2495 1.41084
2496 1.40933
2497 1.40782
2498 1.40631
2499 1.40482
2500 1.4033
2501 1.4018
2502 1.40029
2503 1.39881
2504 1.3973
2505 1.3958
2506 1.39431
2507 1.39281
2508 1.39132
2509 1.38983
2510 1.38835
2511 1.38685
2512 1.38537
2513 1.38388
2514 1.3824
2515 1.38093
2516 1.37944
2517 1.37797
2518 1.37648
2519 1.37501
2520 1.37353
2521 1.37206
2522 1.37059
2523 1.36911
2524 1.36764
2525 1.36617
2526 1.36469
2527 1.36322
2528 1.36175
2529 1.36027
2530 1.3588
2531 1.35733
2532 1.35585
2533 1.35438
2534 1.35291
2535 1.35143
2536 1.34996
2537 1.34849
2538 1.34702
2539 1.34554
2540 1.34407
2541 1.3426
2542 1.34113
2543 1.33965
2544 1.33818
2545 1.33671
2546 1.33524
2547 1.33376
2548 1.33229
2549 1.33082
2550 1.32935
2551 1.32788
2552 1.3264
2553 1.32493
2554 1.32346
2555 1.32199
2556 1.32052
2557 1.31905
2558 1.31757
2559 1.3161
2560 1.31463
2561 1.31316
2562 1.31169
2563 1.31022
2564 1.30875
2565 1.30727
2566 1.3058
2567 1.30433
2568 1.30286
2569 1.30139
2570 1.29992
2571 1.29845
2572 1.29698
2573 1.29551
2574 1.29404
2575 1.29257
2576 1.2911
2577 1.28963
2578 1.28816
2579 1.28669
2580 1.28522
2581 1.28375
2582 1.28228
2583 1.28081
2584 1.27934
2585 1.27787
2586 1.2764
2587 1.27493
2588 1.27346
2589 1.27199
2590 1.27052
2591 1.26905
2592 1.26758
2593 1.26611
2594 1.26464
2595 1.26317
2596 1.2617
2597 1.26023
2598 1.25877
2599 1.2573
2600 1.25583
2601 1.25436
2602 1.25289
2603 1.25142
2604 1.24995
2605 1.24848
2606 1.24702
2607 1.24555
2608 1.24408
2609 1.24261
2610 1.24114
2611 1.23968
2612 1.23821
2613 1.23674
2614 1.23527
2615 1.2338
2616 1.23234
2617 1.23087
2618 1.2294
2619 1.22793
2620 1.22646
2621 1.225
2622 1.22353
2623 1.22206
2624 1.2206
2625 1.21913
2626 1.21766
2627 1.21619
2628 1.21473
2629 1.21326
2630 1.21179
2631 1.21033
2632 1.20886
2633 1.20739
2634 1.20593
2635 1.20446
2636 1.20299
2637 1.20153
2638 1.20006
2639 1.19859
2640 1.19713
2641 1.19566
2642 1.1942
2643 1.19273
2644 1.19126
2645 1.1898
2646 1.18833
2647 1.18687
2648 1.1854
2649 1.18393
2650 1.18247
2651 1.181
2652 1.17954
2653 1.17807
2654 1.17661
2655 1.17514
2656 1.17368
2657 1.17221
2658 1.17075
2659 1.16928
2660 1.16782
2661 1.16635
2662 1.16489
2663 1.16342
2664 1.16196
2665 1.16049
2666 1.15903
2667 1.15756
2668 1.1561
2669 1.15463
2670 1.15317
2671 1.15171
2672 1.15024
2673 1.14878
2674 1.14731
2675 1.14585
2676 1.14438
2677 1.14292
2678 1.14146
2679 1.13999
2680 1.13853
2681 1.13707
2682 1.1356
2683 1.13414
2684 1.13268
2685 1.13121
2686 1.12975
2687 1.12829
2688 1.12682
2689 1.12536
2690 1.1239
2691 1.12243
2692 1.12097
2693 1.11951
2694 1.11804
2695 1.11658
2696 1.11512
2697 1.11366
2698 1.11219
2699 1.11073
2700 1.10927
2701 1.10781
2702 1.10634
2703 1.10488
2704 1.10342
2705 1.10196
2706 1.1005
2707 1.09903
2708 1.09757
2709 1.09611
2710 1.09465
2711 1.09319
2712 1.09172
2713 1.09026
2714 1.0888
2715 1.08734
2716 1.08588
2717 1.08442
2718 1.08296
2719 1.08149
2720 1.08003
2721 1.07857
2722 1.07711
2723 1.07565
2724 1.07419
2725 1.07273
2726 1.07127
2727 1.06981
2728 1.06835
2729 1.06689
2730 1.06543
2731 1.06397
2732 1.06251
2733 1.06104
2734 1.05958
2735 1.05812
2736 1.05666
2737 1.0552
2738 1.05374
2739 1.05228
2740 1.05082
2741 1.04936
2742 1.0479
2743 1.04645
2744 1.04499
2745 1.04353
2746 1.04207
2747 1.04061
2748 1.03915
2749 1.03769
2750 1.03623
2751 1.03477
2752 1.03331
2753 1.03185
2754 1.03039
2755 1.02893
2756 1.02748
2757 1.02602
2758 1.02456
2759 1.0231
2760 1.02164
2761 1.02018
2762 1.01872
2763 1.01726
2764 1.01581
2765 1.01435
2766 1.01289
2767 1.01143
2768 1.00997
2769 1.00852
2770 1.00706
2771 1.0056
2772 1.00414
2773 1.00268
2774 1.00123
2775 0.999769
2776 0.998312
2777 0.996854
2778 0.995397
2779 0.993939
2780 0.992482
2781 0.991025
2782 0.989567
2783 0.98811
2784 0.986653
2785 0.985196
2786 0.983739
2787 0.982283
2788 0.980826
2789 0.979369
2790 0.977912
2791 0.976456
2792 0.974999
2793 0.973543
2794 0.972086
2795 0.97063
2796 0.969174
2797 0.967717
2798 0.966261
2799 0.964805
2800 0.963349
2801 0.961893
2802 0.960437
2803 0.958981
2804 0.957526
2805 0.95607
2806 0.954614
2807 0.953159
2808 0.951703
2809 0.950248
2810 0.948792
2811 0.947337
2812 0.945882
2813 0.944426
2814 0.942971
2815 0.941516
2816 0.940061
2817 0.938606
2818 0.937151
2819 0.935696
2820 0.934242
2821 0.932787
2822 0.931332
2823 0.929878
2824 0.928423
2825 0.926969
2826 0.925515
2827 0.92406
2828 0.922606
2829 0.921152
2830 0.919698
2831 0.918244
2832 0.91679
2833 0.915336
2834 0.913882
2835 0.912428
2836 0.910974
2837 0.909521
2838 0.908067
2839 0.906613
2840 0.90516
2841 0.903707
2842 0.902253
2843 0.9008
2844 0.899347
2845 0.897893
2846 0.89644
2847 0.894987
2848 0.893534
2849 0.892081
2850 0.890629
2851 0.889176
2852 0.887723
2853 0.88627
2854 0.884818
2855 0.883365
2856 0.881913
2857 0.88046
2858 0.879008
2859 0.877556
2860 0.876104
2861 0.874651
2862 0.873199
2863 0.871747
2864 0.870295
2865 0.868844
2866 0.867392
2867 0.86594
2868 0.864488
2869 0.863037
2870 0.861585
2871 0.860134
2872 0.858682
2873 0.857231
2874 0.855779
2875 0.854328
2876 0.852877
2877 0.851426
2878 0.849975
2879 0.848524
2880 0.847073
2881 0.845622
2882 0.844171
2883 0.84272
2884 0.84127
2885 0.839819
2886 0.838369
2887 0.836918
2888 0.835468
2889 0.834017
2890 0.832567
2891 0.831117
2892 0.829667
2893 0.828217
2894 0.826766
2895 0.825317
2896 0.823867
2897 0.822417
2898 0.820967
2899 0.819517
2900 0.818068
2901 0.816618
2902 0.815168
2903 0.813719
2904 0.81227
2905 0.81082
2906 0.809371
2907 0.807922
2908 0.806473
2909 0.805024
2910 0.803575
2911 0.802126
2912 0.800677
2913 0.799228
2914 0.797779
2915 0.79633
2916 0.794882
2917 0.793433
2918 0.791985
2919 0.790536
2920 0.789088
2921 0.787639
2922 0.786191
2923 0.784743
2924 0.783295
2925 0.781847
2926 0.780399
2927 0.778951
2928 0.777503
2929 0.776055
2930 0.774607
2931 0.77316
2932 0.771712
2933 0.770265
2934 0.768817
2935 0.76737
2936 0.765922
2937 0.764475
2938 0.763028
2939 0.761581
2940 0.760134
2941 0.758686
2942 0.75724
2943 0.755793
2944 0.754346
2945 0.752899
2946 0.751452
2947 0.750006
2948 0.748559
2949 0.747112
2950 0.745666
2951 0.74422
2952 0.742773
2953 0.741327
2954 0.739881
2955 0.738435
2956 0.736988
2957 0.735542
2958 0.734096
2959 0.732651
2960 0.731205
2961 0.729759
2962 0.728313
2963 0.726868
2964 0.725422
2965 0.723976
2966 0.722531
2967 0.721086
2968 0.71964
2969 0.718195
2970 0.71675
2971 0.715305
2972 0.71386
2973 0.712415
2974 0.71097
2975 0.709525
2976 0.70808
2977 0.706635
2978 0.705191
2979 0.703746
2980 0.702301
2981 0.700857
2982 0.699412
2983 0.697968
2984 0.696524
2985 0.69508
2986 0.693635
2987 0.692191
2988 0.690747
2989 0.689303
2990 0.687859
2991 0.686415
2992 0.684972
2993 0.683528
2994 0.682084
2995 0.680641
2996 0.679197
2997 0.677754
2998 0.67631
2999 0.674867
3000 0.673424
3001 0.67198
3002 0.670537
3003 0.669094
3004 0.667651
3005 0.666208
3006 0.664765
3007 0.663322
3008 0.66188
3009 0.660437
3010 0.658994
3011 0.657552
3012 0.656109
3013 0.654667
3014 0.653224
3015 0.651782
3016 0.65034
3017 0.648897
3018 0.647455
3019 0.646013
3020 0.644571
3021 0.643129
3022 0.641687
3023 0.640245
3024 0.638804
3025 0.637362
3026 0.63592
3027 0.634479
3028 0.633037
3029 0.631596
3030 0.630154
3031 0.628713
3032 0.627272
3033 0.625831
3034 0.62439
3035 0.622949
3036 0.621508
3037 0.620067
3038 0.618626
3039 0.617185
3040 0.615744
3041 0.614303
3042 0.612863
3043 0.611422
3044 0.609982
3045 0.608541
3046 0.607101
3047 0.605661
3048 0.60422
3049 0.60278
3050 0.60134
3051 0.5999
3052 0.59846
3053 0.59702
3054 0.59558
3055 0.594141
3056 0.592701
3057 0.591261
3058 0.589822
3059 0.588382
3060 0.586943
3061 0.585503
3062 0.584064
3063 0.582625
3064 0.581185
3065 0.579746
3066 0.578307
3067 0.576868
3068 0.575429
3069 0.57399
3070 0.572551
3071 0.571113
3072 0.569674
3073 0.568235
3074 0.566797
3075 0.565358
3076 0.56392
3077 0.562481
3078 0.561043
3079 0.559605
3080 0.558167
3081 0.556728
3082 0.55529
3083 0.553852
3084 0.552414
3085 0.550977
3086 0.549539
3087 0.548101
3088 0.546663
3089 0.545226
3090 0.543788
3091 0.542351
3092 0.540913
3093 0.539476
3094 0.538038
3095 0.536601
3096 0.535164
3097 0.533727
3098 0.53229
3099 0.530853
3100 0.529416
3101 0.527979
3102 0.526542
3103 0.525105
3104 0.523669
3105 0.522232
3106 0.520796
3107 0.519359
3108 0.517923
3109 0.516486
3110 0.51505
3111 0.513614
3112 0.512178
3113 0.510742
3114 0.509306
3115 0.50787
3116 0.506434
3117 0.504998
3118 0.503562
3119 0.502126
3120 0.500691
3121 0.499255
3122 0.49782
3123 0.496384
3124 0.494949
3125 0.493513
3126 0.492078
3127 0.490643
3128 0.489208
3129 0.487773
3130 0.486338
3131 0.484903
3132 0.483468
3133 0.482033
3134 0.480598
3135 0.479163
3136 0.477729
3137 0.476294
3138 0.47486
3139 0.473425
3140 0.471991
3141 0.470557
3142 0.469122
3143 0.467688
3144 0.466254
3145 0.46482
3146 0.463386
3147 0.461952
3148 0.460518
3149 0.459084
3150 0.45765
3151 0.456217
3152 0.454783
3153 0.45335
3154 0.451916
3155 0.450483
3156 0.449049
3157 0.447616
3158 0.446183
3159 0.44475
3160 0.443316
3161 0.441883
3162 0.44045
3163 0.439017
3164 0.437585
3165 0.436152
3166 0.434719
3167 0.433286
3168 0.431854
3169 0.430421
3170 0.428989
3171 0.427556
3172 0.426124
3173 0.424692
3174 0.423259
3175 0.421827
3176 0.420395
3177 0.418963
3178 0.417531
3179 0.416099
3180 0.414667
3181 0.413236
3182 0.411804
3183 0.410372
3184 0.408941
3185 0.407509
3186 0.406078
3187 0.404646
3188 0.403215
3189 0.401784
3190 0.400352
3191 0.398921
3192 0.39749
3193 0.396059
3194 0.394628
3195 0.393197
3196 0.391766
3197 0.390336
3198 0.388905
3199 0.387474
3200 0.386044
3201 0.384613
3202 0.383183
3203 0.381752
3204 0.380322
3205 0.378892
3206 0.377462
3207 0.376032
3208 0.374601
3209 0.373171
3210 0.371741
3211 0.370312
3212 0.368882
3213 0.367452
3214 0.366022
3215 0.364593
3216 0.363163
3217 0.361734
3218 0.360304
3219 0.358875
3220 0.357446
3221 0.356016
3222 0.354587
3223 0.353158
3224 0.351729
3225 0.3503
3226 0.348871
3227 0.347442
3228 0.346013
3229 0.344585
3230 0.343156
3231 0.341727
3232 0.340299
3233 0.33887
3234 0.337442
3235 0.336014
3236 0.334585
3237 0.333157
3238 0.331729
3239 0.330301
3240 0.328873
3241 0.327445
3242 0.326017
3243 0.324589
3244 0.323161
3245 0.321733
3246 0.320306
3247 0.318878
3248 0.317451
3249 0.316023
3250 0.314596
3251 0.313168
3252 0.311741
3253 0.310314
3254 0.308887
3255 0.30746
3256 0.306033
3257 0.304606
3258 0.303179
3259 0.301752
3260 0.300325
3261 0.298898
3262 0.297472
3263 0.296045
3264 0.294619
3265 0.293192
3266 0.291766
3267 0.29034
3268 0.288913
3269 0.287487
3270 0.286061
3271 0.284635
3272 0.283209
3273 0.281783
3274 0.280357
3275 0.278931
3276 0.277505
3277 0.27608
3278 0.274654
3279 0.273229
3280 0.271803
3281 0.270378
3282 0.268952
3283 0.267527
3284 0.266102
3285 0.264676
3286 0.263251
3287 0.261826
3288 0.260401
3289 0.258976
3290 0.257551
3291 0.256127
3292 0.254702
3293 0.253277
3294 0.251853
3295 0.250428
3296 0.249004
3297 0.247579
3298 0.246155
3299 0.24473
3300 0.243306
3301 0.241882
3302 0.240458
3303 0.239034
3304 0.23761
3305 0.236186
3306 0.234762
3307 0.233338
3308 0.231915
3309 0.230491
3310 0.229067
3311 0.227644
3312 0.22622
3313 0.224797
3314 0.223374
3315 0.22195
3316 0.220527
3317 0.219104
3318 0.217681
3319 0.216258
3320 0.214835
3321 0.213412
3322 0.211989
3323 0.210566
3324 0.209144
3325 0.207721
3326 0.206298
3327 0.204876
3328 0.203453
3329 0.202031
3330 0.200609
3331 0.199186
3332 0.197764
3333 0.196342
3334 0.19492
3335 0.193498
3336 0.192076
3337 0.190654
3338 0.189232
3339 0.18781
3340 0.186389
3341 0.184967
3342 0.183545
3343 0.182124
3344 0.180703
3345 0.179281
3346 0.17786
3347 0.176439
3348 0.175017
3349 0.173596
3350 0.172175
3351 0.170754
3352 0.169333
3353 0.167912
3354 0.166491
3355 0.165071
3356 0.16365
3357 0.162229
3358 0.160809
3359 0.159388
3360 0.157968
3361 0.156548
3362 0.155127
3363 0.153707
3364 0.152287
3365 0.150867
3366 0.149447
3367 0.148027
3368 0.146607
3369 0.145187
3370 0.143767
3371 0.142347
3372 0.140928
3373 0.139508
3374 0.138088
3375 0.136669
3376 0.13525
3377 0.13383
3378 0.132411
3379 0.130992
3380 0.129572
3381 0.128153
3382 0.126734
3383 0.125315
3384 0.123896
3385 0.122478
3386 0.121059
3387 0.11964
3388 0.118221
3389 0.116803
3390 0.115384
3391 0.113966
3392 0.112547
3393 0.111129
3394 0.109711
3395 0.108292
3396 0.106874
3397 0.105456
3398 0.104038
3399 0.10262
3400 0.101202
3401 0.0997845
3402 0.0983667
3403 0.096949
3404 0.0955313
3405 0.0941138
3406 0.0926962
3407 0.0912788
3408 0.0898614
3409 0.088444
3410 0.0870268
3411 0.0856095
3412 0.0841924
3413 0.0827753
3414 0.0813583
3415 0.0799413
3416 0.0785244
3417 0.0771076
3418 0.0756908
3419 0.0742741
3420 0.0728575
3421 0.0714409
3422 0.0700244
3423 0.068608
3424 0.0671916
3425 0.0657752
3426 0.064359
3427 0.0629428
3428 0.0615267
3429 0.0601106
3430 0.0586946
3431 0.0572786
3432 0.0558627
3433 0.0544469
3434 0.0530312
3435 0.0516155
3436 0.0501999
3437 0.0487843
3438 0.0473688
3439 0.0459533
3440 0.044538
3441 0.0431227
3442 0.0417074
3443 0.0402922
3444 0.0388771
3445 0.037462
3446 0.036047
3447 0.0346321
3448 0.0332172
3449 0.0318024
3450 0.0303877
3451 0.028973
3452 0.0275584
3453 0.0261438
3454 0.0247293
3455 0.0233149
3456 0.0219006
3457 0.0204863
3458 0.019072
3459 0.0176578
3460 0.0162437
3461 0.0148297
3462 0.0134157
3463 0.0120018
3464 0.0105879
3465 0.00917412
3466 0.00776039
3467 0.00634672
3468 0.00493311
3469 0.00351957
3470 0.00210609
3471 0.000692676
3472 0
3473 0
3474 0
3475 0
3476 0
3477 0
3478 0
3479 0
3480 0
3481 0
3482 0
3483 0
3484 0
3485 0
3486 0
3487 0
3488 0
3489 0
3490 0
3491 0
3492 0
3493 0
3494 0
3495 0
3496 0
3497 0
3498 0
3499 0
3500 0
3501 0
3502 0
3503 0
3504 0
3505 0
3506 0
3507 0
3508 0
3509 0
3510 0
3511 0
3512 0
3513 0
3514 0
3515 0
3516 0
3517 0
3518 0
3519 0
3520 0
3521 0
3522 0
3523 0
3524 0
3525 0
3526 0
3527 0
3528 0
3529 0
3530 0
3531 0
3532 0
3533 0
3534 0
3535 0
3536 0
3537 0
3538 0
3539 0
3540 0
3541 0
3542 0
3543 0
3544 0
3545 0
3546 0
3547 0
3548 0
3549 0
3550 0
3551 0
3552 0
3553 0
3554 0
3555 0
3556 0
3557 0
3558 0
3559 0
3560 0
3561 0
3562 0
3563 0
3564 0
3565 0
3566 0
3567 0
3568 0
3569 0
3570 0
3571 0
3572 0
3573 0
3574 0
3575 0
3576 0
3577 0
3578 0
3579 0
3580 0
3581 0
3582 0
3583 0
3584 0
3585 0
3586 0
3587 0
3588 0
3589 0
3590 0
3591 0
3592 0
3593 0
3594 0
3595 0
3596 0
3597 0
3598 0
3599 0
3600 0
3601 0
3602 0
3603 0
3604 0
3605 0
3606 0
3607 0
3608 0
3609 0
3610 0
3611 0
3612 0
3613 0
3614 0
3615 0
3616 0
3617 0
3618 0
3619 0
3620 0
3621 0
3622 0
3623 0
3624 0
3625 0
3626 0
3627 0
3628 0
3629 0
3630 0
3631 0
3632 0
3633 0
3634 0
3635 0
3636 0
3637 0
3638 0
3639 0
3640 0
3641 0
3642 0
3643 0
3644 0
3645 0
3646 0
3647 0
3648 0
3649 0
3650 0
3651 0
3652 0
3653 0
3654 0
3655 0
3656 0
3657 0
3658 0
3659 0
3660 0
3661 0
3662 0
3663 0
3664 0
3665 0
3666 0
3667 0
3668 0
3669 0
3670 0
3671 0
3672 0
3673 0
3674 0
3675 0
3676 0
3677 0
3678 0
3679 0
3680 0
3681 0
3682 0
3683 0
3684 0
3685 0
3686 0
3687 0
3688 0
3689 0
3690 0
3691 0
3692 0
3693 0
3694 0
3695 0
3696 0
3697 0
3698 0
3699 0
3700 0
3701 0
3702 0
3703 0
3704 0
3705 0
3706 0
3707 0
3708 0
3709 0
3710 0
3711 0
3712 0
3713 0
3714 0
3715 0
3716 0
3717 0
3718 0
3719 0
3720 0
3721 0
3722 0
3723 0
3724 0
3725 0
3726 0
3727 0
3728 0
3729 0
3730 0
3731 0
3732 0
3733 0
3734 0
3735 0
3736 0
3737 0
3738 0
3739 0
3740 0
3741 0
3742 0
3743 0
3744 0
3745 0
3746 0
3747 0
3748 0
3749 0
3750 0
3751 0
3752 0
3753 0
3754 0
3755 0
3756 0
3757 0
3758 0
3759 0
3760 0
3761 0
3762 0
3763 0
3764 0
3765 0
3766 0
3767 0
3768 0
3769 0
3770 0
3771 0
3772 0
3773 0
3774 0
3775 0
3776 0
3777 0
3778 0
3779 0
3780 0
3781 0
3782 0
3783 0
3784 0
3785 0
3786 0
3787 0
3788 0
3789 0
3790 0
3791 0
3792 0
3793 0
3794 0
3795 0
3796 0
3797 0
3798 0
3799 0
3800 0
3801 0
3802 0
3803 0
3804 0
3805 0
3806 0
3807 0
3808 0
3809 0
3810 0
3811 0
3812 0
3813 0
3814 0
3815 0
3816 0
3817 0
3818 0
3819 0
3820 0
3821 0
3822 0
3823 0
3824 0
3825 0
3826 0
3827 0
3828 0
3829 0
3830 0
3831 0
3832 0
3833 0
3834 0
3835 0
3836 0
3837 0
3838 0
3839 0
3840 0
3841 0
3842 0
3843 0
3844 0
3845 0
3846 0
3847 0
3848 0
3849 0
3850 0
3851 0
3852 0
3853 0
3854 0
3855 0
3856 0
3857 0
3858 0
3859 0
3860 0
3861 0
3862 0
3863 0
3864 0
3865 0
3866 0
3867 0
3868 0
3869 0
3870 0
3871 0
3872 0
3873 0
3874 0
3875 0
3876 0
3877 0
3878 0
3879 0
3880 0
3881 0
3882 0
3883 0
3884 0
3885 0
3886 0
3887 0
3888 0
3889 0
3890 0
3891 0
3892 0
3893 0
3894 0
3895 0
3896 0
3897 0
3898 0
3899 0
3900 0
3901 0
3902 0
3903 0
3904 0
3905 0
3906 0
3907 0
3908 0
3909 0
3910 0
3911 0
3912 0
3913 0
3914 0
3915 0
3916 0
3917 0
3918 0
3919 0
3920 0
3921 0
3922 0
3923 0
3924 0
3925 0
3926 0
3927 0
3928 0
3929 0
3930 0
3931 0
3932 0
3933 0
3934 0
3935 0
3936 0
3937 0
3938 0
3939 0
3940 0
3941 0
3942 0
3943 0
3944 0
3945 0
3946 0
3947 0
3948 0
3949 0
3950 0
3951 0
3952 0
3953 0
3954 0
3955 0
3956 0
3957 0
3958 0
3959 0
3960 0
3961 0
3962 0
3963 0
3964 0
3965 0
3966 0
3967 0
3968 0
3969 0
3970 0
3971 0
3972 0
3973 0
3974 0
3975 0
3976 0
3977 0
3978 0
3979 0
3980 0
3981 0
3982 0
3983 0
3984 0
3985 0
3986 0
3987 0
3988 0
3989 0
3990 0
3991 0
3992 0
3993 0
3994 0
3995 0
3996 0
3997 0
3998 0
3999 0
4000 0
4001 0
4002 0
4003 0
4004 0
4005 0
4006 0
4007 0
4008 0
4009 0
4010 0
4011 0
4012 0
4013 0
4014 0
4015 0
4016 0
4017 0
4018 0
4019 0
4020 0
4021 0
4022 0
4023 0
4024 0
4025 0
4026 0
4027 0
4028 0
4029 0
4030 0
4031 0
4032 0
4033 0
4034 0
4035 0
4036 0
4037 0
4038 0
4039 0
4040 0
4041 0
4042 0
4043 0
4044 0
4045 0
4046 0
4047 0
4048 0
4049 0
4050 0
4051 0
4052 0
4053 0
4054 0
4055 0
4056 0
4057 0
4058 0
4059 0
4060 0
4061 0
4062 0
4063 0
4064 0
4065 0
4066 0
4067 0
4068 0
4069 0
4070 0
4071 0
4072 0
4073 0
4074 0
4075 0
4076 0
4077 0
4078 0
4079 0
4080 0
4081 0
4082 0
4083 0
4084 0
4085 0
4086 0
4087 0
4088 0
4089 0
4090 0
4091 0
4092 0
4093 0
4094 0
4095 0
4096 0
4097 0
4098 0
4099 0
4100 0
4101 0
4102 0
4103 0
4104 0
4105 0
4106 0
4107 0
4108 0
4109 0
4110 0
4111 0
4112 0
4113 0
4114 0
4115 0
4116 0
4117 0
4118 0
4119 0
4120 0
4121 0
4122 0
4123 0
4124 0
4125 0
4126 0
4127 0
4128 0
4129 0
4130 0
4131 0
4132 0
4133 0
4134 0
4135 0
4136 0
4137 0
4138 0
4139 0
4140 0
4141 0
4142 0
4143 0
4144 0
4145 0
4146 0
4147 0
4148 0
4149 0
4150 0
4151 0
4152 0
4153 0
4154 0
4155 0
4156 0
4157 0
4158 0
4159 0
4160 0
4161 0
4162 0
4163 0
4164 0
4165 0
4166 0
4167 0
4168 0
4169 0
4170 0
4171 0
4172 0
4173 0
4174 0
4175 0
4176 0
4177 0
4178 0
4179 0
4180 0
4181 0
4182 0
4183 0
4184 0
4185 0
4186 0
4187 0
4188 0
4189 0
4190 0
4191 0
4192 0
4193 0
4194 0
4195 0
4196 0
4197 0
4198 0
4199 0
4200 0
4201 0
4202 0
4203 0
4204 0
4205 0
4206 0
4207 0
4208 0
4209 0
4210 0
4211 0
4212 0
4213 0
4214 0
4215 0
4216 0
4217 0
4218 0
4219 0
4220 0
4221 0
4222 0
4223 0
4224 0
4225 0
4226 0
4227 0
4228 0
4229 0
4230 0
4231 0
4232 0
4233 0
4234 0
4235 0
4236 0
4237 0
4238 0
4239 0
4240 0
4241 0
4242 0
4243 0
4244 0
4245 0
4246 0
4247 0
4248 0
4249 0
4250 0
4251 0
4252 0
4253 0
4254 0
4255 0
4256 0
4257 0
4258 0
4259 0
4260 0
4261 0
4262 0
4263 0
4264 0
4265 0
4266 0
4267 0
4268 0
4269 0
4270 0
4271 0
4272 0
4273 0
4274 0
4275 0
4276 0
4277 0
4278 0
4279 0
4280 0
4281 0
4282 0
4283 0
4284 0
4285 0
4286 0
4287 0
4288 0
4289 0
4290 0
4291 0
4292 0
4293 0
4294 0
4295 0
4296 0
4297 0
4298 0
4299 0
4300 0
4301 0
4302 0
4303 0
4304 0
4305 0
4306 0
4307 0
4308 0
4309 0
4310 0
4311 0
4312 0
4313 0
4314 0
4315 0
4316 0
4317 0
4318 0
4319 0
4320 0
4321 0
4322 0
4323 0
4324 0
4325 0
4326 0
4327 0
4328 0
4329 0
4330 0
4331 0
4332 0
4333 0
4334 0
4335 0
4336 0
4337 0
4338 0
4339 0
4340 0
4341 0
4342 0
4343 0
4344 0
4345 0
4346 0
4347 0
4348 0
4349 0
4350 0
4351 0
4352 0
4353 0
4354 0
4355 0
4356 0
4357 0
4358 0
4359 0
4360 0
4361 0
4362 0
4363 0
4364 0
4365 0
4366 0
4367 0
4368 0
4369 0
4370 0
4371 0
4372 0
4373 0
4374 0
4375 0
4376 0
4377 0
4378 0
4379 0
4380 0
4381 0
4382 0
4383 0
4384 0
4385 0
4386 0
4387 0
4388 0
4389 0
4390 0
4391 0
4392 0
4393 0
4394 0
4395 0
4396 0
4397 0
4398 0
4399 0
4400 0
4401 0
4402 0
4403 0
4404 0
4405 0
4406 0
4407 0
4408 0
4409 0
4410 0
4411 0
4412 0
4413 0
4414 0
4415 0
4416 0
4417 0
4418 0
4419 0
4420 0
4421 0
4422 0
4423 0
4424 0
4425 0
4426 0
4427 0
4428 0
4429 0
4430 0
4431 0
4432 0
4433 0
4434 0
4435 0
4436 0
4437 0
4438 0
4439 0
4440 0
4441 0
4442 0
4443 0
4444 0
4445 0
4446 0
4447 0
4448 0
4449 0
4450 0
4451 0
4452 0
4453 0
4454 0
4455 0
4456 0
4457 0
4458 0
4459 0
4460 0
4461 0
4462 0
4463 0
4464 0
4465 0
4466 0
4467 0
4468 0
4469 0
4470 0
4471 0
4472 0
4473 0
4474 0
4475 0
4476 0
4477 0
4478 0
4479 0
4480 0
4481 0
4482 0
4483 0
4484 0
4485 0
4486 0
4487 0
4488 0
4489 0
4490 0
4491 0
4492 0
4493 0
4494 0
4495 0
4496 0
4497 0
4498 0
4499 0
4500 0
4501 0
4502 0
4503 0
4504 0
4505 0
4506 0
4507 0
4508 0
4509 0
4510 0
4511 0
4512 0
4513 0
4514 0
4515 0
4516 0
4517 0
4518 0
4519 0
4520 0
4521 0
4522 0
4523 0
4524 0
4525 0
4526 0
4527 0
4528 0
4529 0
4530 0
4531 0
4532 0
4533 0
4534 0
4535 0
4536 0
4537 0
4538 0
4539 0
4540 0
4541 0
4542 0
4543 0
4544 0
4545 0
4546 0
4547 0
4548 0
4549 0
4550 0
4551 0
4552 0
4553 0
4554 0
4555 0
4556 0
4557 0
4558 0
4559 0
4560 0
4561 0
4562 0
4563 0
4564 0
4565 0
4566 0
4567 0
4568 0
4569 0
4570 0
4571 0
4572 0
4573 0
4574 0
4575 0
4576 0
4577 0
4578 0
4579 0
4580 0
4581 0
4582 0
4583 0
4584 0
4585 0
4586 0
4587 0
4588 0
4589 0
4590 0
4591 0
4592 0
4593 0
4594 0
4595 0
4596 0
4597 0
4598 0
4599 0
4600 0
4601 0
4602 0
4603 0
4604 0
4605 0
4606 0
4607 0
4608 0
4609 0
4610 0
4611 0
4612 0
4613 0
4614 0
4615 0
4616 0
4617 0
4618 0
4619 0
4620 0
4621 0
4622 0
4623 0
4624 0
4625 0
4626 0
4627 0
4628 0
4629 0
4630 0
4631 0
4632 0
4633 0
4634 0
4635 0
4636 0
4637 0
4638 0
4639 0
4640 0
4641 0
4642 0
4643 0
4644 0
4645 0
4646 0
4647 0
4648 0
4649 0
4650 0
4651 0
4652 0
4653 0
4654 0
4655 0
4656 0
4657 0
4658 0
4659 0
4660 0
4661 0
4662 0
4663 0
4664 0
4665 0
4666 0
4667 0
4668 0
4669 0
4670 0
4671 0
4672 0
4673 0
4674 0
4675 0
4676 0
4677 0
4678 0
4679 0
4680 0
4681 0
4682 0
4683 0
4684 0
4685 0
4686 0
4687 0
4688 0
4689 0
4690 0
4691 0
4692 0
4693 0
4694 0
4695 0
4696 0
4697 0
4698 0
4699 0
4700 0
4701 0
4702 0
4703 0
4704 0
4705 0
4706 0
4707 0
4708 0
4709 0
4710 0
4711 0
4712 0
4713 0
4714 0
4715 0
4716 0
4717 0
4718 0
4719 0
4720 0
4721 0
4722 0
4723 0
4724 0
4725 0
4726 0
4727 0
4728 0
4729 0
4730 0
4731 0
4732 0
4733 0
4734 0
4735 0
4736 0
4737 0
4738 0
4739 0
4740 0
4741 0
4742 0
4743 0
4744 0
4745 0
4746 0
4747 0
4748 0
4749 0
4750 0
4751 0
4752 0
4753 0
4754 0
4755 0
4756 0
4757 0
4758 0
4759 0
4760 0
4761 0
4762 0
4763 0
4764 0
4765 0
4766 0
4767 0
4768 0
4769 0
4770 0
4771 0
4772 0
4773 0
4774 0
4775 0
4776 0
4777 0
4778 0
4779 0
4780 0
4781 0
4782 0
4783 0
4784 0
4785 0
4786 0
4787 0
4788 0
4789 0
4790 0
4791 0
4792 0
4793 0
4794 0
4795 0
4796 0
4797 0
4798 0
4799 0
4800 0
4801 0
4802 0
4803 0
4804 0
4805 0
4806 0
4807 0
4808 0
4809 0
4810 0
4811 0
4812 0
4813 0
4814 0
4815 0
4816 0
4817 0
4818 0
4819 0
4820 0
4821 0
4822 0
4823 0
4824 0
4825 0
4826 0
4827 0
4828 0
4829 0
4830 0
4831 0
4832 0
4833 0
4834 0
4835 0
4836 0
4837 0
4838 0
4839 0
4840 0
4841 0
4842 0
4843 0
4844 0
4845 0
4846 0
4847 0
4848 0
4849 0
4850 0
4851 0
4852 0
4853 0
4854 0
4855 0
4856 0
4857 0
4858 0
4859 0
4860 0
4861 0
4862 0
4863 0
4864 0
4865 0
4866 0
4867 0
4868 0
4869 0
4870 0
4871 0
4872 0
4873 0
4874 0
4875 0
4876 0
4877 0
4878 0
4879 0
4880 0
4881 0
4882 0
4883 0
4884 0
4885 0
4886 0
4887 0
4888 0
4889 0
4890 0
4891 0
4892 0
4893 0
4894 0
4895 0
4896 0
4897 0
4898 0
4899 0
4900 0
4901 0
4902 0
4903 0
4904 0
4905 0
4906 0
4907 0
4908 0
4909 0
4910 0
4911 0
4912 0
4913 0
4914 0
4915 0
4916 0
4917 0
4918 0
4919 0
4920 0
4921 0
4922 0
4923 0
4924 0
4925 0
4926 0
4927 0
4928 0
4929 0
4930 0
4931 0
4932 0
4933 0
4934 0
4935 0
4936 0
4937 0
4938 0
4939 0
4940 0
4941 0
4942 0
4943 0
4944 0
4945 0
4946 0
4947 0
4948 0
4949 0
4950 0
4951 0
4952 0
4953 0
4954 0
4955 0
4956 0
4957 0
4958 0
4959 0
4960 0
4961 0
4962 0
4963 0
4964 0
4965 0
4966 0
4967 0
4968 0
4969 0
4970 0
4971 0
4972 0
4973 0
4974 0
4975 0
4976 0
4977 0
4978 0
4979 0
4980 0
4981 0
4982 0
4983 0
4984 0
4985 0
4986 0
4987 0
4988 0
4989 0
4990 0
4991 0
4992 0
4993 0
4994 0
4995 0
4996 0
4997 0
4998 0
4999 0
5000 0
5001 0
5002 0
5003 0
5004 0
5005 0
5006 0
5007 0
5008 0
5009 0
5010 0
5011 0
5012 0
5013 0
5014 0
5015 0
5016 0
5017 0
5018 0
5019 0
5020 0
5021 0
5022 0
5023 0
5024 0
5025 0
5026 0
5027 0
5028 0
5029 0
5030 0
5031 0
5032 0
5033 0
5034 0
5035 0
5036 0
5037 0
5038 0
5039 0
5040 0
5041 0
5042 0
5043 0
5044 0
5045 0
5046 0
5047 0
5048 0
5049 0
5050 0
5051 0
5052 0
5053 0
5054 0
5055 0
5056 0
5057 0
5058 0
5059 0
5060 0
5061 0
5062 0
5063 0
5064 0
5065 0
5066 0
5067 0
5068 0
5069 0
5070 0
5071 0
5072 0
5073 0
5074 0
5075 0
5076 0
5077 0
5078 0
5079 0
5080 0
5081 0
5082 0
5083 0
5084 0
5085 0
5086 0
5087 0
5088 0
5089 0
5090 0
5091 0
5092 0
5093 0
5094 0
5095 0
5096 0
5097 0
5098 0
5099 0
5100 0
5101 0
5102 0
5103 0
5104 0
5105 0
5106 0
5107 0
5108 0
5109 0
5110 0
5111 0
5112 0
5113 0
5114 0
5115 0
5116 0
5117 0
5118 0
5119 0
5120 0
5121 0
5122 0
5123 0
5124 0
5125 0
5126 0
5127 0
5128 0
5129 0
5130 0
5131 0
5132 0
5133 0
5134 0
5135 0
5136 0
5137 0
5138 0
5139 0
5140 0
5141 0
5142 0
5143 0
5144 0
5145 0
5146 0
5147 0
5148 0
5149 0
5150 0
5151 0
5152 0
5153 0
5154 0
5155 0
5156 0
5157 0
5158 0
5159 0
5160 0
5161 0
5162 0
5163 0
5164 0
5165 0
5166 0
5167 0
5168 0
5169 0
5170 0
5171 0
5172 0
5173 0
5174 0
5175 0
5176 0
5177 0
5178 0
5179 0
5180 0
5181 0
5182 0
5183 0
5184 0
5185 0
5186 0
5187 0
5188 0
5189 0
5190 0
5191 0
5192 0
5193 0
5194 0
5195 0
5196 0
5197 0
5198 0
5199 0
5200 0
5201 0
5202 0
5203 0
5204 0
5205 0
5206 0
5207 0
5208 0
5209 0
5210 0
5211 0
5212 0
5213 0
5214 0
5215 0
5216 0
5217 0
5218 0
5219 0
5220 0
5221 0
5222 0
5223 0
5224 0
5225 0
5226 0
5227 0
5228 0
5229 0
5230 0
5231 0
5232 0
5233 0
5234 0
5235 0
5236 0
5237 0
5238 0
5239 0
5240 0
5241 0
5242 0
5243 0
5244 0
5245 0
5246 0
5247 0
5248 0
5249 0
5250 0
5251 0
5252 0
5253 0
5254 0
5255 0
5256 0
5257 0
5258 0
5259 0
5260 0
5261 0
5262 0
5263 0
5264 0
5265 0
5266 0
5267 0
5268 0
5269 0
5270 0
5271 0
5272 0
5273 0
5274 0
5275 0
5276 0
5277 0
5278 0
5279 0
5280 0
5281 0
5282 0
5283 0
5284 0
5285 0
5286 0
5287 0
5288 0
5289 0
5290 0
5291 0
5292 0
5293 0
5294 0
5295 0
5296 0
5297 0
5298 0
5299 0
5300 0
5301 0
5302 0
5303 0
5304 0
5305 0
5306 0
5307 0
5308 0
5309 0
5310 0
5311 0
5312 0
5313 0
5314 0
5315 0
5316 0
5317 0
5318 0
5319 0
5320 0
5321 0
5322 0
5323 0
5324 0
5325 0
5326 0
5327 0
5328 0
5329 0
5330 0
5331 0
5332 0
5333 0
5334 0
5335 0
5336 0
5337 0
5338 0
5339 0
5340 0
5341 0
5342 0
5343 0
5344 0
5345 0
5346 0
5347 0
5348 0
5349 0
5350 0
5351 0
5352 0
5353 0
5354 0
5355 0
5356 0
5357 0
5358 0
5359 0
5360 0
5361 0
5362 0
5363 0
5364 0
5365 0
5366 0
5367 0
5368 0
5369 0
5370 0
5371 0
5372 0
5373 0
5374 0
5375 0
5376 0
5377 0
5378 0
5379 0
5380 0
5381 0
5382 0
5383 0
5384 0
5385 0
5386 0
5387 0
5388 0
5389 0
5390 0
5391 0
5392 0
5393 0
5394 0
5395 0
5396 0
5397 0
5398 0
5399 0
5400 0
5401 0
5402 0
5403 0
5404 0
5405 0
5406 0
5407 0
5408 0
5409 0
5410 0
5411 0
5412 0
5413 0
5414 0
5415 0
5416 0
5417 0
5418 0
5419 0
5420 0
5421 0
5422 0
5423 0
5424 0
5425 0
5426 0
5427 0
5428 0
5429 0
5430 0
5431 0
5432 0
5433 0
5434 0
5435 0
5436 0
5437 0
5438 0
5439 0
5440 0
5441 0
5442 0
5443 0
5444 0
5445 0
5446 0
5447 0
5448 0
5449 0
5450 0
5451 0
5452 0
5453 0
5454 0
5455 0
5456 0
5457 0
5458 0
5459 0
5460 0
5461 0
5462 0
5463 0
5464 0
5465 0
5466 0
5467 0
5468 0
5469 0
5470 0
5471 0
5472 0
5473 0
5474 0
5475 0
5476 0
5477 0
5478 0
5479 0
5480 0
5481 0
5482 0
5483 0
5484 0
5485 0
5486 0
5487 0
5488 0
5489 0
5490 0
5491 0
5492 0
5493 0
5494 0
5495 0
5496 0
5497 0
5498 0
5499 0
5500 0
5501 0
5502 0
5503 0
5504 0
5505 0
5506 0
5507 0
5508 0
5509 0
5510 0
5511 0
5512 0
5513 0
5514 0
5515 0
5516 0
5517 0
5518 0
5519 0
5520 0
5521 0
5522 0
5523 0
5524 0
5525 0
5526 0
5527 0
5528 0
5529 0
5530 0
5531 0
5532 0
5533 0
5534 0
5535 0
5536 0
5537 0
5538 0
5539 0
5540 0
5541 0
5542 0
5543 0
5544 0
5545 0
5546 0
5547 0
5548 0
5549 0
5550 0
5551 0
5552 0
5553 0
5554 0
5555 0
5556 0
5557 0
5558 0
5559 0
5560 0
5561 0
5562 0
5563 0
5564 0
5565 0
5566 0
5567 0
5568 0
5569 0
5570 0
5571 0
5572 0
5573 0
5574 0
5575 0
5576 0
5577 0
5578 0
5579 0
5580 0
5581 0
5582 0
5583 0
5584 0
5585 0
5586 0
5587 0
5588 0
5589 0
5590 0
5591 0
5592 0
5593 0
5594 0
5595 0
5596 0
5597 0
5598 0
5599 0
5600 0
5601 0
5602 0
5603 0
5604 0
5605 0
5606 0
5607 0
5608 0
5609 0
5610 0
5611 0
5612 0
5613 0
5614 0
5615 0
5616 0
5617 0
5618 0
5619 0
5620 0
5621 0
5622 0
5623 0
5624 0
5625 0
5626 0
5627 0
5628 0
5629 0
5630 0
5631 0
5632 0
5633 0
5634 0
5635 0
5636 0
5637 0
5638 0
5639 0
5640 0
5641 0
5642 0
5643 0
5644 0
5645 0
5646 0
5647 0
5648 0
5649 0
5650 0
5651 0
5652 0
5653 0
5654 0
5655 0
5656 0
5657 0
5658 0
5659 0
5660 0
5661 0
5662 0
5663 0
5664 0
5665 0
5666 0
5667 0
5668 0
5669 0
5670 0
5671 0
5672 0
5673 0
5674 0
5675 0
5676 0
5677 0
5678 0
5679 0
5680 0
5681 0
5682 0
5683 0
5684 0
5685 0
5686 0
5687 0
5688 0
5689 0
5690 0
5691 0
5692 0
5693 0
5694 0
5695 0
5696 0
5697 0
5698 0
5699 0
5700 0
5701 0
5702 0
5703 0
5704 0
5705 0
5706 0
5707 0
5708 0
5709 0
5710 0
5711 0
5712 0
5713 0
5714 0
5715 0
5716 0
5717 0
5718 0
5719 0
5720 0
5721 0
5722 0
5723 0
5724 0
5725 0
5726 0
5727 0
5728 0
5729 0
5730 0
5731 0
5732 0
5733 0
5734 0
5735 0
5736 0
5737 0
5738 0
5739 0
5740 0
5741 0
5742 0
5743 0
5744 0
5745 0
5746 0
5747 0
5748 0
5749 0
5750 0
5751 0
5752 0
5753 0
5754 0
5755 0
5756 0
5757 0
5758 0
5759 0
5760 0
5761 0
5762 0
5763 0
5764 0
5765 0
5766 0
5767 0
5768 0
5769 0
5770 0
5771 0
5772 0
5773 0
5774 0
5775 0
5776 0
5777 0
5778 0
5779 0
5780 0
5781 0
5782 0
5783 0
5784 0
5785 0
5786 0
5787 0
5788 0
5789 0
5790 0
5791 0
5792 0
5793 0
5794 0
5795 0
5796 0
5797 0
5798 0
5799 0
5800 0
5801 0
5802 0
5803 0
5804 0
5805 0
5806 0
5807 0
5808 0
5809 0
5810 0
5811 0
5812 0
5813 0
5814 0
5815 0
5816 0
5817 0
5818 0
5819 0
5820 0
5821 0
5822 0
5823 0
5824 0
5825 0
5826 0
5827 0
5828 0
5829 0
5830 0
5831 0
5832 0
5833 0
5834 0
5835 0
5836 0
5837 0
5838 0
5839 0
5840 0
5841 0
5842 0
5843 0
5844 0
5845 0
5846 0
5847 0
5848 0
5849 0
5850 0
5851 0
5852 0
5853 0
5854 0
5855 0
5856 0
5857 0
5858 0
5859 0
5860 0
5861 0
5862 0
5863 0
5864 0
5865 0
5866 0
5867 0
5868 0
5869 0
5870 0
5871 0
5872 0
5873 0
5874 0
5875 0
5876 0
5877 0
5878 0
5879 0
5880 0
5881 0
5882 0
5883 0
5884 0
5885 0
5886 0
5887 0
5888 0
5889 0
5890 0
5891 0
5892 0
5893 0
5894 0
5895 0
5896 0
5897 0
5898 0
5899 0
5900 0
5901 0
5902 0
5903 0
5904 0
5905 0
5906 0
5907 0
5908 0
5909 0
5910 0
5911 0
5912 0
5913 0
5914 0
5915 0
5916 0
5917 0
5918 0
5919 0
5920 0
5921 0
5922 0
5923 0
5924 0
5925 0
5926 0
5927 0
5928 0
5929 0
5930 0
5931 0
5932 0
5933 0
5934 0
5935 0
5936 0
5937 0
5938 0
5939 0
5940 0
5941 0
5942 0
5943 0
5944 0
5945 0
5946 0
5947 0
5948 0
5949 0
5950 0
5951 0
5952 0
5953 0
5954 0
5955 0
5956 0
5957 0
5958 0
5959 0
5960 0
5961 0
5962 0
5963 0
5964 0
5965 0
5966 0
5967 0
5968 0
5969 0
5970 0
5971 0
5972 0
5973 0
5974 0
5975 0
5976 0
5977 0
5978 0
5979 0
5980 0
5981 0
5982 0
5983 0
5984 0
5985 0
5986 0
5987 0
5988 0
5989 0
5990 0
5991 0
5992 0
5993 0
5994 0
5995 0
5996 0
5997 0
5998 0
5999 0
6000 0
6001 0
6002 0
6003 0
6004 0
6005 0
6006 0
6007 0
6008 0
6009 0
6010 0
6011 0
6012 0
6013 0
6014 0
6015 0
6016 0
6017 0
6018 0
6019 0
6020 0
6021 0
6022 0
6023 0
6024 0
6025 0
6026 0
6027 0
6028 0
6029 0
6030 0
6031 0
6032 0
6033 0
6034 0
6035 0
6036 0
6037 0
6038 0
6039 0
6040 0
6041 0
6042 0
6043 0
6044 0
6045 0
6046 0
6047 0
6048 0
6049 0
6050 0
6051 0
6052 0
6053 0
6054 0
6055 0
6056 0
6057 0
6058 0
6059 0
6060 0
6061 0
6062 0
6063 0
6064 0
6065 0
6066 0
6067 0
6068 0
6069 0
6070 0
6071 0
6072 0
6073 0
6074 0
6075 0
6076 0
6077 0
6078 0
6079 0
6080 0
6081 0
6082 0
6083 0
6084 0
6085 0
6086 0
6087 0
6088 0
6089 0
6090 0
6091 0
6092 0
6093 0
6094 0
6095 0
6096 0
6097 0
6098 0
6099 0
6100 0
6101 0
6102 0
6103 0
6104 0
6105 0
6106 0
6107 0
6108 0
6109 0
6110 0
6111 0
6112 0
6113 0
6114 0
6115 0
6116 0
6117 0
6118 0
6119 0
6120 0
6121 0
6122 0
6123 0
6124 0
6125 0
6126 0
6127 0
6128 0
6129 0
6130 0
6131 0
6132 0
6133 0
6134 0
6135 0
6136 0
6137 0
6138 0
6139 0
6140 0
6141 0
6142 0
6143 0
6144 0
6145 0
6146 0
6147 0
6148 0
6149 0
6150 0
6151 0
6152 0
6153 0
6154 0
6155 0
6156 0
6157 0
6158 0
6159 0
6160 0
6161 0
6162 0
6163 0
6164 0
6165 0
6166 0
6167 0
6168 0
6169 0
6170 0
6171 0
6172 0
6173 0
6174 0
6175 0
6176 0
6177 0
6178 0
6179 0
6180 0
6181 0
6182 0
6183 0
6184 0
6185 0
6186 0
6187 0
6188 0
6189 0
6190 0
6191 0
6192 0
6193 0
6194 0
6195 0
6196 0
6197 0
6198 0
6199 0
6200 0
6201 0
6202 0
6203 0
6204 0
6205 0
6206 0
6207 0
6208 0
6209 0
6210 0
6211 0
6212 0
6213 0
6214 0
6215 0
6216 0
6217 0
6218 0
6219 0
6220 0
6221 0
6222 0
6223 0
6224 0
6225 0
6226 0
6227 0
6228 0
6229 0
6230 0
6231 0
6232 0
6233 0
6234 0
6235 0
6236 0
6237 0
6238 0
6239 0
6240 0
6241 0
6242 0
6243 0
6244 0
6245 0
6246 0
6247 0
6248 0
6249 0
6250 0
6251 0
6252 0
6253 0
6254 0
6255 0
6256 0
6257 0
6258 0
6259 0
6260 0
6261 0
6262 0
6263 0
6264 0
6265 0
6266 0
6267 0
6268 0
6269 0
6270 0
6271 0
6272 0
6273 0
6274 0
6275 0
6276 0
6277 0
6278 0
6279 0
6280 0
6281 0
6282 0
6283 0
6284 0
6285 0
6286 0
6287 0
6288 0
6289 0
6290 0
6291 0
6292 0
6293 0
6294 0
6295 0
6296 0
6297 0
6298 0
6299 0
6300 0
6301 0
6302 0
6303 0
6304 0
6305 0
6306 0
6307 0
6308 0
6309 0
6310 0
6311 0
6312 0
6313 0
6314 0
6315 0
6316 0
6317 0
6318 0
6319 0
6320 0
6321 0
6322 0
6323 0
6324 0
6325 0
6326 0
6327 0
6328 0
6329 0
6330 0
6331 0
6332 0
6333 0
6334 0
6335 0
6336 0
6337 0
6338 0
6339 0
6340 0
6341 0
6342 0
6343 0
6344 0
6345 0
6346 0
6347 0
6348 0
6349 0
6350 0
6351 0
6352 0
6353 0
6354 0
6355 0
6356 0
6357 0
6358 0
6359 0
6360 0
6361 0
6362 0
6363 0
6364 0
6365 0
6366 0
6367 0
6368 0
6369 0
6370 0
6371 0
6372 0
6373 0
6374 0
6375 0
6376 0
6377 0
6378 0
6379 0
6380 0
6381 0
6382 0
6383 0
6384 0
6385 0
6386 0
6387 0
6388 0
6389 0
6390 0
6391 0
6392 0
6393 0
6394 0
6395 0
6396 0
6397 0
6398 0
6399 0
6400 0
6401 0
6402 0
6403 0
6404 0
6405 0
6406 0
6407 0
6408 0
6409 0
6410 0
6411 0
6412 0
6413 0
6414 0
6415 0
6416 0
6417 0
6418 0
6419 0
6420 0
6421 0
6422 0
6423 0
6424 0
6425 0
6426 0
6427 0
6428 0
6429 0
6430 0
6431 0
6432 0
6433 0
6434 0
6435 0
6436 0
6437 0
6438 0
6439 0
6440 0
6441 0
6442 0
6443 0
6444 0
6445 0
6446 0
6447 0
6448 0
6449 0
6450 0
6451 0
6452 0
6453 0
6454 0
6455 0
6456 0
6457 0
6458 0
6459 0
6460 0
6461 0
6462 0
6463 0
6464 0
6465 0
6466 0
6467 0
6468 0
6469 0
6470 0
6471 0
6472 0
6473 0
6474 0
6475 0
6476 0
6477 0
6478 0
6479 0
6480 0
6481 0
6482 0
6483 0
6484 0
6485 0
6486 0
6487 0
6488 0
6489 0
6490 0
6491 0
6492 0
6493 0
6494 0
6495 0
6496 0
6497 0
6498 0
6499 0
6500 0
6501 0
6502 0
6503 0
6504 0
6505 0
6506 0
6507 0
6508 0
6509 0
6510 0
6511 0
6512 0
6513 0
6514 0
6515 0
6516 0
6517 0
6518 0
6519 0
6520 0
6521 0
6522 0
6523 0
6524 0
6525 0
6526 0
6527 0
6528 0
6529 0
6530 0
6531 0
6532 0
6533 0
6534 0
6535 0
6536 0
6537 0
6538 0
6539 0
6540 0
6541 0
6542 0
6543 0
6544 0
6545 0
6546 0
6547 0
6548 0
6549 0
6550 0
6551 0
6552 0
6553 0
6554 0
6555 0
6556 0
6557 0
6558 0
6559 0
6560 0
6561 0
6562 0
6563 0
6564 0
6565 0
6566 0
6567 0
6568 0
6569 0
6570 0
6571 0
6572 0
6573 0
6574 0
6575 0
6576 0
6577 0
6578 0
6579 0
6580 0
6581 0
6582 0
6583 0
6584 0
6585 0
6586 0
6587 0
6588 0
6589 0
6590 0
6591 0
6592 0
6593 0
6594 0
6595 0
6596 0
6597 0
6598 0
6599 0
6600 0
6601 0
6602 0
6603 0
6604 0
6605 0
6606 0
6607 0
6608 0
6609 0
6610 0
6611 0
6612 0
6613 0
6614 0
6615 0
6616 0
6617 0
6618 0
6619 0
6620 0
6621 0
6622 0
6623 0
6624 0
6625 0
6626 0
6627 0
6628 0
6629 0
6630 0
6631 0
6632 0
6633 0
6634 0
6635 0
6636 0
6637 0
6638 0
6639 0
6640 0
6641 0
6642 0
6643 0
6644 0
6645 0
6646 0
6647 0
6648 0
6649 0
6650 0
6651 0
6652 0
6653 0
6654 0
6655 0
6656 0
6657 0
6658 0
6659 0
6660 0
6661 0
6662 0
6663 0
6664 0
6665 0
6666 0
6667 0
6668 0
6669 0
6670 0
6671 0
6672 0
6673 0
6674 0
6675 0
6676 0
6677 0
6678 0
6679 0
6680 0
6681 0
6682 0
6683 0
6684 0
6685 0
6686 0
6687 0
6688 0
6689 0
6690 0
6691 0
6692 0
6693 0
6694 0
6695 0
6696 0
6697 0
6698 0
6699 0
6700 0
6701 0
6702 0
6703 0
6704 0
6705 0
6706 0
6707 0
6708 0
6709 0
6710 0
6711 0
6712 0
6713 0
6714 0
6715 0
6716 0
6717 0
6718 0
6719 0
6720 0
6721 0
6722 0
6723 0
6724 0
6725 0
6726 0
6727 0
6728 0
6729 0
6730 0
6731 0
6732 0
6733 0
6734 0
6735 0
6736 0
6737 0
6738 0
6739 0
6740 0
6741 0
6742 0
6743 0
6744 0
6745 0
6746 0
6747 0
6748 0
6749 0
6750 0
6751 0
6752 0
6753 0
6754 0
6755 0
6756 0
6757 0
6758 0
6759 0
6760 0
6761 0
6762 0
6763 0
6764 0
6765 0
6766 0
6767 0
6768 0
6769 0
6770 0
6771 0
6772 0
6773 0
6774 0
6775 0
6776 0
6777 0
6778 0
6779 0
6780 0
6781 0
6782 0
6783 0
6784 0
6785 0
6786 0
6787 0
6788 0
6789 0
6790 0
6791 0
6792 0
6793 0
6794 0
6795 0
6796 0
6797 0
6798 0
6799 0
6800 0
6801 0
6802 0
6803 0
6804 0
6805 0
6806 0
6807 0
6808 0
6809 0
6810 0
6811 0
6812 0
6813 0
6814 0
6815 0
6816 0
6817 0
6818 0
6819 0
6820 0
6821 0
6822 0
6823 0
6824 0
6825 0
6826 0
6827 0
6828 0
6829 0
6830 0
6831 0
6832 0
6833 0
6834 0
6835 0
6836 0
6837 0
6838 0
6839 0
6840 0
6841 0
6842 0
6843 0
6844 0
6845 0
6846 0
6847 0
6848 0
6849 0
6850 0
6851 0
6852 0
6853 0
6854 0
6855 0
6856 0
6857 0
6858 0
6859 0
6860 0
6861 0
6862 0
6863 0
6864 0
6865 0
6866 0
6867 0
6868 0
6869 0
6870 0
6871 0
6872 0
6873 0
6874 0
6875 0
6876 0
6877 0
6878 0
6879 0
6880 0
6881 0
6882 0
6883 0
6884 0
6885 0
6886 0
6887 0
6888 0
6889 0
6890 0
6891 0
6892 0
6893 0
6894 0
6895 0
6896 0
6897 0
6898 0
6899 0
6900 0
6901 0
6902 0
6903 0
6904 0
6905 0
6906 0
6907 0
6908 0
6909 0
6910 0
6911 0
6912 0
6913 0
6914 0
6915 0
6916 0
6917 0
6918 0
6919 0
6920 0
6921 0
6922 0
6923 0
6924 0
6925 0
6926 0
6927 0
6928 0
6929 0
6930 0
6931 0
6932 0
6933 0
6934 0
6935 0
6936 0
6937 0
6938 0
6939 0
6940 0
6941 0
6942 0
6943 0
6944 0
6945 0
6946 0
6947 0
6948 0
6949 0
6950 0
6951 0
6952 0
6953 0
6954 0
6955 0
6956 0
6957 0
6958 0
6959 0
6960 0
6961 0
6962 0
6963 0
6964 0
6965 0
6966 0
6967 0
6968 0
6969 0
6970 0
6971 0
6972 0
6973 0
6974 0
6975 0
6976 0
6977 0
6978 0
6979 0
6980 0
6981 0
6982 0
6983 0
6984 0
6985 0
6986 0
6987 0
6988 0
6989 0
6990 0
6991 0
6992 0
6993 0
6994 0
6995 0
6996 0
6997 0
6998 0
6999 0
7000 0
7001 0
7002 0
7003 0
7004 0
7005 0
7006 0
7007 0
7008 0
7009 0
7010 0
7011 0
7012 0
7013 0
7014 0
7015 0
7016 0
7017 0
7018 0
7019 0
7020 0
7021 0
7022 0
7023 0
7024 0
7025 0
7026 0
7027 0
7028 0
7029 0
7030 0
7031 0
7032 0
7033 0
7034 0
7035 0
7036 0
7037 0
7038 0
7039 0
7040 0
7041 0
7042 0
7043 0
7044 0
7045 0
7046 0
7047 0
7048 0
7049 0
7050 0
7051 0
7052 0
7053 0
7054 0
7055 0
7056 0
